Time (Sec);S11;S12;S14;S26;S3;S38;S4;S40;S41;S42;S46;S47;S48;S5;S54;S8;
0.0;1000.0;999.9999;999.9999;999.9999;1000.0;999.9999;1000.0;999.9999;999.9999;999.9999;999.9999;999.9999;999.9999;999.9999;999.9999;999.9999;
1.0;999.9384000000003;999.9119000000001;999.5599;999.5599;999.9384000000003;999.9119000000001;999.9824000000001;999.9119000000001;999.3839;999.3839;999.3839;999.3839;999.5599;999.3839;999.5599;999.9119000000001;
2.0;999.9296000000004;999.9119000000001;999.5599;999.5599;999.9296000000004;999.9119000000001;999.9648000000002;999.9119000000001;999.3839;999.3839;999.3839;999.3839;999.5599;999.3839;999.5599;999.9119000000001;
3.0;999.9208000000004;999.9119000000001;999.5599;999.5599;999.9208000000004;999.9119000000001;999.9472000000003;999.9119000000001;999.3839;999.3839;999.3839;999.3839;999.5599;999.3839;999.5599;999.9119000000001;
3.005376060111318;999.9208000000004;999.9119000000001;999.5599;999.5599;999.9208000000004;999.9119000000001;999.9472000000003;999.9119000000001;999.3839;999.3839;999.3839;999.3839;999.5599;999.3839;999.5599;999.9119000000001;
4.0;999.9120000000005;999.9119000000001;999.5599;999.5599;999.9120000000005;999.9119000000001;999.9296000000004;999.9119000000001;999.3839;999.3839;999.3839;999.3839;999.5599;999.3839;999.5599;999.9119000000001;
5.000000000000001;999.9032000000005;999.9119000000001;999.5599;999.5599;999.9032000000005;999.9119000000001;999.9120000000005;999.9119000000001;999.3839;999.3839;999.3839;999.3839;999.5599;999.3839;999.5599;999.9119000000001;
5.0054227398175986;999.9032000000005;999.9119000000001;999.5599;999.5599;999.9032000000005;999.9119000000001;999.9120000000005;999.9119000000001;999.3839;999.3839;999.3839;999.3839;999.5599;999.3839;999.5599;999.9119000000001;
6.000000000000001;999.8944000000006;999.9119000000001;999.5599;999.5599;999.8944000000006;999.9119000000001;999.8944000000006;999.9119000000001;999.3839;999.3839;999.3839;999.3839;999.5599;999.3839;999.5599;999.9119000000001;
7.000000000000001;999.8944000000006;999.9119000000001;999.5599;999.5599;999.8944000000006;999.9119000000001;999.8944000000006;999.9119000000001;999.3839;999.3839;999.3839;999.3839;999.5599;999.3839;999.5599;999.9119000000001;
8.0;999.8944000000006;999.9119000000001;999.5599;999.5599;999.8944000000006;999.9119000000001;999.8944000000006;999.9119000000001;999.3839;999.3839;999.3839;999.3839;999.5599;999.3839;999.5599;999.9119000000001;
9.0;999.8944000000006;999.9119000000001;999.5599;999.5599;999.8944000000006;999.9119000000001;999.8944000000006;999.9119000000001;999.3839;999.3839;999.3839;999.3839;999.5599;999.3839;999.5599;999.9119000000001;
10.0;999.8944000000006;999.9119000000001;999.5599;999.5599;999.8944000000006;999.9119000000001;999.8944000000006;999.9119000000001;999.3839;999.3839;999.3839;999.3839;999.5599;999.3839;999.5599;999.9119000000001;
11.0;999.8944000000006;999.9119000000001;999.5599;999.5599;999.8944000000006;999.9119000000001;999.8944000000006;999.9119000000001;999.3839;999.3839;999.3839;999.3839;999.5599;999.3839;999.5599;999.9119000000001;
12.0;999.8944000000006;999.9119000000001;999.5599;999.5599;999.8944000000006;999.9119000000001;999.8944000000006;999.9119000000001;999.3839;999.3839;999.3839;999.3839;999.5599;999.3839;999.5599;999.9119000000001;
13.0;999.8944000000006;999.9119000000001;999.5599;999.5599;999.8944000000006;999.9119000000001;999.8944000000006;999.9119000000001;999.3839;999.3839;999.3839;999.3839;999.5599;999.3839;999.5599;999.9119000000001;
14.0;999.8944000000006;999.9119000000001;999.5599;999.5599;999.8944000000006;999.9119000000001;999.8944000000006;999.9119000000001;999.3839;999.3839;999.3839;999.3839;999.5599;999.3839;999.5599;999.9119000000001;
15.0;999.8944000000006;999.9119000000001;999.5599;999.5599;999.8944000000006;999.9119000000001;999.8944000000006;999.9119000000001;999.3839;999.3839;999.3839;999.3839;999.5599;999.3839;999.5599;999.9119000000001;
16.0;999.8944000000006;999.9119000000001;999.5599;999.5599;999.8944000000006;999.9119000000001;999.8944000000006;999.9119000000001;999.3839;999.3839;999.3839;999.3839;999.5599;999.3839;999.5599;999.9119000000001;
17.0;999.8944000000006;999.9119000000001;999.5599;999.5599;999.8944000000006;999.9119000000001;999.8944000000006;999.9119000000001;999.3839;999.3839;999.3839;999.3839;999.5599;999.3839;999.5599;999.9119000000001;
18.0;999.8944000000006;999.9119000000001;999.5599;999.5599;999.8944000000006;999.9119000000001;999.8944000000006;999.9119000000001;999.3839;999.3839;999.3839;999.3839;999.5599;999.3839;999.5599;999.9119000000001;
19.0;999.8944000000006;999.9119000000001;999.5599;999.5599;999.8944000000006;999.9119000000001;999.8944000000006;999.9119000000001;999.3839;999.3839;999.3839;999.3839;999.5599;999.3839;999.5599;999.9119000000001;
20.0;999.8944000000006;999.9119000000001;999.5599;999.5599;999.8944000000006;999.9119000000001;999.8944000000006;999.9119000000001;999.3839;999.3839;999.3839;999.3839;999.5599;999.3839;999.5599;999.9119000000001;
21.0;999.8944000000006;999.9119000000001;999.5599;999.5599;999.8944000000006;999.9119000000001;999.8944000000006;999.9119000000001;999.3839;999.3839;999.3839;999.3839;999.5599;999.3839;999.5599;999.9119000000001;
22.0;999.8944000000006;999.9119000000001;999.5599;999.5599;999.8944000000006;999.9119000000001;999.8944000000006;999.9119000000001;999.3839;999.3839;999.3839;999.3839;999.5599;999.3839;999.5599;999.9119000000001;
23.0;999.8944000000006;999.9119000000001;999.5599;999.5599;999.8944000000006;999.9119000000001;999.8944000000006;999.9119000000001;999.3839;999.3839;999.3839;999.3839;999.5599;999.3839;999.5599;999.9119000000001;
24.0;999.8944000000006;999.9119000000001;999.5599;999.5599;999.8944000000006;999.9119000000001;999.8944000000006;999.9119000000001;999.3839;999.3839;999.3839;999.3839;999.5599;999.3839;999.5599;999.9119000000001;
25.0;999.8944000000006;999.9119000000001;999.5599;999.5599;999.8944000000006;999.9119000000001;999.8944000000006;999.9119000000001;999.3839;999.3839;999.3839;999.3839;999.5599;999.3839;999.5599;999.9119000000001;
26.0;999.8944000000006;999.9119000000001;999.5599;999.5599;999.8944000000006;999.9119000000001;999.8944000000006;999.9119000000001;999.3839;999.3839;999.3839;999.3839;999.5599;999.3839;999.5599;999.9119000000001;
27.0;999.8944000000006;999.9119000000001;999.5599;999.5599;999.8944000000006;999.9119000000001;999.8944000000006;999.9119000000001;999.3839;999.3839;999.3839;999.3839;999.5599;999.3839;999.5599;999.9119000000001;
28.0;999.8944000000006;999.9119000000001;999.5599;999.5599;999.8944000000006;999.9119000000001;999.8944000000006;999.9119000000001;999.3839;999.3839;999.3839;999.3839;999.5599;999.3839;999.5599;999.9119000000001;
29.0;999.8944000000006;999.9119000000001;999.5599;999.5599;999.8944000000006;999.9119000000001;999.8944000000006;999.9119000000001;999.3839;999.3839;999.3839;999.3839;999.5599;999.3839;999.5599;999.9119000000001;
29.999278838679984;999.8944000000006;999.9119000000001;999.5599;999.5599;999.8944000000006;999.9118000000001;999.8944000000006;999.9119000000001;999.3839;999.3839;999.3839;999.3839;999.5599;999.3839;999.5599;999.9119000000001;
29.999278838679984;999.8944000000006;999.9119000000001;999.5599;999.5599;999.8944000000006;999.8238000000001;999.8944000000006;999.9119000000001;999.3839;999.3839;999.3839;999.3839;999.5599;999.3839;999.5599;999.9119000000001;
30.0;999.8944000000006;999.9119000000001;999.5599;999.5599;999.8944000000006;999.8238000000001;999.8944000000006;999.9119000000001;999.3839;999.3839;999.3839;999.3839;999.5599;999.3839;999.5599;999.9119000000001;
30.000240944287313;999.8944000000006;999.9119000000001;999.5599;999.5599;999.8944000000006;999.8238000000001;999.8944000000006;999.9118000000001;999.3839;999.3839;999.3839;999.3839;999.5599;999.3839;999.5599;999.9119000000001;
30.000240944287313;999.8944000000006;999.9119000000001;999.5599;999.5599;999.8944000000006;999.8238000000001;999.8944000000006;999.8238000000001;999.3839;999.3839;999.3839;999.3839;999.5599;999.3839;999.5599;999.9119000000001;
30.000837867662412;999.8944000000006;999.9119000000001;999.5599;999.5599;999.8944000000006;999.8238000000001;999.8944000000006;999.8238000000001;999.3839;999.3839;999.3839;999.3839;999.5599;999.3839;999.5599;999.9118000000001;
30.000837867662412;999.8944000000006;999.9119000000001;999.5599;999.5599;999.8944000000006;999.8238000000001;999.8944000000006;999.8238000000001;999.3839;999.3839;999.3839;999.3839;999.5599;999.3839;999.5599;999.8238000000001;
30.001159829659272;999.8944000000006;999.9118000000001;999.5599;999.5599;999.8944000000006;999.8238000000001;999.8944000000006;999.8238000000001;999.3839;999.3839;999.3839;999.3839;999.5599;999.3839;999.5599;999.8238000000001;
30.001159829659272;999.8944000000006;999.8238000000001;999.5599;999.5599;999.8944000000006;999.8238000000001;999.8944000000006;999.8238000000001;999.3839;999.3839;999.3839;999.3839;999.5599;999.3839;999.5599;999.8238000000001;
30.004594838679985;999.8856000000006;999.8238000000001;999.5599;999.5599;999.8944000000006;999.8238000000001;999.8944000000006;999.8238000000001;999.3839;999.3839;999.3839;999.3839;999.5599;999.3839;999.5599;999.8238000000001;
30.004594838679985;999.8768000000007;999.8238000000001;999.5599;999.5599;999.8944000000006;999.8238000000001;999.8944000000006;999.8238000000001;999.3839;999.3839;999.3839;999.3839;999.5599;999.3839;999.5599;999.8238000000001;
31.0;999.8592000000008;999.8238000000001;999.5599;999.5599;999.8944000000006;999.8238000000001;999.8856000000006;999.8238000000001;999.3839;999.3839;999.3839;999.3839;999.5599;999.3839;999.5599;999.8238000000001;
31.004618178533125;999.8592000000008;999.8238000000001;999.5599;999.5599;999.8944000000006;999.8238000000001;999.8856000000006;999.8238000000001;999.3839;999.3839;999.3839;999.3839;999.5599;999.3839;999.5599;999.8238000000001;
32.0;999.8504000000008;999.8238000000001;999.5599;999.5599;999.8944000000006;999.8238000000001;999.8768000000007;999.8238000000001;999.3839;999.3839;999.3839;999.3839;999.5599;999.3839;999.5599;999.8238000000001;
33.0;999.8416000000009;999.8238000000001;999.5599;999.5599;999.8944000000006;999.8238000000001;999.8680000000007;999.8238000000001;999.3839;999.3839;999.3839;999.3839;999.5599;999.3839;999.5599;999.8238000000001;
33.0046648582394;999.8416000000009;999.8238000000001;999.5599;999.5599;999.8944000000006;999.8238000000001;999.8680000000007;999.8238000000001;999.3839;999.3839;999.3839;999.3839;999.5599;999.3839;999.5599;999.8238000000001;
34.0;999.8416000000009;999.8238000000001;999.5599;999.5599;999.8944000000006;999.8238000000001;999.8680000000007;999.8238000000001;999.3839;999.3839;999.3839;999.3839;999.5599;999.3839;999.5599;999.8238000000001;
35.0;999.8416000000009;999.8238000000001;999.5599;999.5599;999.8944000000006;999.8238000000001;999.8680000000007;999.8238000000001;999.3839;999.3839;999.3839;999.3839;999.5599;999.3839;999.5599;999.8238000000001;
36.0;999.8416000000009;999.8238000000001;999.5599;999.5599;999.8944000000006;999.8238000000001;999.8680000000007;999.8238000000001;999.3839;999.3839;999.3839;999.3839;999.5599;999.3839;999.5599;999.8238000000001;
37.0;999.8416000000009;999.8238000000001;999.5599;999.5599;999.8944000000006;999.8238000000001;999.8680000000007;999.8238000000001;999.3839;999.3839;999.3839;999.3839;999.5599;999.3839;999.5599;999.8238000000001;
38.0;999.8416000000009;999.8238000000001;999.5599;999.5599;999.8944000000006;999.8238000000001;999.8680000000007;999.8238000000001;999.3839;999.3839;999.3839;999.3839;999.5599;999.3839;999.5599;999.8238000000001;
39.0;999.8416000000009;999.8238000000001;999.5599;999.5599;999.8944000000006;999.8238000000001;999.8680000000007;999.8238000000001;999.3839;999.3839;999.3839;999.3839;999.5599;999.3839;999.5599;999.8238000000001;
40.0;999.8416000000009;999.8238000000001;999.5599;999.5599;999.8944000000006;999.8238000000001;999.8680000000007;999.8238000000001;999.3839;999.3839;999.3839;999.3839;999.5599;999.3839;999.5599;999.8238000000001;
41.0;999.8416000000009;999.8238000000001;999.5599;999.5599;999.8944000000006;999.8238000000001;999.8680000000007;999.8238000000001;999.3839;999.3839;999.3839;999.3839;999.5599;999.3839;999.5599;999.8238000000001;
42.0;999.8416000000009;999.8238000000001;999.5599;999.5599;999.8944000000006;999.8238000000001;999.8680000000007;999.8238000000001;999.3839;999.3839;999.3839;999.3839;999.5599;999.3839;999.5599;999.8238000000001;
43.0;999.8416000000009;999.8238000000001;999.5599;999.5599;999.8944000000006;999.8238000000001;999.8680000000007;999.8238000000001;999.3839;999.3839;999.3839;999.3839;999.5599;999.3839;999.5599;999.8238000000001;
44.0;999.8416000000009;999.8238000000001;999.5599;999.5599;999.8944000000006;999.8238000000001;999.8680000000007;999.8238000000001;999.3839;999.3839;999.3839;999.3839;999.5599;999.3839;999.5599;999.8238000000001;
45.0;999.8416000000009;999.8238000000001;999.5599;999.5599;999.8944000000006;999.8238000000001;999.8680000000007;999.8238000000001;999.3839;999.3839;999.3839;999.3839;999.5599;999.3839;999.5599;999.8238000000001;
46.0;999.8416000000009;999.8238000000001;999.5599;999.5599;999.8944000000006;999.8238000000001;999.8680000000007;999.8238000000001;999.3839;999.3839;999.3839;999.3839;999.5599;999.3839;999.5599;999.8238000000001;
47.0;999.8416000000009;999.8238000000001;999.5599;999.5599;999.8944000000006;999.8238000000001;999.8680000000007;999.8238000000001;999.3839;999.3839;999.3839;999.3839;999.5599;999.3839;999.5599;999.8238000000001;
48.0;999.8416000000009;999.8238000000001;999.5599;999.5599;999.8944000000006;999.8238000000001;999.8680000000007;999.8238000000001;999.3839;999.3839;999.3839;999.3839;999.5599;999.3839;999.5599;999.8238000000001;
49.0;999.8416000000009;999.8238000000001;999.5599;999.5599;999.8944000000006;999.8238000000001;999.8680000000007;999.8238000000001;999.3839;999.3839;999.3839;999.3839;999.5599;999.3839;999.5599;999.8238000000001;
50.0;999.8416000000009;999.8238000000001;999.5599;999.5599;999.8944000000006;999.8238000000001;999.8680000000007;999.8238000000001;999.3839;999.3839;999.3839;999.3839;999.5599;999.3839;999.5599;999.8238000000001;
51.0;999.8416000000009;999.8238000000001;999.5599;999.5599;999.8944000000006;999.8238000000001;999.8680000000007;999.8238000000001;999.3839;999.3839;999.3839;999.3839;999.5599;999.3839;999.5599;999.8238000000001;
52.0;999.8416000000009;999.8238000000001;999.5599;999.5599;999.8944000000006;999.8238000000001;999.8680000000007;999.8238000000001;999.3839;999.3839;999.3839;999.3839;999.5599;999.3839;999.5599;999.8238000000001;
53.0;999.8416000000009;999.8238000000001;999.5599;999.5599;999.8944000000006;999.8238000000001;999.8680000000007;999.8238000000001;999.3839;999.3839;999.3839;999.3839;999.5599;999.3839;999.5599;999.8238000000001;
54.0;999.8416000000009;999.8238000000001;999.5599;999.5599;999.8944000000006;999.8238000000001;999.8680000000007;999.8238000000001;999.3839;999.3839;999.3839;999.3839;999.5599;999.3839;999.5599;999.8238000000001;
55.0;999.8416000000009;999.8238000000001;999.5599;999.5599;999.8944000000006;999.8238000000001;999.8680000000007;999.8238000000001;999.3839;999.3839;999.3839;999.3839;999.5599;999.3839;999.5599;999.8238000000001;
56.0;999.8416000000009;999.8238000000001;999.5599;999.5599;999.8944000000006;999.8238000000001;999.8680000000007;999.8238000000001;999.3839;999.3839;999.3839;999.3839;999.5599;999.3839;999.5599;999.8238000000001;
57.0;999.8416000000009;999.8238000000001;999.5599;999.5599;999.8944000000006;999.8238000000001;999.8680000000007;999.8238000000001;999.3839;999.3839;999.3839;999.3839;999.5599;999.3839;999.5599;999.8238000000001;
58.0;999.8416000000009;999.8238000000001;999.5599;999.5599;999.8944000000006;999.8238000000001;999.8680000000007;999.8238000000001;999.3839;999.3839;999.3839;999.3839;999.5599;999.3839;999.5599;999.8238000000001;
59.0;999.8416000000009;999.8238000000001;999.5599;999.5599;999.8944000000006;999.8238000000001;999.8680000000007;999.8238000000001;999.3839;999.3839;999.3839;999.3839;999.5599;999.3839;999.5599;999.8238000000001;
59.99738452853633;999.8416000000009;999.8238000000001;999.5599;999.5599;999.8944000000006;999.8237000000001;999.8680000000007;999.8238000000001;999.3839;999.3839;999.3839;999.3839;999.5599;999.3839;999.5599;999.8238000000001;
59.99738452853633;999.8416000000009;999.8238000000001;999.5599;999.5599;999.8944000000006;999.7357000000002;999.8680000000007;999.8238000000001;999.3839;999.3839;999.3839;999.3839;999.5599;999.3839;999.5599;999.8238000000001;
59.99901548003685;999.8416000000009;999.8238000000001;999.5599;999.5598;999.8944000000006;999.7357000000002;999.8680000000007;999.8238000000001;999.3839;999.3839;999.3839;999.3839;999.5599;999.3839;999.5599;999.8238000000001;
59.99901548003685;999.8416000000009;999.8238000000001;999.5599;999.1197999999999;999.8944000000006;999.7357000000002;999.8680000000007;999.8238000000001;999.3839;999.3839;999.3839;999.3839;999.5599;999.3839;999.5599;999.8238000000001;
59.999724865947705;999.8416000000009;999.8238000000001;999.5599;999.1197999999999;999.8944000000006;999.7357000000002;999.8680000000007;999.8237000000001;999.3839;999.3839;999.3839;999.3839;999.5599;999.3839;999.5599;999.8238000000001;
59.999724865947705;999.8416000000009;999.8238000000001;999.5599;999.1197999999999;999.8944000000006;999.7357000000002;999.8680000000007;999.7357000000002;999.3839;999.3839;999.3839;999.3839;999.5599;999.3839;999.5599;999.8238000000001;
60.0;999.8416000000009;999.8238000000001;999.5599;999.1197999999999;999.8944000000006;999.7357000000002;999.8680000000007;999.7357000000002;999.3839;999.3839;999.3839;999.3839;999.5599;999.3839;999.5599;999.8238000000001;
60.00056468303336;999.8416000000009;999.8238000000001;999.5599;999.1197999999999;999.8944000000006;999.7357000000002;999.8680000000007;999.7357000000002;999.3839;999.3839;999.3839;999.3839;999.5598;999.3839;999.5599;999.8238000000001;
60.00056468303336;999.8416000000009;999.8238000000001;999.5599;999.1197999999999;999.8944000000006;999.7357000000002;999.8680000000007;999.7357000000002;999.3839;999.3839;999.3839;999.3839;999.1197999999999;999.3839;999.5599;999.8238000000001;
60.00116050777875;999.8416000000009;999.8238000000001;999.5599;999.1197999999999;999.8944000000006;999.7357000000002;999.8680000000007;999.7357000000002;999.3839;999.3839;999.3839;999.3839;999.1197999999999;999.3839;999.5599;999.8237000000001;
60.00116050777875;999.8416000000009;999.8238000000001;999.5599;999.1197999999999;999.8944000000006;999.7357000000002;999.8680000000007;999.7357000000002;999.3839;999.3839;999.3839;999.3839;999.1197999999999;999.3839;999.5599;999.7357000000002;
60.0015252073635;999.8416000000009;999.8238000000001;999.5599;999.1197999999999;999.8944000000006;999.7357000000002;999.8680000000007;999.7357000000002;999.3839;999.3839;999.3839;999.3839;999.1197999999999;999.3839;999.5598;999.7357000000002;
61.0;999.7976000000011;999.7357000000002;999.1197999999999;999.1197999999999;999.8592000000008;999.7357000000002;999.8504000000008;999.7357000000002;999.3839;999.3839;999.3839;999.3839;999.1197999999999;999.3839;999.1197999999999;999.7357000000002;
61.00272386838947;999.7976000000011;999.7357000000002;999.1197999999999;999.1197999999999;999.8592000000008;999.7357000000002;999.8504000000008;999.7357000000002;999.3839;999.3839;999.3839;999.3839;999.1197999999999;999.3839;999.1197999999999;999.7357000000002;
61.99999999999999;999.7888000000012;999.7357000000002;999.1197999999999;999.1197999999999;999.8504000000008;999.7357000000002;999.8328000000009;999.7357000000002;999.3839;999.3839;999.3839;999.3839;999.1197999999999;999.3839;999.1197999999999;999.7357000000002;
62.99999999999999;999.7800000000012;999.7357000000002;999.1197999999999;999.1197999999999;999.8416000000009;999.7357000000002;999.815200000001;999.7357000000002;999.3839;999.3839;999.3839;999.3839;999.1197999999999;999.3839;999.1197999999999;999.7357000000002;
63.00277054809574;999.7800000000012;999.7357000000002;999.1197999999999;999.1197999999999;999.8416000000009;999.7357000000002;999.815200000001;999.7357000000002;999.3839;999.3839;999.3839;999.3839;999.1197999999999;999.3839;999.1197999999999;999.7357000000002;
63.99999999999999;999.7712000000013;999.7357000000002;999.1197999999999;999.1197999999999;999.8416000000009;999.7357000000002;999.8064000000011;999.7357000000002;999.3839;999.3839;999.3839;999.3839;999.1197999999999;999.3839;999.1197999999999;999.7357000000002;
65.0;999.7712000000013;999.7357000000002;999.1197999999999;999.1197999999999;999.8416000000009;999.7357000000002;999.8064000000011;999.7357000000002;999.3839;999.3839;999.3839;999.3839;999.1197999999999;999.3839;999.1197999999999;999.7357000000002;
66.0;999.7712000000013;999.7357000000002;999.1197999999999;999.1197999999999;999.8416000000009;999.7357000000002;999.8064000000011;999.7357000000002;999.3839;999.3839;999.3839;999.3839;999.1197999999999;999.3839;999.1197999999999;999.7357000000002;
67.0;999.7712000000013;999.7357000000002;999.1197999999999;999.1197999999999;999.8416000000009;999.7357000000002;999.8064000000011;999.7357000000002;999.3839;999.3839;999.3839;999.3839;999.1197999999999;999.3839;999.1197999999999;999.7357000000002;
68.0;999.7712000000013;999.7357000000002;999.1197999999999;999.1197999999999;999.8416000000009;999.7357000000002;999.8064000000011;999.7357000000002;999.3839;999.3839;999.3839;999.3839;999.1197999999999;999.3839;999.1197999999999;999.7357000000002;
69.0;999.7712000000013;999.7357000000002;999.1197999999999;999.1197999999999;999.8416000000009;999.7357000000002;999.8064000000011;999.7357000000002;999.3839;999.3839;999.3839;999.3839;999.1197999999999;999.3839;999.1197999999999;999.7357000000002;
70.0;999.7712000000013;999.7357000000002;999.1197999999999;999.1197999999999;999.8416000000009;999.7357000000002;999.8064000000011;999.7357000000002;999.3839;999.3839;999.3839;999.3839;999.1197999999999;999.3839;999.1197999999999;999.7357000000002;
71.0;999.7712000000013;999.7357000000002;999.1197999999999;999.1197999999999;999.8416000000009;999.7357000000002;999.8064000000011;999.7357000000002;999.3839;999.3839;999.3839;999.3839;999.1197999999999;999.3839;999.1197999999999;999.7357000000002;
72.0;999.7712000000013;999.7357000000002;999.1197999999999;999.1197999999999;999.8416000000009;999.7357000000002;999.8064000000011;999.7357000000002;999.3839;999.3839;999.3839;999.3839;999.1197999999999;999.3839;999.1197999999999;999.7357000000002;
73.0;999.7712000000013;999.7357000000002;999.1197999999999;999.1197999999999;999.8416000000009;999.7357000000002;999.8064000000011;999.7357000000002;999.3839;999.3839;999.3839;999.3839;999.1197999999999;999.3839;999.1197999999999;999.7357000000002;
74.0;999.7712000000013;999.7357000000002;999.1197999999999;999.1197999999999;999.8416000000009;999.7357000000002;999.8064000000011;999.7357000000002;999.3839;999.3839;999.3839;999.3839;999.1197999999999;999.3839;999.1197999999999;999.7357000000002;
75.0;999.7712000000013;999.7357000000002;999.1197999999999;999.1197999999999;999.8416000000009;999.7357000000002;999.8064000000011;999.7357000000002;999.3839;999.3839;999.3839;999.3839;999.1197999999999;999.3839;999.1197999999999;999.7357000000002;
76.0;999.7712000000013;999.7357000000002;999.1197999999999;999.1197999999999;999.8416000000009;999.7357000000002;999.8064000000011;999.7357000000002;999.3839;999.3839;999.3839;999.3839;999.1197999999999;999.3839;999.1197999999999;999.7357000000002;
77.0;999.7712000000013;999.7357000000002;999.1197999999999;999.1197999999999;999.8416000000009;999.7357000000002;999.8064000000011;999.7357000000002;999.3839;999.3839;999.3839;999.3839;999.1197999999999;999.3839;999.1197999999999;999.7357000000002;
78.0;999.7712000000013;999.7357000000002;999.1197999999999;999.1197999999999;999.8416000000009;999.7357000000002;999.8064000000011;999.7357000000002;999.3839;999.3839;999.3839;999.3839;999.1197999999999;999.3839;999.1197999999999;999.7357000000002;
79.0;999.7712000000013;999.7357000000002;999.1197999999999;999.1197999999999;999.8416000000009;999.7357000000002;999.8064000000011;999.7357000000002;999.3839;999.3839;999.3839;999.3839;999.1197999999999;999.3839;999.1197999999999;999.7357000000002;
80.0;999.7712000000013;999.7357000000002;999.1197999999999;999.1197999999999;999.8416000000009;999.7357000000002;999.8064000000011;999.7357000000002;999.3839;999.3839;999.3839;999.3839;999.1197999999999;999.3839;999.1197999999999;999.7357000000002;
81.0;999.7712000000013;999.7357000000002;999.1197999999999;999.1197999999999;999.8416000000009;999.7357000000002;999.8064000000011;999.7357000000002;999.3839;999.3839;999.3839;999.3839;999.1197999999999;999.3839;999.1197999999999;999.7357000000002;
82.0;999.7712000000013;999.7357000000002;999.1197999999999;999.1197999999999;999.8416000000009;999.7357000000002;999.8064000000011;999.7357000000002;999.3839;999.3839;999.3839;999.3839;999.1197999999999;999.3839;999.1197999999999;999.7357000000002;
83.0;999.7712000000013;999.7357000000002;999.1197999999999;999.1197999999999;999.8416000000009;999.7357000000002;999.8064000000011;999.7357000000002;999.3839;999.3839;999.3839;999.3839;999.1197999999999;999.3839;999.1197999999999;999.7357000000002;
84.0;999.7712000000013;999.7357000000002;999.1197999999999;999.1197999999999;999.8416000000009;999.7357000000002;999.8064000000011;999.7357000000002;999.3839;999.3839;999.3839;999.3839;999.1197999999999;999.3839;999.1197999999999;999.7357000000002;
85.0;999.7712000000013;999.7357000000002;999.1197999999999;999.1197999999999;999.8416000000009;999.7357000000002;999.8064000000011;999.7357000000002;999.3839;999.3839;999.3839;999.3839;999.1197999999999;999.3839;999.1197999999999;999.7357000000002;
86.0;999.7712000000013;999.7357000000002;999.1197999999999;999.1197999999999;999.8416000000009;999.7357000000002;999.8064000000011;999.7357000000002;999.3839;999.3839;999.3839;999.3839;999.1197999999999;999.3839;999.1197999999999;999.7357000000002;
87.0;999.7712000000013;999.7357000000002;999.1197999999999;999.1197999999999;999.8416000000009;999.7357000000002;999.8064000000011;999.7357000000002;999.3839;999.3839;999.3839;999.3839;999.1197999999999;999.3839;999.1197999999999;999.7357000000002;
88.0;999.7712000000013;999.7357000000002;999.1197999999999;999.1197999999999;999.8416000000009;999.7357000000002;999.8064000000011;999.7357000000002;999.3839;999.3839;999.3839;999.3839;999.1197999999999;999.3839;999.1197999999999;999.7357000000002;
89.0;999.7712000000013;999.7357000000002;999.1197999999999;999.1197999999999;999.8416000000009;999.7357000000002;999.8064000000011;999.7357000000002;999.3839;999.3839;999.3839;999.3839;999.1197999999999;999.3839;999.1197999999999;999.7357000000002;
89.99549021839266;999.7712000000013;999.7357000000002;999.1197999999999;999.1197999999999;999.8416000000009;999.7356000000002;999.8064000000011;999.7357000000002;999.3839;999.3839;999.3839;999.3839;999.1197999999999;999.3839;999.1197999999999;999.7357000000002;
89.99549021839266;999.7712000000013;999.7357000000002;999.1197999999999;999.1197999999999;999.8416000000009;999.6476000000002;999.8064000000011;999.7357000000002;999.3839;999.3839;999.3839;999.3839;999.1197999999999;999.3839;999.1197999999999;999.7357000000002;
89.99920878760808;999.7712000000013;999.7357000000002;999.1197999999999;999.1197999999999;999.8416000000009;999.6476000000002;999.8064000000011;999.7356000000002;999.3839;999.3839;999.3839;999.3839;999.1197999999999;999.3839;999.1197999999999;999.7357000000002;
89.99920878760808;999.7712000000013;999.7357000000002;999.1197999999999;999.1197999999999;999.8416000000009;999.6476000000002;999.8064000000011;999.6476000000002;999.3839;999.3839;999.3839;999.3839;999.1197999999999;999.3839;999.1197999999999;999.7357000000002;
90.0;999.7712000000013;999.7357000000002;999.1197999999999;999.1197999999999;999.8416000000009;999.6476000000002;999.8064000000011;999.6476000000002;999.3839;999.3839;999.3839;999.3839;999.1197999999999;999.3839;999.1197999999999;999.7357000000002;
90.00080621839267;999.7624000000013;999.7357000000002;999.1197999999999;999.1197999999999;999.8416000000009;999.6476000000002;999.8064000000011;999.6476000000002;999.3839;999.3839;999.3839;999.3839;999.1197999999999;999.3839;999.1197999999999;999.7357000000002;
90.00080621839267;999.7536000000014;999.7357000000002;999.1197999999999;999.1197999999999;999.8416000000009;999.6476000000002;999.8064000000011;999.6476000000002;999.3839;999.3839;999.3839;999.3839;999.1197999999999;999.3839;999.1197999999999;999.7357000000002;
90.00148314789509;999.7536000000014;999.7357000000002;999.1197999999999;999.1197999999999;999.8416000000009;999.6476000000002;999.8064000000011;999.6476000000002;999.3839;999.3839;999.3839;999.3839;999.1197999999999;999.3839;999.1197999999999;999.7356000000002;
90.00148314789509;999.7536000000014;999.7357000000002;999.1197999999999;999.1197999999999;999.8416000000009;999.6476000000002;999.8064000000011;999.6476000000002;999.3839;999.3839;999.3839;999.3839;999.1197999999999;999.3839;999.1197999999999;999.6476000000002;
90.00240839301266;999.7536000000014;999.7356000000002;999.1197999999999;999.1197999999999;999.8416000000009;999.6476000000002;999.8064000000011;999.6476000000002;999.3839;999.3839;999.3839;999.3839;999.1197999999999;999.3839;999.1197999999999;999.6476000000002;
90.00240839301266;999.7536000000014;999.6476000000002;999.1197999999999;999.1197999999999;999.8416000000009;999.6476000000002;999.8064000000011;999.6476000000002;999.3839;999.3839;999.3839;999.3839;999.1197999999999;999.3839;999.1197999999999;999.6476000000002;
90.00452478760809;999.7448000000014;999.6476000000002;999.1197999999999;999.1197999999999;999.8416000000009;999.6476000000002;999.8064000000011;999.6476000000002;999.3839;999.3839;999.3839;999.3839;999.1197999999999;999.3839;999.1197999999999;999.6476000000002;
91.0;999.7360000000015;999.6476000000002;999.1197999999999;999.1197999999999;999.8416000000009;999.6476000000002;999.7976000000011;999.6476000000002;999.3839;999.3839;999.3839;999.3839;999.1197999999999;999.3839;999.1197999999999;999.6476000000002;
91.00082955824581;999.7360000000015;999.6476000000002;999.1197999999999;999.1197999999999;999.8416000000009;999.6476000000002;999.7976000000011;999.6476000000002;999.3839;999.3839;999.3839;999.3839;999.1197999999999;999.3839;999.1197999999999;999.6476000000002;
92.0;999.7272000000015;999.6476000000002;999.1197999999999;999.1197999999999;999.8416000000009;999.6476000000002;999.7888000000012;999.6476000000002;999.3839;999.3839;999.3839;999.3839;999.1197999999999;999.3839;999.1197999999999;999.6476000000002;
92.99999999999999;999.7184000000016;999.6476000000002;999.1197999999999;999.1197999999999;999.8416000000009;999.6476000000002;999.7800000000012;999.6476000000002;999.3839;999.3839;999.3839;999.3839;999.1197999999999;999.3839;999.1197999999999;999.6476000000002;
93.99999999999999;999.7184000000016;999.6476000000002;999.1197999999999;999.1197999999999;999.8416000000009;999.6476000000002;999.7800000000012;999.6476000000002;999.3839;999.3839;999.3839;999.3839;999.1197999999999;999.3839;999.1197999999999;999.6476000000002;
94.99999999999999;999.7184000000016;999.6476000000002;999.1197999999999;999.1197999999999;999.8416000000009;999.6476000000002;999.7800000000012;999.6476000000002;999.3839;999.3839;999.3839;999.3839;999.1197999999999;999.3839;999.1197999999999;999.6476000000002;
95.99999999999999;999.7184000000016;999.6476000000002;999.1197999999999;999.1197999999999;999.8416000000009;999.6476000000002;999.7800000000012;999.6476000000002;999.3839;999.3839;999.3839;999.3839;999.1197999999999;999.3839;999.1197999999999;999.6476000000002;
96.99999999999999;999.7184000000016;999.6476000000002;999.1197999999999;999.1197999999999;999.8416000000009;999.6476000000002;999.7800000000012;999.6476000000002;999.3839;999.3839;999.3839;999.3839;999.1197999999999;999.3839;999.1197999999999;999.6476000000002;
97.99999999999999;999.7184000000016;999.6476000000002;999.1197999999999;999.1197999999999;999.8416000000009;999.6476000000002;999.7800000000012;999.6476000000002;999.3839;999.3839;999.3839;999.3839;999.1197999999999;999.3839;999.1197999999999;999.6476000000002;
98.99999999999999;999.7184000000016;999.6476000000002;999.1197999999999;999.1197999999999;999.8416000000009;999.6476000000002;999.7800000000012;999.6476000000002;999.3839;999.3839;999.3839;999.3839;999.1197999999999;999.3839;999.1197999999999;999.6476000000002;
99.99999999999999;999.7184000000016;999.6476000000002;999.1197999999999;999.1197999999999;999.8416000000009;999.6476000000002;999.7800000000012;999.6476000000002;999.3839;999.3839;999.3839;999.3839;999.1197999999999;999.3839;999.1197999999999;999.6476000000002;
100.99999999999999;999.7184000000016;999.6476000000002;999.1197999999999;999.1197999999999;999.8416000000009;999.6476000000002;999.7800000000012;999.6476000000002;999.3839;999.3839;999.3839;999.3839;999.1197999999999;999.3839;999.1197999999999;999.6476000000002;
101.99999999999999;999.7184000000016;999.6476000000002;999.1197999999999;999.1197999999999;999.8416000000009;999.6476000000002;999.7800000000012;999.6476000000002;999.3839;999.3839;999.3839;999.3839;999.1197999999999;999.3839;999.1197999999999;999.6476000000002;
102.99999999999999;999.7184000000016;999.6476000000002;999.1197999999999;999.1197999999999;999.8416000000009;999.6476000000002;999.7800000000012;999.6476000000002;999.3839;999.3839;999.3839;999.3839;999.1197999999999;999.3839;999.1197999999999;999.6476000000002;
103.99999999999999;999.7184000000016;999.6476000000002;999.1197999999999;999.1197999999999;999.8416000000009;999.6476000000002;999.7800000000012;999.6476000000002;999.3839;999.3839;999.3839;999.3839;999.1197999999999;999.3839;999.1197999999999;999.6476000000002;
104.99999999999999;999.7184000000016;999.6476000000002;999.1197999999999;999.1197999999999;999.8416000000009;999.6476000000002;999.7800000000012;999.6476000000002;999.3839;999.3839;999.3839;999.3839;999.1197999999999;999.3839;999.1197999999999;999.6476000000002;
105.99999999999999;999.7184000000016;999.6476000000002;999.1197999999999;999.1197999999999;999.8416000000009;999.6476000000002;999.7800000000012;999.6476000000002;999.3839;999.3839;999.3839;999.3839;999.1197999999999;999.3839;999.1197999999999;999.6476000000002;
106.99999999999999;999.7184000000016;999.6476000000002;999.1197999999999;999.1197999999999;999.8416000000009;999.6476000000002;999.7800000000012;999.6476000000002;999.3839;999.3839;999.3839;999.3839;999.1197999999999;999.3839;999.1197999999999;999.6476000000002;
107.99999999999999;999.7184000000016;999.6476000000002;999.1197999999999;999.1197999999999;999.8416000000009;999.6476000000002;999.7800000000012;999.6476000000002;999.3839;999.3839;999.3839;999.3839;999.1197999999999;999.3839;999.1197999999999;999.6476000000002;
108.99999999999999;999.7184000000016;999.6476000000002;999.1197999999999;999.1197999999999;999.8416000000009;999.6476000000002;999.7800000000012;999.6476000000002;999.3839;999.3839;999.3839;999.3839;999.1197999999999;999.3839;999.1197999999999;999.6476000000002;
109.99999999999999;999.7184000000016;999.6476000000002;999.1197999999999;999.1197999999999;999.8416000000009;999.6476000000002;999.7800000000012;999.6476000000002;999.3839;999.3839;999.3839;999.3839;999.1197999999999;999.3839;999.1197999999999;999.6476000000002;
110.99999999999999;999.7184000000016;999.6476000000002;999.1197999999999;999.1197999999999;999.8416000000009;999.6476000000002;999.7800000000012;999.6476000000002;999.3839;999.3839;999.3839;999.3839;999.1197999999999;999.3839;999.1197999999999;999.6476000000002;
111.99999999999999;999.7184000000016;999.6476000000002;999.1197999999999;999.1197999999999;999.8416000000009;999.6476000000002;999.7800000000012;999.6476000000002;999.3839;999.3839;999.3839;999.3839;999.1197999999999;999.3839;999.1197999999999;999.6476000000002;
112.99999999999999;999.7184000000016;999.6476000000002;999.1197999999999;999.1197999999999;999.8416000000009;999.6476000000002;999.7800000000012;999.6476000000002;999.3839;999.3839;999.3839;999.3839;999.1197999999999;999.3839;999.1197999999999;999.6476000000002;
113.99999999999999;999.7184000000016;999.6476000000002;999.1197999999999;999.1197999999999;999.8416000000009;999.6476000000002;999.7800000000012;999.6476000000002;999.3839;999.3839;999.3839;999.3839;999.1197999999999;999.3839;999.1197999999999;999.6476000000002;
114.99999999999999;999.7184000000016;999.6476000000002;999.1197999999999;999.1197999999999;999.8416000000009;999.6476000000002;999.7800000000012;999.6476000000002;999.3839;999.3839;999.3839;999.3839;999.1197999999999;999.3839;999.1197999999999;999.6476000000002;
115.99999999999999;999.7184000000016;999.6476000000002;999.1197999999999;999.1197999999999;999.8416000000009;999.6476000000002;999.7800000000012;999.6476000000002;999.3839;999.3839;999.3839;999.3839;999.1197999999999;999.3839;999.1197999999999;999.6476000000002;
116.99999999999999;999.7184000000016;999.6476000000002;999.1197999999999;999.1197999999999;999.8416000000009;999.6476000000002;999.7800000000012;999.6476000000002;999.3839;999.3839;999.3839;999.3839;999.1197999999999;999.3839;999.1197999999999;999.6476000000002;
117.99999999999999;999.7184000000016;999.6476000000002;999.1197999999999;999.1197999999999;999.8416000000009;999.6476000000002;999.7800000000012;999.6476000000002;999.3839;999.3839;999.3839;999.3839;999.1197999999999;999.3839;999.1197999999999;999.6476000000002;
118.99999999999999;999.7184000000016;999.6476000000002;999.1197999999999;999.1197999999999;999.8416000000009;999.6476000000002;999.7800000000012;999.6476000000002;999.3839;999.3839;999.3839;999.3839;999.1197999999999;999.3839;999.1197999999999;999.6476000000002;
119.993595908249;999.7184000000016;999.6476000000002;999.1197999999999;999.1197999999999;999.8416000000009;999.6475000000003;999.7800000000012;999.6476000000002;999.3839;999.3839;999.3839;999.3839;999.1197999999999;999.3839;999.1197999999999;999.6476000000002;
119.993595908249;999.7184000000016;999.6476000000002;999.1197999999999;999.1197999999999;999.8416000000009;999.5595000000003;999.7800000000012;999.6476000000002;999.3839;999.3839;999.3839;999.3839;999.1197999999999;999.3839;999.1197999999999;999.6476000000002;
119.99777838233786;999.7184000000016;999.6476000000002;999.1197999999999;999.1197;999.8416000000009;999.5595000000003;999.7800000000012;999.6476000000002;999.3839;999.3839;999.3839;999.3839;999.1197999999999;999.3839;999.1197999999999;999.6476000000002;
119.99777838233786;999.7184000000016;999.6476000000002;999.1197999999999;998.6796999999999;999.8416000000009;999.5595000000003;999.7800000000012;999.6476000000002;999.3839;999.3839;999.3839;999.3839;999.1197999999999;999.3839;999.1197999999999;999.6476000000002;
119.99869270926848;999.7184000000016;999.6476000000002;999.1197999999999;998.6796999999999;999.8416000000009;999.5595000000003;999.7800000000012;999.6475000000003;999.3839;999.3839;999.3839;999.3839;999.1197999999999;999.3839;999.1197999999999;999.6476000000002;
119.99869270926848;999.7184000000016;999.6476000000002;999.1197999999999;998.6796999999999;999.8416000000009;999.5595000000003;999.7800000000012;999.5595000000003;999.3839;999.3839;999.3839;999.3839;999.1197999999999;999.3839;999.1197999999999;999.6476000000002;
119.99891190824901;999.7096000000016;999.6476000000002;999.1197999999999;998.6796999999999;999.8416000000009;999.5595000000003;999.7800000000012;999.5595000000003;999.3839;999.3839;999.3839;999.3839;999.1197999999999;999.3839;999.1197999999999;999.6476000000002;
119.99891190824901;999.7008000000017;999.6476000000002;999.1197999999999;998.6796999999999;999.8416000000009;999.5595000000003;999.7800000000012;999.5595000000003;999.3839;999.3839;999.3839;999.3839;999.1197999999999;999.3839;999.1197999999999;999.6476000000002;
119.99956659645164;999.7008000000017;999.6476000000002;999.1197;998.6796999999999;999.8416000000009;999.5595000000003;999.7800000000012;999.5595000000003;999.3839;999.3839;999.3839;999.3839;999.1197999999999;999.3839;999.1197999999999;999.6476000000002;
119.99956659645164;999.7008000000017;999.6476000000002;998.6796999999999;998.6796999999999;999.8416000000009;999.5595000000003;999.7800000000012;999.5595000000003;999.3839;999.3839;999.3839;999.3839;999.1197999999999;999.3839;999.1197999999999;999.6476000000002;
119.99961193185678;999.7008000000017;999.6476000000002;998.6796999999999;998.6796999999999;999.8416000000009;999.5595000000003;999.7800000000012;999.5595000000003;999.3839;999.3839;999.3839;999.3839;999.1197;999.3839;999.1197999999999;999.6476000000002;
119.99961193185678;999.7008000000017;999.6476000000002;998.6796999999999;998.6796999999999;999.8416000000009;999.5595000000003;999.7800000000012;999.5595000000003;999.3839;999.3839;999.3839;999.3839;998.6796999999999;999.3839;999.1197999999999;999.6476000000002;
120.0;999.7008000000017;999.6476000000002;998.6796999999999;998.6796999999999;999.8416000000009;999.5595000000003;999.7800000000012;999.5595000000003;999.3839;999.3839;999.3839;999.3839;998.6796999999999;999.3839;999.1197999999999;999.6476000000002;
120.99893524810216;999.6744000000018;999.5595000000003;998.6796999999999;998.6796999999999;999.8064000000011;999.5595000000003;999.7624000000013;999.5595000000003;999.3839;999.3839;999.3839;999.3839;998.6796999999999;999.3839;998.6796999999999;999.5595000000003;
121.99895858795529;999.6656000000019;999.5595000000003;998.6796999999999;998.6796999999999;999.7976000000011;999.5595000000003;999.7448000000014;999.5595000000003;999.3839;999.3839;999.3839;999.3839;998.6796999999999;999.3839;998.6796999999999;999.5595000000003;
121.99895858795529;999.6568000000019;999.5595000000003;998.6796999999999;998.6796999999999;999.7976000000011;999.5595000000003;999.7448000000014;999.5595000000003;999.3839;999.3839;999.3839;999.3839;998.6796999999999;999.3839;998.6796999999999;999.5595000000003;
122.99898192780843;999.6568000000019;999.5595000000003;998.6796999999999;998.6796999999999;999.7888000000012;999.5595000000003;999.7272000000015;999.5595000000003;999.3839;999.3839;999.3839;999.3839;998.6796999999999;999.3839;998.6796999999999;999.5595000000003;
123.99900526766157;999.648000000002;999.5595000000003;998.6796999999999;998.6796999999999;999.7888000000012;999.5595000000003;999.7184000000016;999.5595000000003;999.3839;999.3839;999.3839;999.3839;998.6796999999999;999.3839;998.6796999999999;999.5595000000003;
124.0;999.648000000002;999.5595000000003;998.6796999999999;998.6796999999999;999.7888000000012;999.5595000000003;999.7184000000016;999.5595000000003;999.3839;999.3839;999.3839;999.3839;998.6796999999999;999.3839;998.6796999999999;999.5595000000003;
125.0;999.648000000002;999.5595000000003;998.6796999999999;998.6796999999999;999.7888000000012;999.5595000000003;999.7184000000016;999.5595000000003;999.3839;999.3839;999.3839;999.3839;998.6796999999999;999.3839;998.6796999999999;999.5595000000003;
126.0;999.648000000002;999.5595000000003;998.6796999999999;998.6796999999999;999.7888000000012;999.5595000000003;999.7184000000016;999.5595000000003;999.3839;999.3839;999.3839;999.3839;998.6796999999999;999.3839;998.6796999999999;999.5595000000003;
127.0;999.648000000002;999.5595000000003;998.6796999999999;998.6796999999999;999.7888000000012;999.5595000000003;999.7184000000016;999.5595000000003;999.3839;999.3839;999.3839;999.3839;998.6796999999999;999.3839;998.6796999999999;999.5595000000003;
128.0;999.648000000002;999.5595000000003;998.6796999999999;998.6796999999999;999.7888000000012;999.5595000000003;999.7184000000016;999.5595000000003;999.3839;999.3839;999.3839;999.3839;998.6796999999999;999.3839;998.6796999999999;999.5595000000003;
129.0;999.648000000002;999.5595000000003;998.6796999999999;998.6796999999999;999.7888000000012;999.5595000000003;999.7184000000016;999.5595000000003;999.3839;999.3839;999.3839;999.3839;998.6796999999999;999.3839;998.6796999999999;999.5595000000003;
130.0;999.648000000002;999.5595000000003;998.6796999999999;998.6796999999999;999.7888000000012;999.5595000000003;999.7184000000016;999.5595000000003;999.3839;999.3839;999.3839;999.3839;998.6796999999999;999.3839;998.6796999999999;999.5595000000003;
131.0;999.648000000002;999.5595000000003;998.6796999999999;998.6796999999999;999.7888000000012;999.5595000000003;999.7184000000016;999.5595000000003;999.3839;999.3839;999.3839;999.3839;998.6796999999999;999.3839;998.6796999999999;999.5595000000003;
132.0;999.648000000002;999.5595000000003;998.6796999999999;998.6796999999999;999.7888000000012;999.5595000000003;999.7184000000016;999.5595000000003;999.3839;999.3839;999.3839;999.3839;998.6796999999999;999.3839;998.6796999999999;999.5595000000003;
133.0;999.648000000002;999.5595000000003;998.6796999999999;998.6796999999999;999.7888000000012;999.5595000000003;999.7184000000016;999.5595000000003;999.3839;999.3839;999.3839;999.3839;998.6796999999999;999.3839;998.6796999999999;999.5595000000003;
134.0;999.648000000002;999.5595000000003;998.6796999999999;998.6796999999999;999.7888000000012;999.5595000000003;999.7184000000016;999.5595000000003;999.3839;999.3839;999.3839;999.3839;998.6796999999999;999.3839;998.6796999999999;999.5595000000003;
135.0;999.648000000002;999.5595000000003;998.6796999999999;998.6796999999999;999.7888000000012;999.5595000000003;999.7184000000016;999.5595000000003;999.3839;999.3839;999.3839;999.3839;998.6796999999999;999.3839;998.6796999999999;999.5595000000003;
136.0;999.648000000002;999.5595000000003;998.6796999999999;998.6796999999999;999.7888000000012;999.5595000000003;999.7184000000016;999.5595000000003;999.3839;999.3839;999.3839;999.3839;998.6796999999999;999.3839;998.6796999999999;999.5595000000003;
137.0;999.648000000002;999.5595000000003;998.6796999999999;998.6796999999999;999.7888000000012;999.5595000000003;999.7184000000016;999.5595000000003;999.3839;999.3839;999.3839;999.3839;998.6796999999999;999.3839;998.6796999999999;999.5595000000003;
138.0;999.648000000002;999.5595000000003;998.6796999999999;998.6796999999999;999.7888000000012;999.5595000000003;999.7184000000016;999.5595000000003;999.3839;999.3839;999.3839;999.3839;998.6796999999999;999.3839;998.6796999999999;999.5595000000003;
139.0;999.648000000002;999.5595000000003;998.6796999999999;998.6796999999999;999.7888000000012;999.5595000000003;999.7184000000016;999.5595000000003;999.3839;999.3839;999.3839;999.3839;998.6796999999999;999.3839;998.6796999999999;999.5595000000003;
140.0;999.648000000002;999.5595000000003;998.6796999999999;998.6796999999999;999.7888000000012;999.5595000000003;999.7184000000016;999.5595000000003;999.3839;999.3839;999.3839;999.3839;998.6796999999999;999.3839;998.6796999999999;999.5595000000003;
141.0;999.648000000002;999.5595000000003;998.6796999999999;998.6796999999999;999.7888000000012;999.5595000000003;999.7184000000016;999.5595000000003;999.3839;999.3839;999.3839;999.3839;998.6796999999999;999.3839;998.6796999999999;999.5595000000003;
142.0;999.648000000002;999.5595000000003;998.6796999999999;998.6796999999999;999.7888000000012;999.5595000000003;999.7184000000016;999.5595000000003;999.3839;999.3839;999.3839;999.3839;998.6796999999999;999.3839;998.6796999999999;999.5595000000003;
143.0;999.648000000002;999.5595000000003;998.6796999999999;998.6796999999999;999.7888000000012;999.5595000000003;999.7184000000016;999.5595000000003;999.3839;999.3839;999.3839;999.3839;998.6796999999999;999.3839;998.6796999999999;999.5595000000003;
144.0;999.648000000002;999.5595000000003;998.6796999999999;998.6796999999999;999.7888000000012;999.5595000000003;999.7184000000016;999.5595000000003;999.3839;999.3839;999.3839;999.3839;998.6796999999999;999.3839;998.6796999999999;999.5595000000003;
145.0;999.648000000002;999.5595000000003;998.6796999999999;998.6796999999999;999.7888000000012;999.5595000000003;999.7184000000016;999.5595000000003;999.3839;999.3839;999.3839;999.3839;998.6796999999999;999.3839;998.6796999999999;999.5595000000003;
146.0;999.648000000002;999.5595000000003;998.6796999999999;998.6796999999999;999.7888000000012;999.5595000000003;999.7184000000016;999.5595000000003;999.3839;999.3839;999.3839;999.3839;998.6796999999999;999.3839;998.6796999999999;999.5595000000003;
147.0;999.648000000002;999.5595000000003;998.6796999999999;998.6796999999999;999.7888000000012;999.5595000000003;999.7184000000016;999.5595000000003;999.3839;999.3839;999.3839;999.3839;998.6796999999999;999.3839;998.6796999999999;999.5595000000003;
148.0;999.648000000002;999.5595000000003;998.6796999999999;998.6796999999999;999.7888000000012;999.5595000000003;999.7184000000016;999.5595000000003;999.3839;999.3839;999.3839;999.3839;998.6796999999999;999.3839;998.6796999999999;999.5595000000003;
149.0;999.648000000002;999.5595000000003;998.6796999999999;998.6796999999999;999.7888000000012;999.5595000000003;999.7184000000016;999.5595000000003;999.3839;999.3839;999.3839;999.3839;998.6796999999999;999.3839;998.6796999999999;999.5595000000003;
149.99170159810535;999.648000000002;999.5595000000003;998.6796999999999;998.6796999999999;999.7888000000012;999.5594000000003;999.7184000000016;999.5595000000003;999.3839;999.3839;999.3839;999.3839;998.6796999999999;999.3839;998.6796999999999;999.5595000000003;
149.99170159810535;999.648000000002;999.5595000000003;998.6796999999999;998.6796999999999;999.7888000000012;999.4714000000004;999.7184000000016;999.5595000000003;999.3839;999.3839;999.3839;999.3839;998.6796999999999;999.3839;998.6796999999999;999.5595000000003;
149.99524975515868;999.648000000002;999.5595000000003;998.6796999999999;998.6796999999999;999.7888000000012;999.4714000000004;999.7184000000016;999.5595000000003;999.3838000000001;999.3839;999.3839;999.3839;998.6796999999999;999.3839;998.6796999999999;999.5595000000003;
149.99524975515868;999.648000000002;999.5595000000003;998.6796999999999;998.6796999999999;999.7888000000012;999.4714000000004;999.7184000000016;999.5595000000003;998.7678000000001;999.3839;999.3839;999.3839;998.6796999999999;999.3839;998.6796999999999;999.5595000000003;
149.99701759810534;999.639200000002;999.5595000000003;998.6796999999999;998.6796999999999;999.7888000000012;999.4714000000004;999.7184000000016;999.5595000000003;998.7678000000001;999.3839;999.3839;999.3839;998.6796999999999;999.3839;998.6796999999999;999.5595000000003;
149.99701759810534;999.630400000002;999.5595000000003;998.6796999999999;998.6796999999999;999.7888000000012;999.4714000000004;999.7184000000016;999.5595000000003;998.7678000000001;999.3839;999.3839;999.3839;998.6796999999999;999.3839;998.6796999999999;999.5595000000003;
149.99817663092887;999.630400000002;999.5595000000003;998.6796999999999;998.6796999999999;999.7888000000012;999.4714000000004;999.7184000000016;999.5594000000003;998.7678000000001;999.3839;999.3839;999.3839;998.6796999999999;999.3839;998.6796999999999;999.5595000000003;
149.99817663092887;999.630400000002;999.5595000000003;998.6796999999999;998.6796999999999;999.7888000000012;999.4714000000004;999.7184000000016;999.4714000000004;998.7678000000001;999.3839;999.3839;999.3839;998.6796999999999;999.3839;998.6796999999999;999.5595000000003;
149.99957224821162;999.630400000002;999.5595000000003;998.6796999999999;998.6796999999999;999.7888000000012;999.4714000000004;999.7184000000016;999.4714000000004;998.7678000000001;999.3839;999.3839;999.3838000000001;998.6796999999999;999.3839;998.6796999999999;999.5595000000003;
149.99957224821162;999.630400000002;999.5595000000003;998.6796999999999;998.6796999999999;999.7888000000012;999.4714000000004;999.7184000000016;999.4714000000004;998.7678000000001;999.3839;999.3839;998.7678000000001;998.6796999999999;999.3839;998.6796999999999;999.5595000000003;
149.99999999999997;999.630400000002;999.5595000000003;998.6796999999999;998.6796999999999;999.7888000000012;999.4714000000004;999.7184000000016;999.4714000000004;998.7678000000001;999.3839;999.3839;998.7678000000001;998.6796999999999;999.3839;998.6796999999999;999.5595000000003;
150.00056575515868;999.6216000000021;999.5595000000003;998.6796999999999;998.6796999999999;999.7888000000012;999.4714000000004;999.7184000000016;999.4714000000004;998.7678000000001;999.3839;999.3839;998.7678000000001;998.6796999999999;999.3839;998.6796999999999;999.5595000000003;
150.99704093795845;999.5952000000023;999.4714000000004;998.6796999999999;998.6796999999999;999.7448000000014;999.4714000000004;999.7008000000017;999.4714000000004;998.7678000000001;998.7678000000001;998.7678000000001;998.7678000000001;998.6796999999999;998.7678000000001;998.2395999999999;999.4714000000004;
151.99706427781157;999.5864000000023;999.4714000000004;998.6796999999999;998.6796999999999;999.7360000000015;999.4714000000004;999.6832000000018;999.4714000000004;998.7678000000001;998.7678000000001;998.7678000000001;998.7678000000001;998.6796999999999;998.7678000000001;998.2395999999999;999.4714000000004;
151.99706427781157;999.5776000000023;999.4714000000004;998.6796999999999;998.6796999999999;999.7360000000015;999.4714000000004;999.6832000000018;999.4714000000004;998.7678000000001;998.7678000000001;998.7678000000001;998.7678000000001;998.6796999999999;998.7678000000001;998.2395999999999;999.4714000000004;
152.99708761766473;999.5776000000023;999.4714000000004;998.6796999999999;998.6796999999999;999.7272000000015;999.4714000000004;999.6656000000019;999.4714000000004;998.7678000000001;998.7678000000001;998.7678000000001;998.7678000000001;998.6796999999999;998.7678000000001;998.2395999999999;999.4714000000004;
153.99711095751786;999.5688000000024;999.4714000000004;998.6796999999999;998.6796999999999;999.7184000000016;999.4714000000004;999.648000000002;999.4714000000004;998.7678000000001;998.7678000000001;998.7678000000001;998.7678000000001;998.6796999999999;998.7678000000001;998.2395999999999;999.4714000000004;
153.99999999999994;999.5600000000024;999.4714000000004;998.6796999999999;998.6796999999999;999.7184000000016;999.4714000000004;999.648000000002;999.4714000000004;998.7678000000001;998.7678000000001;998.7678000000001;998.7678000000001;998.6796999999999;998.7678000000001;998.2395999999999;999.4714000000004;
154.997134297371;999.5600000000024;999.4714000000004;998.6796999999999;998.6796999999999;999.7184000000016;999.4714000000004;999.639200000002;999.4714000000004;998.7678000000001;998.7678000000001;998.7678000000001;998.7678000000001;998.6796999999999;998.7678000000001;998.2395999999999;999.4714000000004;
155.99999999999991;999.5600000000024;999.4714000000004;998.6796999999999;998.6796999999999;999.7184000000016;999.4714000000004;999.639200000002;999.4714000000004;998.7678000000001;998.7678000000001;998.7678000000001;998.7678000000001;998.6796999999999;998.7678000000001;998.2395999999999;999.4714000000004;
156.99999999999991;999.5600000000024;999.4714000000004;998.6796999999999;998.6796999999999;999.7184000000016;999.4714000000004;999.639200000002;999.4714000000004;998.7678000000001;998.7678000000001;998.7678000000001;998.7678000000001;998.6796999999999;998.7678000000001;998.2395999999999;999.4714000000004;
157.99999999999991;999.5600000000024;999.4714000000004;998.6796999999999;998.6796999999999;999.7184000000016;999.4714000000004;999.639200000002;999.4714000000004;998.7678000000001;998.7678000000001;998.7678000000001;998.7678000000001;998.6796999999999;998.7678000000001;998.2395999999999;999.4714000000004;
158.99999999999991;999.5600000000024;999.4714000000004;998.6796999999999;998.6796999999999;999.7184000000016;999.4714000000004;999.639200000002;999.4714000000004;998.7678000000001;998.7678000000001;998.7678000000001;998.7678000000001;998.6796999999999;998.7678000000001;998.2395999999999;999.4714000000004;
159.99999999999991;999.5600000000024;999.4714000000004;998.6796999999999;998.6796999999999;999.7184000000016;999.4714000000004;999.639200000002;999.4714000000004;998.7678000000001;998.7678000000001;998.7678000000001;998.7678000000001;998.6796999999999;998.7678000000001;998.2395999999999;999.4714000000004;
160.99999999999991;999.5600000000024;999.4714000000004;998.6796999999999;998.6796999999999;999.7184000000016;999.4714000000004;999.639200000002;999.4714000000004;998.7678000000001;998.7678000000001;998.7678000000001;998.7678000000001;998.6796999999999;998.7678000000001;998.2395999999999;999.4714000000004;
161.99999999999991;999.5600000000024;999.4714000000004;998.6796999999999;998.6796999999999;999.7184000000016;999.4714000000004;999.639200000002;999.4714000000004;998.7678000000001;998.7678000000001;998.7678000000001;998.7678000000001;998.6796999999999;998.7678000000001;998.2395999999999;999.4714000000004;
162.99999999999991;999.5600000000024;999.4714000000004;998.6796999999999;998.6796999999999;999.7184000000016;999.4714000000004;999.639200000002;999.4714000000004;998.7678000000001;998.7678000000001;998.7678000000001;998.7678000000001;998.6796999999999;998.7678000000001;998.2395999999999;999.4714000000004;
163.99999999999991;999.5600000000024;999.4714000000004;998.6796999999999;998.6796999999999;999.7184000000016;999.4714000000004;999.639200000002;999.4714000000004;998.7678000000001;998.7678000000001;998.7678000000001;998.7678000000001;998.6796999999999;998.7678000000001;998.2395999999999;999.4714000000004;
164.99999999999991;999.5600000000024;999.4714000000004;998.6796999999999;998.6796999999999;999.7184000000016;999.4714000000004;999.639200000002;999.4714000000004;998.7678000000001;998.7678000000001;998.7678000000001;998.7678000000001;998.6796999999999;998.7678000000001;998.2395999999999;999.4714000000004;
165.99999999999991;999.5600000000024;999.4714000000004;998.6796999999999;998.6796999999999;999.7184000000016;999.4714000000004;999.639200000002;999.4714000000004;998.7678000000001;998.7678000000001;998.7678000000001;998.7678000000001;998.6796999999999;998.7678000000001;998.2395999999999;999.4714000000004;
166.99999999999991;999.5600000000024;999.4714000000004;998.6796999999999;998.6796999999999;999.7184000000016;999.4714000000004;999.639200000002;999.4714000000004;998.7678000000001;998.7678000000001;998.7678000000001;998.7678000000001;998.6796999999999;998.7678000000001;998.2395999999999;999.4714000000004;
167.99999999999991;999.5600000000024;999.4714000000004;998.6796999999999;998.6796999999999;999.7184000000016;999.4714000000004;999.639200000002;999.4714000000004;998.7678000000001;998.7678000000001;998.7678000000001;998.7678000000001;998.6796999999999;998.7678000000001;998.2395999999999;999.4714000000004;
168.99999999999991;999.5600000000024;999.4714000000004;998.6796999999999;998.6796999999999;999.7184000000016;999.4714000000004;999.639200000002;999.4714000000004;998.7678000000001;998.7678000000001;998.7678000000001;998.7678000000001;998.6796999999999;998.7678000000001;998.2395999999999;999.4714000000004;
169.99999999999991;999.5600000000024;999.4714000000004;998.6796999999999;998.6796999999999;999.7184000000016;999.4714000000004;999.639200000002;999.4714000000004;998.7678000000001;998.7678000000001;998.7678000000001;998.7678000000001;998.6796999999999;998.7678000000001;998.2395999999999;999.4714000000004;
170.99999999999991;999.5600000000024;999.4714000000004;998.6796999999999;998.6796999999999;999.7184000000016;999.4714000000004;999.639200000002;999.4714000000004;998.7678000000001;998.7678000000001;998.7678000000001;998.7678000000001;998.6796999999999;998.7678000000001;998.2395999999999;999.4714000000004;
171.99999999999991;999.5600000000024;999.4714000000004;998.6796999999999;998.6796999999999;999.7184000000016;999.4714000000004;999.639200000002;999.4714000000004;998.7678000000001;998.7678000000001;998.7678000000001;998.7678000000001;998.6796999999999;998.7678000000001;998.2395999999999;999.4714000000004;
172.99999999999991;999.5600000000024;999.4714000000004;998.6796999999999;998.6796999999999;999.7184000000016;999.4714000000004;999.639200000002;999.4714000000004;998.7678000000001;998.7678000000001;998.7678000000001;998.7678000000001;998.6796999999999;998.7678000000001;998.2395999999999;999.4714000000004;
173.99999999999991;999.5600000000024;999.4714000000004;998.6796999999999;998.6796999999999;999.7184000000016;999.4714000000004;999.639200000002;999.4714000000004;998.7678000000001;998.7678000000001;998.7678000000001;998.7678000000001;998.6796999999999;998.7678000000001;998.2395999999999;999.4714000000004;
174.99999999999991;999.5600000000024;999.4714000000004;998.6796999999999;998.6796999999999;999.7184000000016;999.4714000000004;999.639200000002;999.4714000000004;998.7678000000001;998.7678000000001;998.7678000000001;998.7678000000001;998.6796999999999;998.7678000000001;998.2395999999999;999.4714000000004;
175.99999999999991;999.5600000000024;999.4714000000004;998.6796999999999;998.6796999999999;999.7184000000016;999.4714000000004;999.639200000002;999.4714000000004;998.7678000000001;998.7678000000001;998.7678000000001;998.7678000000001;998.6796999999999;998.7678000000001;998.2395999999999;999.4714000000004;
176.99999999999991;999.5600000000024;999.4714000000004;998.6796999999999;998.6796999999999;999.7184000000016;999.4714000000004;999.639200000002;999.4714000000004;998.7678000000001;998.7678000000001;998.7678000000001;998.7678000000001;998.6796999999999;998.7678000000001;998.2395999999999;999.4714000000004;
177.99999999999991;999.5600000000024;999.4714000000004;998.6796999999999;998.6796999999999;999.7184000000016;999.4714000000004;999.639200000002;999.4714000000004;998.7678000000001;998.7678000000001;998.7678000000001;998.7678000000001;998.6796999999999;998.7678000000001;998.2395999999999;999.4714000000004;
178.99999999999991;999.5600000000024;999.4714000000004;998.6796999999999;998.6796999999999;999.7184000000016;999.4714000000004;999.639200000002;999.4714000000004;998.7678000000001;998.7678000000001;998.7678000000001;998.7678000000001;998.6796999999999;998.7678000000001;998.2395999999999;999.4714000000004;
179.98980728796164;999.5600000000024;999.4714000000004;998.6796999999999;998.6796999999999;999.7184000000016;999.4713000000004;999.639200000002;999.4714000000004;998.7678000000001;998.7678000000001;998.7678000000001;998.7678000000001;998.6796999999999;998.7678000000001;998.2395999999999;999.4714000000004;
179.98980728796164;999.5600000000024;999.4714000000004;998.6796999999999;998.6796999999999;999.7184000000016;999.3833000000004;999.639200000002;999.4714000000004;998.7678000000001;998.7678000000001;998.7678000000001;998.7678000000001;998.6796999999999;998.7678000000001;998.2395999999999;999.4714000000004;
179.99512328796163;999.5512000000025;999.4714000000004;998.6796999999999;998.6796999999999;999.7184000000016;999.3833000000004;999.639200000002;999.4714000000004;998.7678000000001;998.7678000000001;998.7678000000001;998.7678000000001;998.6796999999999;998.7678000000001;998.2395999999999;999.4714000000004;
179.99512328796163;999.5424000000025;999.4714000000004;998.6796999999999;998.6796999999999;999.7184000000016;999.3833000000004;999.639200000002;999.4714000000004;998.7678000000001;998.7678000000001;998.7678000000001;998.7678000000001;998.6796999999999;998.7678000000001;998.2395999999999;999.4714000000004;
179.99622191998273;999.5424000000025;999.4714000000004;998.6795999999999;998.6796999999999;999.7184000000016;999.3833000000004;999.639200000002;999.4714000000004;998.7678000000001;998.7678000000001;998.7678000000001;998.7678000000001;998.6796999999999;998.7678000000001;998.2395999999999;999.4714000000004;
179.99622191998273;999.5424000000025;999.4714000000004;998.2395999999999;998.6796999999999;999.7184000000016;999.3833000000004;999.639200000002;999.4714000000004;998.7678000000001;998.7678000000001;998.7678000000001;998.7678000000001;998.6796999999999;998.7678000000001;998.2395999999999;999.4714000000004;
179.99654128463877;999.5424000000025;999.4714000000004;998.2395999999999;998.6795999999999;999.7184000000016;999.3833000000004;999.639200000002;999.4714000000004;998.7678000000001;998.7678000000001;998.7678000000001;998.7678000000001;998.6796999999999;998.7678000000001;998.2395999999999;999.4714000000004;
179.99654128463877;999.5424000000025;999.4714000000004;998.2395999999999;998.2395999999999;999.7184000000016;999.3833000000004;999.639200000002;999.4714000000004;998.7678000000001;998.7678000000001;998.7678000000001;998.7678000000001;998.6796999999999;998.7678000000001;998.2395999999999;999.4714000000004;
179.9976605525892;999.5424000000025;999.4714000000004;998.2395999999999;998.2395999999999;999.7184000000016;999.3833000000004;999.639200000002;999.4713000000004;998.7678000000001;998.7678000000001;998.7678000000001;998.7678000000001;998.6796999999999;998.7678000000001;998.2395999999999;999.4714000000004;
179.9976605525892;999.5424000000025;999.4714000000004;998.2395999999999;998.2395999999999;999.7184000000016;999.3833000000004;999.639200000002;999.3833000000004;998.7678000000001;998.7678000000001;998.7678000000001;998.7678000000001;998.6796999999999;998.7678000000001;998.2395999999999;999.4714000000004;
179.99865918068008;999.5424000000025;999.4714000000004;998.2395999999999;998.2395999999999;999.7184000000016;999.3833000000004;999.639200000002;999.3833000000004;998.7678000000001;998.7678000000001;998.7678000000001;998.7678000000001;998.6795999999999;998.7678000000001;998.2395999999999;999.4714000000004;
179.99865918068008;999.5424000000025;999.4714000000004;998.2395999999999;998.2395999999999;999.7184000000016;999.3833000000004;999.639200000002;999.3833000000004;998.7678000000001;998.7678000000001;998.7678000000001;998.7678000000001;998.2395999999999;998.7678000000001;998.2395999999999;999.4714000000004;
180.99514662781476;999.5160000000027;999.3833000000004;998.2395999999999;998.2395999999999;999.6920000000017;999.3833000000004;999.6216000000021;999.3833000000004;998.7678000000001;998.7678000000001;998.7678000000001;998.7678000000001;998.2395999999999;998.7678000000001;998.2395999999999;999.3833000000004;
181.9951699676679;999.5072000000027;999.3833000000004;998.2395999999999;998.2395999999999;999.6832000000018;999.3833000000004;999.6040000000022;999.3833000000004;998.7678000000001;998.7678000000001;998.7678000000001;998.7678000000001;998.2395999999999;998.7678000000001;998.2395999999999;999.3833000000004;
181.99999999999991;999.4984000000028;999.3833000000004;998.2395999999999;998.2395999999999;999.6832000000018;999.3833000000004;999.6040000000022;999.3833000000004;998.7678000000001;998.7678000000001;998.7678000000001;998.7678000000001;998.2395999999999;998.7678000000001;998.2395999999999;999.3833000000004;
182.99519330752105;999.4984000000028;999.3833000000004;998.2395999999999;998.2395999999999;999.6832000000018;999.3833000000004;999.5952000000023;999.3833000000004;998.7678000000001;998.7678000000001;998.7678000000001;998.7678000000001;998.2395999999999;998.7678000000001;998.2395999999999;999.3833000000004;
183.99521664737418;999.4896000000028;999.3833000000004;998.2395999999999;998.2395999999999;999.6832000000018;999.3833000000004;999.5864000000023;999.3833000000004;998.7678000000001;998.7678000000001;998.7678000000001;998.7678000000001;998.2395999999999;998.7678000000001;998.2395999999999;999.3833000000004;
184.99999999999991;999.4896000000028;999.3833000000004;998.2395999999999;998.2395999999999;999.6832000000018;999.3833000000004;999.5864000000023;999.3833000000004;998.7678000000001;998.7678000000001;998.7678000000001;998.7678000000001;998.2395999999999;998.7678000000001;998.2395999999999;999.3833000000004;
185.99999999999991;999.4896000000028;999.3833000000004;998.2395999999999;998.2395999999999;999.6832000000018;999.3833000000004;999.5864000000023;999.3833000000004;998.7678000000001;998.7678000000001;998.7678000000001;998.7678000000001;998.2395999999999;998.7678000000001;998.2395999999999;999.3833000000004;
186.99999999999991;999.4896000000028;999.3833000000004;998.2395999999999;998.2395999999999;999.6832000000018;999.3833000000004;999.5864000000023;999.3833000000004;998.7678000000001;998.7678000000001;998.7678000000001;998.7678000000001;998.2395999999999;998.7678000000001;998.2395999999999;999.3833000000004;
187.99999999999991;999.4896000000028;999.3833000000004;998.2395999999999;998.2395999999999;999.6832000000018;999.3833000000004;999.5864000000023;999.3833000000004;998.7678000000001;998.7678000000001;998.7678000000001;998.7678000000001;998.2395999999999;998.7678000000001;998.2395999999999;999.3833000000004;
188.99999999999991;999.4896000000028;999.3833000000004;998.2395999999999;998.2395999999999;999.6832000000018;999.3833000000004;999.5864000000023;999.3833000000004;998.7678000000001;998.7678000000001;998.7678000000001;998.7678000000001;998.2395999999999;998.7678000000001;998.2395999999999;999.3833000000004;
189.99999999999991;999.4896000000028;999.3833000000004;998.2395999999999;998.2395999999999;999.6832000000018;999.3833000000004;999.5864000000023;999.3833000000004;998.7678000000001;998.7678000000001;998.7678000000001;998.7678000000001;998.2395999999999;998.7678000000001;998.2395999999999;999.3833000000004;
190.99999999999991;999.4896000000028;999.3833000000004;998.2395999999999;998.2395999999999;999.6832000000018;999.3833000000004;999.5864000000023;999.3833000000004;998.7678000000001;998.7678000000001;998.7678000000001;998.7678000000001;998.2395999999999;998.7678000000001;998.2395999999999;999.3833000000004;
191.99999999999991;999.4896000000028;999.3833000000004;998.2395999999999;998.2395999999999;999.6832000000018;999.3833000000004;999.5864000000023;999.3833000000004;998.7678000000001;998.7678000000001;998.7678000000001;998.7678000000001;998.2395999999999;998.7678000000001;998.2395999999999;999.3833000000004;
192.99999999999991;999.4896000000028;999.3833000000004;998.2395999999999;998.2395999999999;999.6832000000018;999.3833000000004;999.5864000000023;999.3833000000004;998.7678000000001;998.7678000000001;998.7678000000001;998.7678000000001;998.2395999999999;998.7678000000001;998.2395999999999;999.3833000000004;
193.99999999999991;999.4896000000028;999.3833000000004;998.2395999999999;998.2395999999999;999.6832000000018;999.3833000000004;999.5864000000023;999.3833000000004;998.7678000000001;998.7678000000001;998.7678000000001;998.7678000000001;998.2395999999999;998.7678000000001;998.2395999999999;999.3833000000004;
194.99999999999991;999.4896000000028;999.3833000000004;998.2395999999999;998.2395999999999;999.6832000000018;999.3833000000004;999.5864000000023;999.3833000000004;998.7678000000001;998.7678000000001;998.7678000000001;998.7678000000001;998.2395999999999;998.7678000000001;998.2395999999999;999.3833000000004;
195.99999999999991;999.4896000000028;999.3833000000004;998.2395999999999;998.2395999999999;999.6832000000018;999.3833000000004;999.5864000000023;999.3833000000004;998.7678000000001;998.7678000000001;998.7678000000001;998.7678000000001;998.2395999999999;998.7678000000001;998.2395999999999;999.3833000000004;
196.99999999999991;999.4896000000028;999.3833000000004;998.2395999999999;998.2395999999999;999.6832000000018;999.3833000000004;999.5864000000023;999.3833000000004;998.7678000000001;998.7678000000001;998.7678000000001;998.7678000000001;998.2395999999999;998.7678000000001;998.2395999999999;999.3833000000004;
197.99999999999991;999.4896000000028;999.3833000000004;998.2395999999999;998.2395999999999;999.6832000000018;999.3833000000004;999.5864000000023;999.3833000000004;998.7678000000001;998.7678000000001;998.7678000000001;998.7678000000001;998.2395999999999;998.7678000000001;998.2395999999999;999.3833000000004;
198.99999999999991;999.4896000000028;999.3833000000004;998.2395999999999;998.2395999999999;999.6832000000018;999.3833000000004;999.5864000000023;999.3833000000004;998.7678000000001;998.7678000000001;998.7678000000001;998.7678000000001;998.2395999999999;998.7678000000001;998.2395999999999;999.3833000000004;
199.99999999999991;999.4896000000028;999.3833000000004;998.2395999999999;998.2395999999999;999.6832000000018;999.3833000000004;999.5864000000023;999.3833000000004;998.7678000000001;998.7678000000001;998.7678000000001;998.7678000000001;998.2395999999999;998.7678000000001;998.2395999999999;999.3833000000004;
200.99999999999991;999.4896000000028;999.3833000000004;998.2395999999999;998.2395999999999;999.6832000000018;999.3833000000004;999.5864000000023;999.3833000000004;998.7678000000001;998.7678000000001;998.7678000000001;998.7678000000001;998.2395999999999;998.7678000000001;998.2395999999999;999.3833000000004;
201.99999999999991;999.4896000000028;999.3833000000004;998.2395999999999;998.2395999999999;999.6832000000018;999.3833000000004;999.5864000000023;999.3833000000004;998.7678000000001;998.7678000000001;998.7678000000001;998.7678000000001;998.2395999999999;998.7678000000001;998.2395999999999;999.3833000000004;
202.99999999999991;999.4896000000028;999.3833000000004;998.2395999999999;998.2395999999999;999.6832000000018;999.3833000000004;999.5864000000023;999.3833000000004;998.7678000000001;998.7678000000001;998.7678000000001;998.7678000000001;998.2395999999999;998.7678000000001;998.2395999999999;999.3833000000004;
203.99999999999991;999.4896000000028;999.3833000000004;998.2395999999999;998.2395999999999;999.6832000000018;999.3833000000004;999.5864000000023;999.3833000000004;998.7678000000001;998.7678000000001;998.7678000000001;998.7678000000001;998.2395999999999;998.7678000000001;998.2395999999999;999.3833000000004;
204.99999999999991;999.4896000000028;999.3833000000004;998.2395999999999;998.2395999999999;999.6832000000018;999.3833000000004;999.5864000000023;999.3833000000004;998.7678000000001;998.7678000000001;998.7678000000001;998.7678000000001;998.2395999999999;998.7678000000001;998.2395999999999;999.3833000000004;
205.99999999999991;999.4896000000028;999.3833000000004;998.2395999999999;998.2395999999999;999.6832000000018;999.3833000000004;999.5864000000023;999.3833000000004;998.7678000000001;998.7678000000001;998.7678000000001;998.7678000000001;998.2395999999999;998.7678000000001;998.2395999999999;999.3833000000004;
206.99999999999991;999.4896000000028;999.3833000000004;998.2395999999999;998.2395999999999;999.6832000000018;999.3833000000004;999.5864000000023;999.3833000000004;998.7678000000001;998.7678000000001;998.7678000000001;998.7678000000001;998.2395999999999;998.7678000000001;998.2395999999999;999.3833000000004;
207.99999999999991;999.4896000000028;999.3833000000004;998.2395999999999;998.2395999999999;999.6832000000018;999.3833000000004;999.5864000000023;999.3833000000004;998.7678000000001;998.7678000000001;998.7678000000001;998.7678000000001;998.2395999999999;998.7678000000001;998.2395999999999;999.3833000000004;
208.99999999999991;999.4896000000028;999.3833000000004;998.2395999999999;998.2395999999999;999.6832000000018;999.3833000000004;999.5864000000023;999.3833000000004;998.7678000000001;998.7678000000001;998.7678000000001;998.7678000000001;998.2395999999999;998.7678000000001;998.2395999999999;999.3833000000004;
209.98791297781798;999.4896000000028;999.3833000000004;998.2395999999999;998.2395999999999;999.6832000000018;999.3832000000004;999.5864000000023;999.3833000000004;998.7678000000001;998.7678000000001;998.7678000000001;998.7678000000001;998.2395999999999;998.7678000000001;998.2395999999999;999.3833000000004;
209.98791297781798;999.4896000000028;999.3833000000004;998.2395999999999;998.2395999999999;999.6832000000018;999.2952000000005;999.5864000000023;999.3833000000004;998.7678000000001;998.7678000000001;998.7678000000001;998.7678000000001;998.2395999999999;998.7678000000001;998.2395999999999;999.3833000000004;
209.99322897781798;999.4808000000029;999.3833000000004;998.2395999999999;998.2395999999999;999.6832000000018;999.2952000000005;999.5864000000023;999.3833000000004;998.7678000000001;998.7678000000001;998.7678000000001;998.7678000000001;998.2395999999999;998.7678000000001;998.2395999999999;999.3833000000004;
209.99322897781798;999.4720000000029;999.3833000000004;998.2395999999999;998.2395999999999;999.6832000000018;999.2952000000005;999.5864000000023;999.3833000000004;998.7678000000001;998.7678000000001;998.7678000000001;998.7678000000001;998.2395999999999;998.7678000000001;998.2395999999999;999.3833000000004;
209.99714447424958;999.4720000000029;999.3833000000004;998.2395999999999;998.2395999999999;999.6832000000018;999.2952000000005;999.5864000000023;999.3832000000004;998.7678000000001;998.7678000000001;998.7678000000001;998.7678000000001;998.2395999999999;998.7678000000001;998.2395999999999;999.3833000000004;
209.99714447424958;999.4720000000029;999.3833000000004;998.2395999999999;998.2395999999999;999.6832000000018;999.2952000000005;999.5864000000023;999.2952000000005;998.7678000000001;998.7678000000001;998.7678000000001;998.7678000000001;998.2395999999999;998.7678000000001;998.2395999999999;999.3833000000004;
209.99818280509177;999.4720000000029;999.3833000000004;998.2395999999999;998.2395999999999;999.6832000000018;999.2952000000005;999.5864000000023;999.2952000000005;998.7678000000001;998.7678000000001;998.7678000000001;998.7678000000001;998.2394999999999;998.7678000000001;998.2395999999999;999.3833000000004;
209.99818280509177;999.4720000000029;999.3833000000004;998.2395999999999;998.2395999999999;999.6832000000018;999.2952000000005;999.5864000000023;999.2952000000005;998.7678000000001;998.7678000000001;998.7678000000001;998.7678000000001;997.7994999999999;998.7678000000001;998.2395999999999;999.3833000000004;
209.99854497781797;999.4720000000029;999.3833000000004;998.2395999999999;998.2395999999999;999.6832000000018;999.2952000000005;999.5776000000023;999.2952000000005;998.7678000000001;998.7678000000001;998.7678000000001;998.7678000000001;997.7994999999999;998.7678000000001;998.2395999999999;999.3833000000004;
209.99999999999991;999.4720000000029;999.3833000000004;998.2395999999999;998.2395999999999;999.6832000000018;999.2952000000005;999.5776000000023;999.2952000000005;998.7678000000001;998.7678000000001;998.7678000000001;998.7678000000001;997.7994999999999;998.7678000000001;998.2395999999999;999.3833000000004;
210.00246047424957;999.463200000003;999.3833000000004;998.2395999999999;998.2395999999999;999.6832000000018;999.2952000000005;999.5776000000023;999.2952000000005;998.7678000000001;998.7678000000001;998.7678000000001;998.7678000000001;997.7994999999999;998.7678000000001;998.2395999999999;999.3833000000004;
210.00277370836034;999.463200000003;999.3833000000004;998.2395999999999;998.2395999999999;999.6832000000018;999.2952000000005;999.5776000000023;999.2952000000005;998.7678000000001;998.7678000000001;998.7678000000001;998.7678000000001;997.7994999999999;998.7678000000001;998.2395999999999;999.3832000000004;
210.00277370836034;999.463200000003;999.3833000000004;998.2395999999999;998.2395999999999;999.6832000000018;999.2952000000005;999.5776000000023;999.2952000000005;998.7678000000001;998.7678000000001;998.7678000000001;998.7678000000001;997.7994999999999;998.7678000000001;998.2395999999999;999.2952000000005;
210.99325231767108;999.454400000003;999.2952000000005;998.2395999999999;998.2395999999999;999.6568000000019;999.2952000000005;999.5688000000024;999.2952000000005;998.7678000000001;998.7678000000001;998.7678000000001;998.7678000000001;997.7994999999999;998.7678000000001;997.7994999999999;999.2952000000005;
211.9932756575242;999.4456000000031;999.2952000000005;998.2395999999999;998.2395999999999;999.648000000002;999.2952000000005;999.5512000000025;999.2952000000005;998.7678000000001;998.7678000000001;998.7678000000001;998.7678000000001;997.7994999999999;998.7678000000001;997.7994999999999;999.2952000000005;
212.99329899737734;999.4368000000031;999.2952000000005;998.2395999999999;998.2395999999999;999.648000000002;999.2952000000005;999.5424000000025;999.2952000000005;998.7678000000001;998.7678000000001;998.7678000000001;998.7678000000001;997.7994999999999;998.7678000000001;997.7994999999999;999.2952000000005;
212.99999999999986;999.4368000000031;999.2952000000005;998.2395999999999;998.2395999999999;999.648000000002;999.2952000000005;999.5424000000025;999.2952000000005;998.7678000000001;998.7678000000001;998.7678000000001;998.7678000000001;997.7994999999999;998.7678000000001;997.7994999999999;999.2952000000005;
213.99999999999986;999.4368000000031;999.2952000000005;998.2395999999999;998.2395999999999;999.648000000002;999.2952000000005;999.5424000000025;999.2952000000005;998.7678000000001;998.7678000000001;998.7678000000001;998.7678000000001;997.7994999999999;998.7678000000001;997.7994999999999;999.2952000000005;
214.99999999999986;999.4368000000031;999.2952000000005;998.2395999999999;998.2395999999999;999.648000000002;999.2952000000005;999.5424000000025;999.2952000000005;998.7678000000001;998.7678000000001;998.7678000000001;998.7678000000001;997.7994999999999;998.7678000000001;997.7994999999999;999.2952000000005;
215.99999999999986;999.4368000000031;999.2952000000005;998.2395999999999;998.2395999999999;999.648000000002;999.2952000000005;999.5424000000025;999.2952000000005;998.7678000000001;998.7678000000001;998.7678000000001;998.7678000000001;997.7994999999999;998.7678000000001;997.7994999999999;999.2952000000005;
216.99999999999986;999.4368000000031;999.2952000000005;998.2395999999999;998.2395999999999;999.648000000002;999.2952000000005;999.5424000000025;999.2952000000005;998.7678000000001;998.7678000000001;998.7678000000001;998.7678000000001;997.7994999999999;998.7678000000001;997.7994999999999;999.2952000000005;
217.99999999999986;999.4368000000031;999.2952000000005;998.2395999999999;998.2395999999999;999.648000000002;999.2952000000005;999.5424000000025;999.2952000000005;998.7678000000001;998.7678000000001;998.7678000000001;998.7678000000001;997.7994999999999;998.7678000000001;997.7994999999999;999.2952000000005;
218.99999999999986;999.4368000000031;999.2952000000005;998.2395999999999;998.2395999999999;999.648000000002;999.2952000000005;999.5424000000025;999.2952000000005;998.7678000000001;998.7678000000001;998.7678000000001;998.7678000000001;997.7994999999999;998.7678000000001;997.7994999999999;999.2952000000005;
219.99999999999986;999.4368000000031;999.2952000000005;998.2395999999999;998.2395999999999;999.648000000002;999.2952000000005;999.5424000000025;999.2952000000005;998.7678000000001;998.7678000000001;998.7678000000001;998.7678000000001;997.7994999999999;998.7678000000001;997.7994999999999;999.2952000000005;
220.99999999999986;999.4368000000031;999.2952000000005;998.2395999999999;998.2395999999999;999.648000000002;999.2952000000005;999.5424000000025;999.2952000000005;998.7678000000001;998.7678000000001;998.7678000000001;998.7678000000001;997.7994999999999;998.7678000000001;997.7994999999999;999.2952000000005;
221.99999999999986;999.4368000000031;999.2952000000005;998.2395999999999;998.2395999999999;999.648000000002;999.2952000000005;999.5424000000025;999.2952000000005;998.7678000000001;998.7678000000001;998.7678000000001;998.7678000000001;997.7994999999999;998.7678000000001;997.7994999999999;999.2952000000005;
222.99999999999986;999.4368000000031;999.2952000000005;998.2395999999999;998.2395999999999;999.648000000002;999.2952000000005;999.5424000000025;999.2952000000005;998.7678000000001;998.7678000000001;998.7678000000001;998.7678000000001;997.7994999999999;998.7678000000001;997.7994999999999;999.2952000000005;
223.99999999999986;999.4368000000031;999.2952000000005;998.2395999999999;998.2395999999999;999.648000000002;999.2952000000005;999.5424000000025;999.2952000000005;998.7678000000001;998.7678000000001;998.7678000000001;998.7678000000001;997.7994999999999;998.7678000000001;997.7994999999999;999.2952000000005;
224.99999999999986;999.4368000000031;999.2952000000005;998.2395999999999;998.2395999999999;999.648000000002;999.2952000000005;999.5424000000025;999.2952000000005;998.7678000000001;998.7678000000001;998.7678000000001;998.7678000000001;997.7994999999999;998.7678000000001;997.7994999999999;999.2952000000005;
225.99999999999986;999.4368000000031;999.2952000000005;998.2395999999999;998.2395999999999;999.648000000002;999.2952000000005;999.5424000000025;999.2952000000005;998.7678000000001;998.7678000000001;998.7678000000001;998.7678000000001;997.7994999999999;998.7678000000001;997.7994999999999;999.2952000000005;
226.99999999999986;999.4368000000031;999.2952000000005;998.2395999999999;998.2395999999999;999.648000000002;999.2952000000005;999.5424000000025;999.2952000000005;998.7678000000001;998.7678000000001;998.7678000000001;998.7678000000001;997.7994999999999;998.7678000000001;997.7994999999999;999.2952000000005;
227.99999999999986;999.4368000000031;999.2952000000005;998.2395999999999;998.2395999999999;999.648000000002;999.2952000000005;999.5424000000025;999.2952000000005;998.7678000000001;998.7678000000001;998.7678000000001;998.7678000000001;997.7994999999999;998.7678000000001;997.7994999999999;999.2952000000005;
228.99999999999986;999.4368000000031;999.2952000000005;998.2395999999999;998.2395999999999;999.648000000002;999.2952000000005;999.5424000000025;999.2952000000005;998.7678000000001;998.7678000000001;998.7678000000001;998.7678000000001;997.7994999999999;998.7678000000001;997.7994999999999;999.2952000000005;
229.99999999999986;999.4368000000031;999.2952000000005;998.2395999999999;998.2395999999999;999.648000000002;999.2952000000005;999.5424000000025;999.2952000000005;998.7678000000001;998.7678000000001;998.7678000000001;998.7678000000001;997.7994999999999;998.7678000000001;997.7994999999999;999.2952000000005;
230.99999999999986;999.4368000000031;999.2952000000005;998.2395999999999;998.2395999999999;999.648000000002;999.2952000000005;999.5424000000025;999.2952000000005;998.7678000000001;998.7678000000001;998.7678000000001;998.7678000000001;997.7994999999999;998.7678000000001;997.7994999999999;999.2952000000005;
231.99999999999986;999.4368000000031;999.2952000000005;998.2395999999999;998.2395999999999;999.648000000002;999.2952000000005;999.5424000000025;999.2952000000005;998.7678000000001;998.7678000000001;998.7678000000001;998.7678000000001;997.7994999999999;998.7678000000001;997.7994999999999;999.2952000000005;
232.99999999999986;999.4368000000031;999.2952000000005;998.2395999999999;998.2395999999999;999.648000000002;999.2952000000005;999.5424000000025;999.2952000000005;998.7678000000001;998.7678000000001;998.7678000000001;998.7678000000001;997.7994999999999;998.7678000000001;997.7994999999999;999.2952000000005;
233.99999999999986;999.4368000000031;999.2952000000005;998.2395999999999;998.2395999999999;999.648000000002;999.2952000000005;999.5424000000025;999.2952000000005;998.7678000000001;998.7678000000001;998.7678000000001;998.7678000000001;997.7994999999999;998.7678000000001;997.7994999999999;999.2952000000005;
234.99999999999986;999.4368000000031;999.2952000000005;998.2395999999999;998.2395999999999;999.648000000002;999.2952000000005;999.5424000000025;999.2952000000005;998.7678000000001;998.7678000000001;998.7678000000001;998.7678000000001;997.7994999999999;998.7678000000001;997.7994999999999;999.2952000000005;
235.99999999999986;999.4368000000031;999.2952000000005;998.2395999999999;998.2395999999999;999.648000000002;999.2952000000005;999.5424000000025;999.2952000000005;998.7678000000001;998.7678000000001;998.7678000000001;998.7678000000001;997.7994999999999;998.7678000000001;997.7994999999999;999.2952000000005;
236.99999999999986;999.4368000000031;999.2952000000005;998.2395999999999;998.2395999999999;999.648000000002;999.2952000000005;999.5424000000025;999.2952000000005;998.7678000000001;998.7678000000001;998.7678000000001;998.7678000000001;997.7994999999999;998.7678000000001;997.7994999999999;999.2952000000005;
237.99999999999986;999.4368000000031;999.2952000000005;998.2395999999999;998.2395999999999;999.648000000002;999.2952000000005;999.5424000000025;999.2952000000005;998.7678000000001;998.7678000000001;998.7678000000001;998.7678000000001;997.7994999999999;998.7678000000001;997.7994999999999;999.2952000000005;
238.99999999999986;999.4368000000031;999.2952000000005;998.2395999999999;998.2395999999999;999.648000000002;999.2952000000005;999.5424000000025;999.2952000000005;998.7678000000001;998.7678000000001;998.7678000000001;998.7678000000001;997.7994999999999;998.7678000000001;997.7994999999999;999.2952000000005;
239.98601866767427;999.4368000000031;999.2952000000005;998.2395999999999;998.2395999999999;999.648000000002;999.2951000000005;999.5424000000025;999.2952000000005;998.7678000000001;998.7678000000001;998.7678000000001;998.7678000000001;997.7994999999999;998.7678000000001;997.7994999999999;999.2952000000005;
239.98601866767427;999.4368000000031;999.2952000000005;998.2395999999999;998.2395999999999;999.648000000002;999.2071000000005;999.5424000000025;999.2952000000005;998.7678000000001;998.7678000000001;998.7678000000001;998.7678000000001;997.7994999999999;998.7678000000001;997.7994999999999;999.2952000000005;
239.99133466767427;999.4280000000032;999.2952000000005;998.2395999999999;998.2395999999999;999.648000000002;999.2071000000005;999.5424000000025;999.2952000000005;998.7678000000001;998.7678000000001;998.7678000000001;998.7678000000001;997.7994999999999;998.7678000000001;997.7994999999999;999.2952000000005;
239.99133466767427;999.4192000000032;999.2952000000005;998.2395999999999;998.2395999999999;999.648000000002;999.2071000000005;999.5424000000025;999.2952000000005;998.7678000000001;998.7678000000001;998.7678000000001;998.7678000000001;997.7994999999999;998.7678000000001;997.7994999999999;999.2952000000005;
239.99287724351387;999.4192000000032;999.2952000000005;998.2394999999999;998.2395999999999;999.648000000002;999.2071000000005;999.5424000000025;999.2952000000005;998.7678000000001;998.7678000000001;998.7678000000001;998.7678000000001;997.7994999999999;998.7678000000001;997.7994999999999;999.2952000000005;
239.99287724351387;999.4192000000032;999.2952000000005;997.7994999999999;998.2395999999999;999.648000000002;999.2071000000005;999.5424000000025;999.2952000000005;998.7678000000001;998.7678000000001;998.7678000000001;998.7678000000001;997.7994999999999;998.7678000000001;997.7994999999999;999.2952000000005;
239.9953041869397;999.4192000000032;999.2952000000005;997.7994999999999;998.2394999999999;999.648000000002;999.2071000000005;999.5424000000025;999.2952000000005;998.7678000000001;998.7678000000001;998.7678000000001;998.7678000000001;997.7994999999999;998.7678000000001;997.7994999999999;999.2952000000005;
239.9953041869397;999.4192000000032;999.2952000000005;997.7994999999999;997.7994999999999;999.648000000002;999.2071000000005;999.5424000000025;999.2952000000005;998.7678000000001;998.7678000000001;998.7678000000001;998.7678000000001;997.7994999999999;998.7678000000001;997.7994999999999;999.2952000000005;
239.99662839590994;999.4192000000032;999.2952000000005;997.7994999999999;997.7994999999999;999.648000000002;999.2071000000005;999.5424000000025;999.2951000000005;998.7678000000001;998.7678000000001;998.7678000000001;998.7678000000001;997.7994999999999;998.7678000000001;997.7994999999999;999.2952000000005;
239.99662839590994;999.4192000000032;999.2952000000005;997.7994999999999;997.7994999999999;999.648000000002;999.2071000000005;999.5424000000025;999.2071000000005;998.7678000000001;998.7678000000001;998.7678000000001;998.7678000000001;997.7994999999999;998.7678000000001;997.7994999999999;999.2952000000005;
239.9966506676743;999.4192000000032;999.2952000000005;997.7994999999999;997.7994999999999;999.648000000002;999.2071000000005;999.5336000000026;999.2071000000005;998.7678000000001;998.7678000000001;998.7678000000001;998.7678000000001;997.7994999999999;998.7678000000001;997.7994999999999;999.2952000000005;
239.99770642950344;999.4192000000032;999.2952000000005;997.7994999999999;997.7994999999999;999.648000000002;999.2071000000005;999.5336000000026;999.2071000000005;998.7678000000001;998.7678000000001;998.7678000000001;998.7678000000001;997.7993999999999;998.7678000000001;997.7994999999999;999.2952000000005;
240.9913580075274;999.3928000000034;999.2071000000005;997.7994999999999;997.7994999999999;999.6216000000021;999.2071000000005;999.5248000000026;999.2071000000005;998.7678000000001;998.7678000000001;998.7678000000001;998.7678000000001;997.3593999999998;998.7678000000001;997.7994999999999;999.2071000000005;
240.9913580075274;999.3840000000034;999.2071000000005;997.7994999999999;997.7994999999999;999.6216000000021;999.2071000000005;999.5248000000026;999.2071000000005;998.7678000000001;998.7678000000001;998.7678000000001;998.7678000000001;997.3593999999998;998.7678000000001;997.7994999999999;999.2071000000005;
241.99138134738052;999.3840000000034;999.2071000000005;997.7994999999999;997.7994999999999;999.6128000000022;999.2071000000005;999.5072000000027;999.2071000000005;998.7678000000001;998.7678000000001;998.7678000000001;998.7678000000001;997.3593999999998;998.7678000000001;997.7994999999999;999.2071000000005;
242.99140468723365;999.3752000000035;999.2071000000005;997.7994999999999;997.7994999999999;999.6128000000022;999.2071000000005;999.4984000000028;999.2071000000005;998.7678000000001;998.7678000000001;998.7678000000001;998.7678000000001;997.3593999999998;998.7678000000001;997.7994999999999;999.2071000000005;
242.99140468723365;999.3664000000035;999.2071000000005;997.7994999999999;997.7994999999999;999.6128000000022;999.2071000000005;999.4984000000028;999.2071000000005;998.7678000000001;998.7678000000001;998.7678000000001;998.7678000000001;997.3593999999998;998.7678000000001;997.7994999999999;999.2071000000005;
243.99142802708678;999.3664000000035;999.2071000000005;997.7994999999999;997.7994999999999;999.6128000000022;999.2071000000005;999.4896000000028;999.2071000000005;998.7678000000001;998.7678000000001;998.7678000000001;998.7678000000001;997.3593999999998;998.7678000000001;997.7994999999999;999.2071000000005;
244.99999999999983;999.3664000000035;999.2071000000005;997.7994999999999;997.7994999999999;999.6128000000022;999.2071000000005;999.4896000000028;999.2071000000005;998.7678000000001;998.7678000000001;998.7678000000001;998.7678000000001;997.3593999999998;998.7678000000001;997.7994999999999;999.2071000000005;
245.99999999999983;999.3664000000035;999.2071000000005;997.7994999999999;997.7994999999999;999.6128000000022;999.2071000000005;999.4896000000028;999.2071000000005;998.7678000000001;998.7678000000001;998.7678000000001;998.7678000000001;997.3593999999998;998.7678000000001;997.7994999999999;999.2071000000005;
246.99999999999983;999.3664000000035;999.2071000000005;997.7994999999999;997.7994999999999;999.6128000000022;999.2071000000005;999.4896000000028;999.2071000000005;998.7678000000001;998.7678000000001;998.7678000000001;998.7678000000001;997.3593999999998;998.7678000000001;997.7994999999999;999.2071000000005;
247.99999999999983;999.3664000000035;999.2071000000005;997.7994999999999;997.7994999999999;999.6128000000022;999.2071000000005;999.4896000000028;999.2071000000005;998.7678000000001;998.7678000000001;998.7678000000001;998.7678000000001;997.3593999999998;998.7678000000001;997.7994999999999;999.2071000000005;
248.99999999999983;999.3664000000035;999.2071000000005;997.7994999999999;997.7994999999999;999.6128000000022;999.2071000000005;999.4896000000028;999.2071000000005;998.7678000000001;998.7678000000001;998.7678000000001;998.7678000000001;997.3593999999998;998.7678000000001;997.7994999999999;999.2071000000005;
249.99999999999983;999.3664000000035;999.2071000000005;997.7994999999999;997.7994999999999;999.6128000000022;999.2071000000005;999.4896000000028;999.2071000000005;998.7678000000001;998.7678000000001;998.7678000000001;998.7678000000001;997.3593999999998;998.7678000000001;997.7994999999999;999.2071000000005;
250.99999999999983;999.3664000000035;999.2071000000005;997.7994999999999;997.7994999999999;999.6128000000022;999.2071000000005;999.4896000000028;999.2071000000005;998.7678000000001;998.7678000000001;998.7678000000001;998.7678000000001;997.3593999999998;998.7678000000001;997.7994999999999;999.2071000000005;
251.99999999999983;999.3664000000035;999.2071000000005;997.7994999999999;997.7994999999999;999.6128000000022;999.2071000000005;999.4896000000028;999.2071000000005;998.7678000000001;998.7678000000001;998.7678000000001;998.7678000000001;997.3593999999998;998.7678000000001;997.7994999999999;999.2071000000005;
252.99999999999983;999.3664000000035;999.2071000000005;997.7994999999999;997.7994999999999;999.6128000000022;999.2071000000005;999.4896000000028;999.2071000000005;998.7678000000001;998.7678000000001;998.7678000000001;998.7678000000001;997.3593999999998;998.7678000000001;997.7994999999999;999.2071000000005;
253.99999999999983;999.3664000000035;999.2071000000005;997.7994999999999;997.7994999999999;999.6128000000022;999.2071000000005;999.4896000000028;999.2071000000005;998.7678000000001;998.7678000000001;998.7678000000001;998.7678000000001;997.3593999999998;998.7678000000001;997.7994999999999;999.2071000000005;
254.99999999999983;999.3664000000035;999.2071000000005;997.7994999999999;997.7994999999999;999.6128000000022;999.2071000000005;999.4896000000028;999.2071000000005;998.7678000000001;998.7678000000001;998.7678000000001;998.7678000000001;997.3593999999998;998.7678000000001;997.7994999999999;999.2071000000005;
255.99999999999983;999.3664000000035;999.2071000000005;997.7994999999999;997.7994999999999;999.6128000000022;999.2071000000005;999.4896000000028;999.2071000000005;998.7678000000001;998.7678000000001;998.7678000000001;998.7678000000001;997.3593999999998;998.7678000000001;997.7994999999999;999.2071000000005;
256.99999999999983;999.3664000000035;999.2071000000005;997.7994999999999;997.7994999999999;999.6128000000022;999.2071000000005;999.4896000000028;999.2071000000005;998.7678000000001;998.7678000000001;998.7678000000001;998.7678000000001;997.3593999999998;998.7678000000001;997.7994999999999;999.2071000000005;
257.99999999999983;999.3664000000035;999.2071000000005;997.7994999999999;997.7994999999999;999.6128000000022;999.2071000000005;999.4896000000028;999.2071000000005;998.7678000000001;998.7678000000001;998.7678000000001;998.7678000000001;997.3593999999998;998.7678000000001;997.7994999999999;999.2071000000005;
258.99999999999983;999.3664000000035;999.2071000000005;997.7994999999999;997.7994999999999;999.6128000000022;999.2071000000005;999.4896000000028;999.2071000000005;998.7678000000001;998.7678000000001;998.7678000000001;998.7678000000001;997.3593999999998;998.7678000000001;997.7994999999999;999.2071000000005;
259.99999999999983;999.3664000000035;999.2071000000005;997.7994999999999;997.7994999999999;999.6128000000022;999.2071000000005;999.4896000000028;999.2071000000005;998.7678000000001;998.7678000000001;998.7678000000001;998.7678000000001;997.3593999999998;998.7678000000001;997.7994999999999;999.2071000000005;
260.99999999999983;999.3664000000035;999.2071000000005;997.7994999999999;997.7994999999999;999.6128000000022;999.2071000000005;999.4896000000028;999.2071000000005;998.7678000000001;998.7678000000001;998.7678000000001;998.7678000000001;997.3593999999998;998.7678000000001;997.7994999999999;999.2071000000005;
261.99999999999983;999.3664000000035;999.2071000000005;997.7994999999999;997.7994999999999;999.6128000000022;999.2071000000005;999.4896000000028;999.2071000000005;998.7678000000001;998.7678000000001;998.7678000000001;998.7678000000001;997.3593999999998;998.7678000000001;997.7994999999999;999.2071000000005;
262.99999999999983;999.3664000000035;999.2071000000005;997.7994999999999;997.7994999999999;999.6128000000022;999.2071000000005;999.4896000000028;999.2071000000005;998.7678000000001;998.7678000000001;998.7678000000001;998.7678000000001;997.3593999999998;998.7678000000001;997.7994999999999;999.2071000000005;
263.99999999999983;999.3664000000035;999.2071000000005;997.7994999999999;997.7994999999999;999.6128000000022;999.2071000000005;999.4896000000028;999.2071000000005;998.7678000000001;998.7678000000001;998.7678000000001;998.7678000000001;997.3593999999998;998.7678000000001;997.7994999999999;999.2071000000005;
264.99999999999983;999.3664000000035;999.2071000000005;997.7994999999999;997.7994999999999;999.6128000000022;999.2071000000005;999.4896000000028;999.2071000000005;998.7678000000001;998.7678000000001;998.7678000000001;998.7678000000001;997.3593999999998;998.7678000000001;997.7994999999999;999.2071000000005;
265.99999999999983;999.3664000000035;999.2071000000005;997.7994999999999;997.7994999999999;999.6128000000022;999.2071000000005;999.4896000000028;999.2071000000005;998.7678000000001;998.7678000000001;998.7678000000001;998.7678000000001;997.3593999999998;998.7678000000001;997.7994999999999;999.2071000000005;
266.99999999999983;999.3664000000035;999.2071000000005;997.7994999999999;997.7994999999999;999.6128000000022;999.2071000000005;999.4896000000028;999.2071000000005;998.7678000000001;998.7678000000001;998.7678000000001;998.7678000000001;997.3593999999998;998.7678000000001;997.7994999999999;999.2071000000005;
267.99999999999983;999.3664000000035;999.2071000000005;997.7994999999999;997.7994999999999;999.6128000000022;999.2071000000005;999.4896000000028;999.2071000000005;998.7678000000001;998.7678000000001;998.7678000000001;998.7678000000001;997.3593999999998;998.7678000000001;997.7994999999999;999.2071000000005;
268.99999999999983;999.3664000000035;999.2071000000005;997.7994999999999;997.7994999999999;999.6128000000022;999.2071000000005;999.4896000000028;999.2071000000005;998.7678000000001;998.7678000000001;998.7678000000001;998.7678000000001;997.3593999999998;998.7678000000001;997.7994999999999;999.2071000000005;
269.98412435753056;999.3664000000035;999.2071000000005;997.7994999999999;997.7994999999999;999.6128000000022;999.2070000000006;999.4896000000028;999.2071000000005;998.7678000000001;998.7678000000001;998.7678000000001;998.7678000000001;997.3593999999998;998.7678000000001;997.7994999999999;999.2071000000005;
269.98412435753056;999.3664000000035;999.2071000000005;997.7994999999999;997.7994999999999;999.6128000000022;999.1190000000006;999.4896000000028;999.2071000000005;998.7678000000001;998.7678000000001;998.7678000000001;998.7678000000001;997.3593999999998;998.7678000000001;997.7994999999999;999.2071000000005;
269.98944035753055;999.3576000000036;999.2071000000005;997.7994999999999;997.7994999999999;999.6128000000022;999.1190000000006;999.4896000000028;999.2071000000005;998.7678000000001;998.7678000000001;998.7678000000001;998.7678000000001;997.3593999999998;998.7678000000001;997.7994999999999;999.2071000000005;
269.98944035753055;999.3488000000036;999.2071000000005;997.7994999999999;997.7994999999999;999.6128000000022;999.1190000000006;999.4896000000028;999.2071000000005;998.7678000000001;998.7678000000001;998.7678000000001;998.7678000000001;997.3593999999998;998.7678000000001;997.7994999999999;999.2071000000005;
269.99475635753055;999.3488000000036;999.2071000000005;997.7994999999999;997.7994999999999;999.6128000000022;999.1190000000006;999.4808000000029;999.2071000000005;998.7678000000001;998.7678000000001;998.7678000000001;998.7678000000001;997.3593999999998;998.7678000000001;997.7994999999999;999.2071000000005;
269.99611231757024;999.3488000000036;999.2071000000005;997.7994999999999;997.7994999999999;999.6128000000022;999.1190000000006;999.4808000000029;999.2070000000006;998.7678000000001;998.7678000000001;998.7678000000001;998.7678000000001;997.3593999999998;998.7678000000001;997.7994999999999;999.2071000000005;
269.99611231757024;999.3488000000036;999.2071000000005;997.7994999999999;997.7994999999999;999.6128000000022;999.1190000000006;999.4808000000029;999.1190000000006;998.7678000000001;998.7678000000001;998.7678000000001;998.7678000000001;997.3593999999998;998.7678000000001;997.7994999999999;999.2071000000005;
269.9999999999998;999.3488000000036;999.2071000000005;997.7994999999999;997.7994999999999;999.6128000000022;999.1190000000006;999.4808000000029;999.1190000000006;998.7678000000001;998.7678000000001;998.7678000000001;998.7678000000001;997.3593999999998;998.7678000000001;997.7994999999999;999.2071000000005;
270.00142831757023;999.3400000000037;999.2071000000005;997.7994999999999;997.7994999999999;999.6128000000022;999.1190000000006;999.4808000000029;999.1190000000006;998.7678000000001;998.7678000000001;998.7678000000001;998.7678000000001;997.3593999999998;998.7678000000001;997.7994999999999;999.2071000000005;
270.0034189885929;999.3400000000037;999.2071000000005;997.7994999999999;997.7994999999999;999.6128000000022;999.1190000000006;999.4808000000029;999.1190000000006;998.7678000000001;998.7678000000001;998.7678000000001;998.7678000000001;997.3593999999998;998.7678000000001;997.7994999999999;999.2070000000006;
270.0034189885929;999.3400000000037;999.2071000000005;997.7994999999999;997.7994999999999;999.6128000000022;999.1190000000006;999.4808000000029;999.1190000000006;998.7678000000001;998.7678000000001;998.7678000000001;998.7678000000001;997.3593999999998;998.7678000000001;997.7994999999999;999.1190000000006;
270.0061540830726;999.3400000000037;999.2070000000006;997.7994999999999;997.7994999999999;999.6128000000022;999.1190000000006;999.4808000000029;999.1190000000006;998.7678000000001;998.7678000000001;998.7678000000001;998.7678000000001;997.3593999999998;998.7678000000001;997.7994999999999;999.1190000000006;
270.98946369738366;999.3312000000037;999.1190000000006;997.7994999999999;997.7994999999999;999.5952000000023;999.1190000000006;999.4720000000029;999.1190000000006;998.7678000000001;998.7678000000001;998.7678000000001;998.7678000000001;997.3593999999998;998.7678000000001;997.3593999999998;999.1190000000006;
270.98946369738366;999.3224000000038;999.1190000000006;997.7994999999999;997.7994999999999;999.5952000000023;999.1190000000006;999.4720000000029;999.1190000000006;998.7678000000001;998.7678000000001;998.7678000000001;998.7678000000001;997.3593999999998;998.7678000000001;997.3593999999998;999.1190000000006;
271.9894870372368;999.3224000000038;999.1190000000006;997.7994999999999;997.7994999999999;999.5952000000023;999.1190000000006;999.463200000003;999.1190000000006;998.7678000000001;998.7678000000001;998.7678000000001;998.7678000000001;997.3593999999998;998.7678000000001;997.3593999999998;999.1190000000006;
272.98951037708997;999.3136000000038;999.1190000000006;997.7994999999999;997.7994999999999;999.5952000000023;999.1190000000006;999.454400000003;999.1190000000006;998.7678000000001;998.7678000000001;998.7678000000001;998.7678000000001;997.3593999999998;998.7678000000001;997.3593999999998;999.1190000000006;
272.9999999999998;999.3136000000038;999.1190000000006;997.7994999999999;997.7994999999999;999.5952000000023;999.1190000000006;999.454400000003;999.1190000000006;998.7678000000001;998.7678000000001;998.7678000000001;998.7678000000001;997.3593999999998;998.7678000000001;997.3593999999998;999.1190000000006;
273.9999999999998;999.3136000000038;999.1190000000006;997.7994999999999;997.7994999999999;999.5952000000023;999.1190000000006;999.454400000003;999.1190000000006;998.7678000000001;998.7678000000001;998.7678000000001;998.7678000000001;997.3593999999998;998.7678000000001;997.3593999999998;999.1190000000006;
274.9999999999998;999.3136000000038;999.1190000000006;997.7994999999999;997.7994999999999;999.5952000000023;999.1190000000006;999.454400000003;999.1190000000006;998.7678000000001;998.7678000000001;998.7678000000001;998.7678000000001;997.3593999999998;998.7678000000001;997.3593999999998;999.1190000000006;
275.9999999999998;999.3136000000038;999.1190000000006;997.7994999999999;997.7994999999999;999.5952000000023;999.1190000000006;999.454400000003;999.1190000000006;998.7678000000001;998.7678000000001;998.7678000000001;998.7678000000001;997.3593999999998;998.7678000000001;997.3593999999998;999.1190000000006;
276.9999999999998;999.3136000000038;999.1190000000006;997.7994999999999;997.7994999999999;999.5952000000023;999.1190000000006;999.454400000003;999.1190000000006;998.7678000000001;998.7678000000001;998.7678000000001;998.7678000000001;997.3593999999998;998.7678000000001;997.3593999999998;999.1190000000006;
277.9999999999998;999.3136000000038;999.1190000000006;997.7994999999999;997.7994999999999;999.5952000000023;999.1190000000006;999.454400000003;999.1190000000006;998.7678000000001;998.7678000000001;998.7678000000001;998.7678000000001;997.3593999999998;998.7678000000001;997.3593999999998;999.1190000000006;
278.9999999999998;999.3136000000038;999.1190000000006;997.7994999999999;997.7994999999999;999.5952000000023;999.1190000000006;999.454400000003;999.1190000000006;998.7678000000001;998.7678000000001;998.7678000000001;998.7678000000001;997.3593999999998;998.7678000000001;997.3593999999998;999.1190000000006;
279.9999999999998;999.3136000000038;999.1190000000006;997.7994999999999;997.7994999999999;999.5952000000023;999.1190000000006;999.454400000003;999.1190000000006;998.7678000000001;998.7678000000001;998.7678000000001;998.7678000000001;997.3593999999998;998.7678000000001;997.3593999999998;999.1190000000006;
280.9999999999998;999.3136000000038;999.1190000000006;997.7994999999999;997.7994999999999;999.5952000000023;999.1190000000006;999.454400000003;999.1190000000006;998.7678000000001;998.7678000000001;998.7678000000001;998.7678000000001;997.3593999999998;998.7678000000001;997.3593999999998;999.1190000000006;
281.9999999999998;999.3136000000038;999.1190000000006;997.7994999999999;997.7994999999999;999.5952000000023;999.1190000000006;999.454400000003;999.1190000000006;998.7678000000001;998.7678000000001;998.7678000000001;998.7678000000001;997.3593999999998;998.7678000000001;997.3593999999998;999.1190000000006;
282.9999999999998;999.3136000000038;999.1190000000006;997.7994999999999;997.7994999999999;999.5952000000023;999.1190000000006;999.454400000003;999.1190000000006;998.7678000000001;998.7678000000001;998.7678000000001;998.7678000000001;997.3593999999998;998.7678000000001;997.3593999999998;999.1190000000006;
283.9999999999998;999.3136000000038;999.1190000000006;997.7994999999999;997.7994999999999;999.5952000000023;999.1190000000006;999.454400000003;999.1190000000006;998.7678000000001;998.7678000000001;998.7678000000001;998.7678000000001;997.3593999999998;998.7678000000001;997.3593999999998;999.1190000000006;
284.9999999999998;999.3136000000038;999.1190000000006;997.7994999999999;997.7994999999999;999.5952000000023;999.1190000000006;999.454400000003;999.1190000000006;998.7678000000001;998.7678000000001;998.7678000000001;998.7678000000001;997.3593999999998;998.7678000000001;997.3593999999998;999.1190000000006;
285.9999999999998;999.3136000000038;999.1190000000006;997.7994999999999;997.7994999999999;999.5952000000023;999.1190000000006;999.454400000003;999.1190000000006;998.7678000000001;998.7678000000001;998.7678000000001;998.7678000000001;997.3593999999998;998.7678000000001;997.3593999999998;999.1190000000006;
286.9999999999998;999.3136000000038;999.1190000000006;997.7994999999999;997.7994999999999;999.5952000000023;999.1190000000006;999.454400000003;999.1190000000006;998.7678000000001;998.7678000000001;998.7678000000001;998.7678000000001;997.3593999999998;998.7678000000001;997.3593999999998;999.1190000000006;
287.9999999999998;999.3136000000038;999.1190000000006;997.7994999999999;997.7994999999999;999.5952000000023;999.1190000000006;999.454400000003;999.1190000000006;998.7678000000001;998.7678000000001;998.7678000000001;998.7678000000001;997.3593999999998;998.7678000000001;997.3593999999998;999.1190000000006;
288.9999999999998;999.3136000000038;999.1190000000006;997.7994999999999;997.7994999999999;999.5952000000023;999.1190000000006;999.454400000003;999.1190000000006;998.7678000000001;998.7678000000001;998.7678000000001;998.7678000000001;997.3593999999998;998.7678000000001;997.3593999999998;999.1190000000006;
289.9999999999998;999.3136000000038;999.1190000000006;997.7994999999999;997.7994999999999;999.5952000000023;999.1190000000006;999.454400000003;999.1190000000006;998.7678000000001;998.7678000000001;998.7678000000001;998.7678000000001;997.3593999999998;998.7678000000001;997.3593999999998;999.1190000000006;
290.9999999999998;999.3136000000038;999.1190000000006;997.7994999999999;997.7994999999999;999.5952000000023;999.1190000000006;999.454400000003;999.1190000000006;998.7678000000001;998.7678000000001;998.7678000000001;998.7678000000001;997.3593999999998;998.7678000000001;997.3593999999998;999.1190000000006;
291.9999999999998;999.3136000000038;999.1190000000006;997.7994999999999;997.7994999999999;999.5952000000023;999.1190000000006;999.454400000003;999.1190000000006;998.7678000000001;998.7678000000001;998.7678000000001;998.7678000000001;997.3593999999998;998.7678000000001;997.3593999999998;999.1190000000006;
292.9999999999998;999.3136000000038;999.1190000000006;997.7994999999999;997.7994999999999;999.5952000000023;999.1190000000006;999.454400000003;999.1190000000006;998.7678000000001;998.7678000000001;998.7678000000001;998.7678000000001;997.3593999999998;998.7678000000001;997.3593999999998;999.1190000000006;
293.9999999999998;999.3136000000038;999.1190000000006;997.7994999999999;997.7994999999999;999.5952000000023;999.1190000000006;999.454400000003;999.1190000000006;998.7678000000001;998.7678000000001;998.7678000000001;998.7678000000001;997.3593999999998;998.7678000000001;997.3593999999998;999.1190000000006;
294.9999999999998;999.3136000000038;999.1190000000006;997.7994999999999;997.7994999999999;999.5952000000023;999.1190000000006;999.454400000003;999.1190000000006;998.7678000000001;998.7678000000001;998.7678000000001;998.7678000000001;997.3593999999998;998.7678000000001;997.3593999999998;999.1190000000006;
295.9999999999998;999.3136000000038;999.1190000000006;997.7994999999999;997.7994999999999;999.5952000000023;999.1190000000006;999.454400000003;999.1190000000006;998.7678000000001;998.7678000000001;998.7678000000001;998.7678000000001;997.3593999999998;998.7678000000001;997.3593999999998;999.1190000000006;
296.9999999999998;999.3136000000038;999.1190000000006;997.7994999999999;997.7994999999999;999.5952000000023;999.1190000000006;999.454400000003;999.1190000000006;998.7678000000001;998.7678000000001;998.7678000000001;998.7678000000001;997.3593999999998;998.7678000000001;997.3593999999998;999.1190000000006;
297.9999999999998;999.3136000000038;999.1190000000006;997.7994999999999;997.7994999999999;999.5952000000023;999.1190000000006;999.454400000003;999.1190000000006;998.7678000000001;998.7678000000001;998.7678000000001;998.7678000000001;997.3593999999998;998.7678000000001;997.3593999999998;999.1190000000006;
298.9999999999998;999.3136000000038;999.1190000000006;997.7994999999999;997.7994999999999;999.5952000000023;999.1190000000006;999.454400000003;999.1190000000006;998.7678000000001;998.7678000000001;998.7678000000001;998.7678000000001;997.3593999999998;998.7678000000001;997.3593999999998;999.1190000000006;
299.98223004738685;999.3136000000038;999.1190000000006;997.7994999999999;997.7994999999999;999.5952000000023;999.1189000000006;999.454400000003;999.1190000000006;998.7678000000001;998.7678000000001;998.7678000000001;998.7678000000001;997.3593999999998;998.7678000000001;997.3593999999998;999.1190000000006;
299.98223004738685;999.3136000000038;999.1190000000006;997.7994999999999;997.7994999999999;999.5952000000023;999.0309000000007;999.454400000003;999.1190000000006;998.7678000000001;998.7678000000001;998.7678000000001;998.7678000000001;997.3593999999998;998.7678000000001;997.3593999999998;999.1190000000006;
299.98754604738684;999.3048000000039;999.1190000000006;997.7994999999999;997.7994999999999;999.5952000000023;999.0309000000007;999.454400000003;999.1190000000006;998.7678000000001;998.7678000000001;998.7678000000001;998.7678000000001;997.3593999999998;998.7678000000001;997.3593999999998;999.1190000000006;
299.98754604738684;999.2960000000039;999.1190000000006;997.7994999999999;997.7994999999999;999.5952000000023;999.0309000000007;999.454400000003;999.1190000000006;998.7678000000001;998.7678000000001;998.7678000000001;998.7678000000001;997.3593999999998;998.7678000000001;997.3593999999998;999.1190000000006;
299.98953256704493;999.2960000000039;999.1190000000006;997.7993999999999;997.7994999999999;999.5952000000023;999.0309000000007;999.454400000003;999.1190000000006;998.7678000000001;998.7678000000001;998.7678000000001;998.7678000000001;997.3593999999998;998.7678000000001;997.3593999999998;999.1190000000006;
299.98953256704493;999.2960000000039;999.1190000000006;997.3593999999998;997.7994999999999;999.5952000000023;999.0309000000007;999.454400000003;999.1190000000006;998.7678000000001;998.7678000000001;998.7678000000001;998.7678000000001;997.3593999999998;998.7678000000001;997.3593999999998;999.1190000000006;
299.99235078153185;999.2960000000039;999.1190000000006;997.3593999999998;997.7994999999999;999.5952000000023;999.0309000000007;999.454400000003;999.1190000000006;998.7677000000001;998.7678000000001;998.7678000000001;998.7678000000001;997.3593999999998;998.7678000000001;997.3593999999998;999.1190000000006;
299.99235078153185;999.2960000000039;999.1190000000006;997.3593999999998;997.7994999999999;999.5952000000023;999.0309000000007;999.454400000003;999.1190000000006;998.1517000000001;998.7678000000001;998.7678000000001;998.7678000000001;997.3593999999998;998.7678000000001;997.3593999999998;999.1190000000006;
299.99286204738684;999.2960000000039;999.1190000000006;997.3593999999998;997.7994999999999;999.5952000000023;999.0309000000007;999.4456000000031;999.1190000000006;998.1517000000001;998.7678000000001;998.7678000000001;998.7678000000001;997.3593999999998;998.7678000000001;997.3593999999998;999.1190000000006;
299.99406708924056;999.2960000000039;999.1190000000006;997.3593999999998;997.7993999999999;999.5952000000023;999.0309000000007;999.4456000000031;999.1190000000006;998.1517000000001;998.7678000000001;998.7678000000001;998.7678000000001;997.3593999999998;998.7678000000001;997.3593999999998;999.1190000000006;
299.99406708924056;999.2960000000039;999.1190000000006;997.3593999999998;997.3593999999998;999.5952000000023;999.0309000000007;999.4456000000031;999.1190000000006;998.1517000000001;998.7678000000001;998.7678000000001;998.7678000000001;997.3593999999998;998.7678000000001;997.3593999999998;999.1190000000006;
299.9948485670449;999.287200000004;999.1190000000006;997.3593999999998;997.3593999999998;999.5952000000023;999.0309000000007;999.4456000000031;999.1190000000006;998.1517000000001;998.7678000000001;998.7678000000001;998.7678000000001;997.3593999999998;998.7678000000001;997.3593999999998;999.1190000000006;
300.98756938723983;999.2520000000042;999.0309000000007;997.3593999999998;997.3593999999998;999.5424000000025;999.0309000000007;999.4368000000031;999.0309000000007;998.1517000000001;998.1517000000001;998.1517000000001;998.1517000000001;996.9192999999998;998.1517000000001;997.3593999999998;999.0309000000007;
300.9999999999996;999.2432000000042;999.0309000000007;997.3593999999998;997.3593999999998;999.5336000000026;999.0309000000007;999.4280000000032;999.0309000000007;998.1517000000001;998.1517000000001;998.1517000000001;998.1517000000001;996.9192999999998;998.1517000000001;997.3593999999998;999.0309000000007;
301.987592727093;999.2432000000042;999.0309000000007;997.3593999999998;997.3593999999998;999.5336000000026;999.0309000000007;999.4192000000032;999.0309000000007;998.1517000000001;998.1517000000001;998.1517000000001;998.1517000000001;996.9192999999998;998.1517000000001;997.3593999999998;999.0309000000007;
302.9876160669461;999.2344000000043;999.0309000000007;997.3593999999998;997.3593999999998;999.5248000000026;999.0309000000007;999.4016000000033;999.0309000000007;998.1517000000001;998.1517000000001;998.1517000000001;998.1517000000001;996.9192999999998;998.1517000000001;997.3593999999998;999.0309000000007;
303.98763940679925;999.2256000000043;999.0309000000007;997.3593999999998;997.3593999999998;999.5160000000027;999.0309000000007;999.3840000000034;999.0309000000007;998.1517000000001;998.1517000000001;998.1517000000001;998.1517000000001;996.9192999999998;998.1517000000001;997.3593999999998;999.0309000000007;
303.98763940679925;999.2168000000044;999.0309000000007;997.3593999999998;997.3593999999998;999.5160000000027;999.0309000000007;999.3840000000034;999.0309000000007;998.1517000000001;998.1517000000001;998.1517000000001;998.1517000000001;996.9192999999998;998.1517000000001;997.3593999999998;999.0309000000007;
304.9876627466524;999.2168000000044;999.0309000000007;997.3593999999998;997.3593999999998;999.5072000000027;999.0309000000007;999.3664000000035;999.0309000000007;998.1517000000001;998.1517000000001;998.1517000000001;998.1517000000001;996.9192999999998;998.1517000000001;997.3593999999998;999.0309000000007;
305.98768608650556;999.2080000000044;999.0309000000007;997.3593999999998;997.3593999999998;999.5072000000027;999.0309000000007;999.3576000000036;999.0309000000007;998.1517000000001;998.1517000000001;998.1517000000001;998.1517000000001;996.9192999999998;998.1517000000001;997.3593999999998;999.0309000000007;
305.9999999999996;999.2080000000044;999.0309000000007;997.3593999999998;997.3593999999998;999.5072000000027;999.0309000000007;999.3576000000036;999.0309000000007;998.1517000000001;998.1517000000001;998.1517000000001;998.1517000000001;996.9192999999998;998.1517000000001;997.3593999999998;999.0309000000007;
306.9999999999996;999.2080000000044;999.0309000000007;997.3593999999998;997.3593999999998;999.5072000000027;999.0309000000007;999.3576000000036;999.0309000000007;998.1517000000001;998.1517000000001;998.1517000000001;998.1517000000001;996.9192999999998;998.1517000000001;997.3593999999998;999.0309000000007;
307.9999999999996;999.2080000000044;999.0309000000007;997.3593999999998;997.3593999999998;999.5072000000027;999.0309000000007;999.3576000000036;999.0309000000007;998.1517000000001;998.1517000000001;998.1517000000001;998.1517000000001;996.9192999999998;998.1517000000001;997.3593999999998;999.0309000000007;
308.9999999999996;999.2080000000044;999.0309000000007;997.3593999999998;997.3593999999998;999.5072000000027;999.0309000000007;999.3576000000036;999.0309000000007;998.1517000000001;998.1517000000001;998.1517000000001;998.1517000000001;996.9192999999998;998.1517000000001;997.3593999999998;999.0309000000007;
309.9999999999996;999.2080000000044;999.0309000000007;997.3593999999998;997.3593999999998;999.5072000000027;999.0309000000007;999.3576000000036;999.0309000000007;998.1517000000001;998.1517000000001;998.1517000000001;998.1517000000001;996.9192999999998;998.1517000000001;997.3593999999998;999.0309000000007;
310.9999999999996;999.2080000000044;999.0309000000007;997.3593999999998;997.3593999999998;999.5072000000027;999.0309000000007;999.3576000000036;999.0309000000007;998.1517000000001;998.1517000000001;998.1517000000001;998.1517000000001;996.9192999999998;998.1517000000001;997.3593999999998;999.0309000000007;
311.9999999999996;999.2080000000044;999.0309000000007;997.3593999999998;997.3593999999998;999.5072000000027;999.0309000000007;999.3576000000036;999.0309000000007;998.1517000000001;998.1517000000001;998.1517000000001;998.1517000000001;996.9192999999998;998.1517000000001;997.3593999999998;999.0309000000007;
312.9999999999996;999.2080000000044;999.0309000000007;997.3593999999998;997.3593999999998;999.5072000000027;999.0309000000007;999.3576000000036;999.0309000000007;998.1517000000001;998.1517000000001;998.1517000000001;998.1517000000001;996.9192999999998;998.1517000000001;997.3593999999998;999.0309000000007;
313.9999999999996;999.2080000000044;999.0309000000007;997.3593999999998;997.3593999999998;999.5072000000027;999.0309000000007;999.3576000000036;999.0309000000007;998.1517000000001;998.1517000000001;998.1517000000001;998.1517000000001;996.9192999999998;998.1517000000001;997.3593999999998;999.0309000000007;
314.9999999999996;999.2080000000044;999.0309000000007;997.3593999999998;997.3593999999998;999.5072000000027;999.0309000000007;999.3576000000036;999.0309000000007;998.1517000000001;998.1517000000001;998.1517000000001;998.1517000000001;996.9192999999998;998.1517000000001;997.3593999999998;999.0309000000007;
315.9999999999996;999.2080000000044;999.0309000000007;997.3593999999998;997.3593999999998;999.5072000000027;999.0309000000007;999.3576000000036;999.0309000000007;998.1517000000001;998.1517000000001;998.1517000000001;998.1517000000001;996.9192999999998;998.1517000000001;997.3593999999998;999.0309000000007;
316.9999999999996;999.2080000000044;999.0309000000007;997.3593999999998;997.3593999999998;999.5072000000027;999.0309000000007;999.3576000000036;999.0309000000007;998.1517000000001;998.1517000000001;998.1517000000001;998.1517000000001;996.9192999999998;998.1517000000001;997.3593999999998;999.0309000000007;
317.9999999999996;999.2080000000044;999.0309000000007;997.3593999999998;997.3593999999998;999.5072000000027;999.0309000000007;999.3576000000036;999.0309000000007;998.1517000000001;998.1517000000001;998.1517000000001;998.1517000000001;996.9192999999998;998.1517000000001;997.3593999999998;999.0309000000007;
318.9999999999996;999.2080000000044;999.0309000000007;997.3593999999998;997.3593999999998;999.5072000000027;999.0309000000007;999.3576000000036;999.0309000000007;998.1517000000001;998.1517000000001;998.1517000000001;998.1517000000001;996.9192999999998;998.1517000000001;997.3593999999998;999.0309000000007;
319.9999999999996;999.2080000000044;999.0309000000007;997.3593999999998;997.3593999999998;999.5072000000027;999.0309000000007;999.3576000000036;999.0309000000007;998.1517000000001;998.1517000000001;998.1517000000001;998.1517000000001;996.9192999999998;998.1517000000001;997.3593999999998;999.0309000000007;
320.9999999999996;999.2080000000044;999.0309000000007;997.3593999999998;997.3593999999998;999.5072000000027;999.0309000000007;999.3576000000036;999.0309000000007;998.1517000000001;998.1517000000001;998.1517000000001;998.1517000000001;996.9192999999998;998.1517000000001;997.3593999999998;999.0309000000007;
321.9999999999996;999.2080000000044;999.0309000000007;997.3593999999998;997.3593999999998;999.5072000000027;999.0309000000007;999.3576000000036;999.0309000000007;998.1517000000001;998.1517000000001;998.1517000000001;998.1517000000001;996.9192999999998;998.1517000000001;997.3593999999998;999.0309000000007;
322.9999999999996;999.2080000000044;999.0309000000007;997.3593999999998;997.3593999999998;999.5072000000027;999.0309000000007;999.3576000000036;999.0309000000007;998.1517000000001;998.1517000000001;998.1517000000001;998.1517000000001;996.9192999999998;998.1517000000001;997.3593999999998;999.0309000000007;
323.9999999999996;999.2080000000044;999.0309000000007;997.3593999999998;997.3593999999998;999.5072000000027;999.0309000000007;999.3576000000036;999.0309000000007;998.1517000000001;998.1517000000001;998.1517000000001;998.1517000000001;996.9192999999998;998.1517000000001;997.3593999999998;999.0309000000007;
324.9999999999996;999.2080000000044;999.0309000000007;997.3593999999998;997.3593999999998;999.5072000000027;999.0309000000007;999.3576000000036;999.0309000000007;998.1517000000001;998.1517000000001;998.1517000000001;998.1517000000001;996.9192999999998;998.1517000000001;997.3593999999998;999.0309000000007;
325.9999999999996;999.2080000000044;999.0309000000007;997.3593999999998;997.3593999999998;999.5072000000027;999.0309000000007;999.3576000000036;999.0309000000007;998.1517000000001;998.1517000000001;998.1517000000001;998.1517000000001;996.9192999999998;998.1517000000001;997.3593999999998;999.0309000000007;
326.9999999999996;999.2080000000044;999.0309000000007;997.3593999999998;997.3593999999998;999.5072000000027;999.0309000000007;999.3576000000036;999.0309000000007;998.1517000000001;998.1517000000001;998.1517000000001;998.1517000000001;996.9192999999998;998.1517000000001;997.3593999999998;999.0309000000007;
327.9999999999996;999.2080000000044;999.0309000000007;997.3593999999998;997.3593999999998;999.5072000000027;999.0309000000007;999.3576000000036;999.0309000000007;998.1517000000001;998.1517000000001;998.1517000000001;998.1517000000001;996.9192999999998;998.1517000000001;997.3593999999998;999.0309000000007;
328.9999999999996;999.2080000000044;999.0309000000007;997.3593999999998;997.3593999999998;999.5072000000027;999.0309000000007;999.3576000000036;999.0309000000007;998.1517000000001;998.1517000000001;998.1517000000001;998.1517000000001;996.9192999999998;998.1517000000001;997.3593999999998;999.0309000000007;
329.980335737243;999.2080000000044;999.0309000000007;997.3593999999998;997.3593999999998;999.5072000000027;999.0308000000007;999.3576000000036;999.0309000000007;998.1517000000001;998.1517000000001;998.1517000000001;998.1517000000001;996.9192999999998;998.1517000000001;997.3593999999998;999.0309000000007;
329.980335737243;999.2080000000044;999.0309000000007;997.3593999999998;997.3593999999998;999.5072000000027;998.9428000000007;999.3576000000036;999.0309000000007;998.1517000000001;998.1517000000001;998.1517000000001;998.1517000000001;996.9192999999998;998.1517000000001;997.3593999999998;999.0309000000007;
329.985651737243;999.1992000000045;999.0309000000007;997.3593999999998;997.3593999999998;999.5072000000027;998.9428000000007;999.3576000000036;999.0309000000007;998.1517000000001;998.1517000000001;998.1517000000001;998.1517000000001;996.9192999999998;998.1517000000001;997.3593999999998;999.0309000000007;
329.985651737243;999.1904000000045;999.0309000000007;997.3593999999998;997.3593999999998;999.5072000000027;998.9428000000007;999.3576000000036;999.0309000000007;998.1517000000001;998.1517000000001;998.1517000000001;998.1517000000001;996.9192999999998;998.1517000000001;997.3593999999998;999.0309000000007;
329.990967737243;999.1904000000045;999.0309000000007;997.3593999999998;997.3593999999998;999.5072000000027;998.9428000000007;999.3488000000036;999.0309000000007;998.1517000000001;998.1517000000001;998.1517000000001;998.1517000000001;996.9192999999998;998.1517000000001;997.3593999999998;999.0309000000007;
329.99508016089084;999.1904000000045;999.0309000000007;997.3593999999998;997.3593999999998;999.5072000000027;998.9428000000007;999.3488000000036;999.0308000000007;998.1517000000001;998.1517000000001;998.1517000000001;998.1517000000001;996.9192999999998;998.1517000000001;997.3593999999998;999.0309000000007;
329.99508016089084;999.1904000000045;999.0309000000007;997.3593999999998;997.3593999999998;999.5072000000027;998.9428000000007;999.3488000000036;998.9428000000007;998.1517000000001;998.1517000000001;998.1517000000001;998.1517000000001;996.9192999999998;998.1517000000001;997.3593999999998;999.0309000000007;
329.9999999999996;999.1904000000045;999.0309000000007;997.3593999999998;997.3593999999998;999.5072000000027;998.9428000000007;999.3488000000036;998.9428000000007;998.1517000000001;998.1517000000001;998.1517000000001;998.1517000000001;996.9192999999998;998.1517000000001;997.3593999999998;999.0309000000007;
330.00039616089083;999.1816000000046;999.0309000000007;997.3593999999998;997.3593999999998;999.5072000000027;998.9428000000007;999.3488000000036;998.9428000000007;998.1517000000001;998.1517000000001;998.1517000000001;998.1517000000001;996.9192999999998;998.1517000000001;997.3593999999998;999.0309000000007;
330.0040642688254;999.1816000000046;999.0309000000007;997.3593999999998;997.3593999999998;999.5072000000027;998.9428000000007;999.3488000000036;998.9428000000007;998.1517000000001;998.1517000000001;998.1517000000001;998.1517000000001;996.9192999999998;998.1517000000001;997.3593999999998;999.0308000000007;
330.0040642688254;999.1816000000046;999.0309000000007;997.3593999999998;997.3593999999998;999.5072000000027;998.9428000000007;999.3488000000036;998.9428000000007;998.1517000000001;998.1517000000001;998.1517000000001;998.1517000000001;996.9192999999998;998.1517000000001;997.3593999999998;998.9428000000007;
330.9856750770962;999.1728000000046;998.9428000000007;997.3593999999998;997.3593999999998;999.4896000000028;998.9428000000007;999.3400000000037;998.9428000000007;998.1517000000001;998.1517000000001;998.1517000000001;998.1517000000001;996.9192999999998;998.1517000000001;996.9192999999998;998.9428000000007;
331.98569841694933;999.1640000000046;998.9428000000007;997.3593999999998;997.3593999999998;999.4896000000028;998.9428000000007;999.3312000000037;998.9428000000007;998.1517000000001;998.1517000000001;998.1517000000001;998.1517000000001;996.9192999999998;998.1517000000001;996.9192999999998;998.9428000000007;
331.98569841694933;999.1552000000047;998.9428000000007;997.3593999999998;997.3593999999998;999.4896000000028;998.9428000000007;999.3312000000037;998.9428000000007;998.1517000000001;998.1517000000001;998.1517000000001;998.1517000000001;996.9192999999998;998.1517000000001;996.9192999999998;998.9428000000007;
332.9857217568025;999.1552000000047;998.9428000000007;997.3593999999998;997.3593999999998;999.4896000000028;998.9428000000007;999.3224000000038;998.9428000000007;998.1517000000001;998.1517000000001;998.1517000000001;998.1517000000001;996.9192999999998;998.1517000000001;996.9192999999998;998.9428000000007;
333.9999999999996;999.1552000000047;998.9428000000007;997.3593999999998;997.3593999999998;999.4896000000028;998.9428000000007;999.3224000000038;998.9428000000007;998.1517000000001;998.1517000000001;998.1517000000001;998.1517000000001;996.9192999999998;998.1517000000001;996.9192999999998;998.9428000000007;
334.9999999999996;999.1552000000047;998.9428000000007;997.3593999999998;997.3593999999998;999.4896000000028;998.9428000000007;999.3224000000038;998.9428000000007;998.1517000000001;998.1517000000001;998.1517000000001;998.1517000000001;996.9192999999998;998.1517000000001;996.9192999999998;998.9428000000007;
335.9999999999996;999.1552000000047;998.9428000000007;997.3593999999998;997.3593999999998;999.4896000000028;998.9428000000007;999.3224000000038;998.9428000000007;998.1517000000001;998.1517000000001;998.1517000000001;998.1517000000001;996.9192999999998;998.1517000000001;996.9192999999998;998.9428000000007;
336.9999999999996;999.1552000000047;998.9428000000007;997.3593999999998;997.3593999999998;999.4896000000028;998.9428000000007;999.3224000000038;998.9428000000007;998.1517000000001;998.1517000000001;998.1517000000001;998.1517000000001;996.9192999999998;998.1517000000001;996.9192999999998;998.9428000000007;
337.9999999999996;999.1552000000047;998.9428000000007;997.3593999999998;997.3593999999998;999.4896000000028;998.9428000000007;999.3224000000038;998.9428000000007;998.1517000000001;998.1517000000001;998.1517000000001;998.1517000000001;996.9192999999998;998.1517000000001;996.9192999999998;998.9428000000007;
338.9999999999996;999.1552000000047;998.9428000000007;997.3593999999998;997.3593999999998;999.4896000000028;998.9428000000007;999.3224000000038;998.9428000000007;998.1517000000001;998.1517000000001;998.1517000000001;998.1517000000001;996.9192999999998;998.1517000000001;996.9192999999998;998.9428000000007;
339.9999999999996;999.1552000000047;998.9428000000007;997.3593999999998;997.3593999999998;999.4896000000028;998.9428000000007;999.3224000000038;998.9428000000007;998.1517000000001;998.1517000000001;998.1517000000001;998.1517000000001;996.9192999999998;998.1517000000001;996.9192999999998;998.9428000000007;
340.9999999999996;999.1552000000047;998.9428000000007;997.3593999999998;997.3593999999998;999.4896000000028;998.9428000000007;999.3224000000038;998.9428000000007;998.1517000000001;998.1517000000001;998.1517000000001;998.1517000000001;996.9192999999998;998.1517000000001;996.9192999999998;998.9428000000007;
341.9999999999996;999.1552000000047;998.9428000000007;997.3593999999998;997.3593999999998;999.4896000000028;998.9428000000007;999.3224000000038;998.9428000000007;998.1517000000001;998.1517000000001;998.1517000000001;998.1517000000001;996.9192999999998;998.1517000000001;996.9192999999998;998.9428000000007;
342.9999999999996;999.1552000000047;998.9428000000007;997.3593999999998;997.3593999999998;999.4896000000028;998.9428000000007;999.3224000000038;998.9428000000007;998.1517000000001;998.1517000000001;998.1517000000001;998.1517000000001;996.9192999999998;998.1517000000001;996.9192999999998;998.9428000000007;
343.9999999999996;999.1552000000047;998.9428000000007;997.3593999999998;997.3593999999998;999.4896000000028;998.9428000000007;999.3224000000038;998.9428000000007;998.1517000000001;998.1517000000001;998.1517000000001;998.1517000000001;996.9192999999998;998.1517000000001;996.9192999999998;998.9428000000007;
344.9999999999996;999.1552000000047;998.9428000000007;997.3593999999998;997.3593999999998;999.4896000000028;998.9428000000007;999.3224000000038;998.9428000000007;998.1517000000001;998.1517000000001;998.1517000000001;998.1517000000001;996.9192999999998;998.1517000000001;996.9192999999998;998.9428000000007;
345.9999999999996;999.1552000000047;998.9428000000007;997.3593999999998;997.3593999999998;999.4896000000028;998.9428000000007;999.3224000000038;998.9428000000007;998.1517000000001;998.1517000000001;998.1517000000001;998.1517000000001;996.9192999999998;998.1517000000001;996.9192999999998;998.9428000000007;
346.9999999999996;999.1552000000047;998.9428000000007;997.3593999999998;997.3593999999998;999.4896000000028;998.9428000000007;999.3224000000038;998.9428000000007;998.1517000000001;998.1517000000001;998.1517000000001;998.1517000000001;996.9192999999998;998.1517000000001;996.9192999999998;998.9428000000007;
347.9999999999996;999.1552000000047;998.9428000000007;997.3593999999998;997.3593999999998;999.4896000000028;998.9428000000007;999.3224000000038;998.9428000000007;998.1517000000001;998.1517000000001;998.1517000000001;998.1517000000001;996.9192999999998;998.1517000000001;996.9192999999998;998.9428000000007;
348.9999999999996;999.1552000000047;998.9428000000007;997.3593999999998;997.3593999999998;999.4896000000028;998.9428000000007;999.3224000000038;998.9428000000007;998.1517000000001;998.1517000000001;998.1517000000001;998.1517000000001;996.9192999999998;998.1517000000001;996.9192999999998;998.9428000000007;
349.9999999999996;999.1552000000047;998.9428000000007;997.3593999999998;997.3593999999998;999.4896000000028;998.9428000000007;999.3224000000038;998.9428000000007;998.1517000000001;998.1517000000001;998.1517000000001;998.1517000000001;996.9192999999998;998.1517000000001;996.9192999999998;998.9428000000007;
350.9999999999996;999.1552000000047;998.9428000000007;997.3593999999998;997.3593999999998;999.4896000000028;998.9428000000007;999.3224000000038;998.9428000000007;998.1517000000001;998.1517000000001;998.1517000000001;998.1517000000001;996.9192999999998;998.1517000000001;996.9192999999998;998.9428000000007;
351.9999999999996;999.1552000000047;998.9428000000007;997.3593999999998;997.3593999999998;999.4896000000028;998.9428000000007;999.3224000000038;998.9428000000007;998.1517000000001;998.1517000000001;998.1517000000001;998.1517000000001;996.9192999999998;998.1517000000001;996.9192999999998;998.9428000000007;
352.9999999999996;999.1552000000047;998.9428000000007;997.3593999999998;997.3593999999998;999.4896000000028;998.9428000000007;999.3224000000038;998.9428000000007;998.1517000000001;998.1517000000001;998.1517000000001;998.1517000000001;996.9192999999998;998.1517000000001;996.9192999999998;998.9428000000007;
353.9999999999996;999.1552000000047;998.9428000000007;997.3593999999998;997.3593999999998;999.4896000000028;998.9428000000007;999.3224000000038;998.9428000000007;998.1517000000001;998.1517000000001;998.1517000000001;998.1517000000001;996.9192999999998;998.1517000000001;996.9192999999998;998.9428000000007;
354.9999999999996;999.1552000000047;998.9428000000007;997.3593999999998;997.3593999999998;999.4896000000028;998.9428000000007;999.3224000000038;998.9428000000007;998.1517000000001;998.1517000000001;998.1517000000001;998.1517000000001;996.9192999999998;998.1517000000001;996.9192999999998;998.9428000000007;
355.9999999999996;999.1552000000047;998.9428000000007;997.3593999999998;997.3593999999998;999.4896000000028;998.9428000000007;999.3224000000038;998.9428000000007;998.1517000000001;998.1517000000001;998.1517000000001;998.1517000000001;996.9192999999998;998.1517000000001;996.9192999999998;998.9428000000007;
356.9999999999996;999.1552000000047;998.9428000000007;997.3593999999998;997.3593999999998;999.4896000000028;998.9428000000007;999.3224000000038;998.9428000000007;998.1517000000001;998.1517000000001;998.1517000000001;998.1517000000001;996.9192999999998;998.1517000000001;996.9192999999998;998.9428000000007;
357.9999999999996;999.1552000000047;998.9428000000007;997.3593999999998;997.3593999999998;999.4896000000028;998.9428000000007;999.3224000000038;998.9428000000007;998.1517000000001;998.1517000000001;998.1517000000001;998.1517000000001;996.9192999999998;998.1517000000001;996.9192999999998;998.9428000000007;
358.9999999999996;999.1552000000047;998.9428000000007;997.3593999999998;997.3593999999998;999.4896000000028;998.9428000000007;999.3224000000038;998.9428000000007;998.1517000000001;998.1517000000001;998.1517000000001;998.1517000000001;996.9192999999998;998.1517000000001;996.9192999999998;998.9428000000007;
359.97844142709937;999.1552000000047;998.9428000000007;997.3593999999998;997.3593999999998;999.4896000000028;998.9427000000007;999.3224000000038;998.9428000000007;998.1517000000001;998.1517000000001;998.1517000000001;998.1517000000001;996.9192999999998;998.1517000000001;996.9192999999998;998.9428000000007;
359.97844142709937;999.1552000000047;998.9428000000007;997.3593999999998;997.3593999999998;999.4896000000028;998.8547000000008;999.3224000000038;998.9428000000007;998.1517000000001;998.1517000000001;998.1517000000001;998.1517000000001;996.9192999999998;998.1517000000001;996.9192999999998;998.9428000000007;
359.98375742709936;999.1464000000047;998.9428000000007;997.3593999999998;997.3593999999998;999.4896000000028;998.8547000000008;999.3224000000038;998.9428000000007;998.1517000000001;998.1517000000001;998.1517000000001;998.1517000000001;996.9192999999998;998.1517000000001;996.9192999999998;998.9428000000007;
359.98375742709936;999.1376000000048;998.9428000000007;997.3593999999998;997.3593999999998;999.4896000000028;998.8547000000008;999.3224000000038;998.9428000000007;998.1517000000001;998.1517000000001;998.1517000000001;998.1517000000001;996.9192999999998;998.1517000000001;996.9192999999998;998.9428000000007;
359.98618789057593;999.1376000000048;998.9428000000007;997.3592999999998;997.3593999999998;999.4896000000028;998.8547000000008;999.3224000000038;998.9428000000007;998.1517000000001;998.1517000000001;998.1517000000001;998.1517000000001;996.9192999999998;998.1517000000001;996.9192999999998;998.9428000000007;
359.98618789057593;999.1376000000048;998.9428000000007;996.9192999999998;997.3593999999998;999.4896000000028;998.8547000000008;999.3224000000038;998.9428000000007;998.1517000000001;998.1517000000001;998.1517000000001;998.1517000000001;996.9192999999998;998.1517000000001;996.9192999999998;998.9428000000007;
359.98907342709936;999.1376000000048;998.9428000000007;996.9192999999998;997.3593999999998;999.4896000000028;998.8547000000008;999.3136000000038;998.9428000000007;998.1517000000001;998.1517000000001;998.1517000000001;998.1517000000001;996.9192999999998;998.1517000000001;996.9192999999998;998.9428000000007;
359.9915038905759;999.1288000000048;998.9428000000007;996.9192999999998;997.3593999999998;999.4896000000028;998.8547000000008;999.3136000000038;998.9428000000007;998.1517000000001;998.1517000000001;998.1517000000001;998.1517000000001;996.9192999999998;998.1517000000001;996.9192999999998;998.9428000000007;
359.9928299915414;999.1288000000048;998.9428000000007;996.9192999999998;997.3592999999998;999.4896000000028;998.8547000000008;999.3136000000038;998.9428000000007;998.1517000000001;998.1517000000001;998.1517000000001;998.1517000000001;996.9192999999998;998.1517000000001;996.9192999999998;998.9428000000007;
359.9928299915414;999.1288000000048;998.9428000000007;996.9192999999998;996.9192999999998;999.4896000000028;998.8547000000008;999.3136000000038;998.9428000000007;998.1517000000001;998.1517000000001;998.1517000000001;998.1517000000001;996.9192999999998;998.1517000000001;996.9192999999998;998.9428000000007;
359.99456408255116;999.1288000000048;998.9428000000007;996.9192999999998;996.9192999999998;999.4896000000028;998.8547000000008;999.3136000000038;998.9427000000007;998.1517000000001;998.1517000000001;998.1517000000001;998.1517000000001;996.9192999999998;998.1517000000001;996.9192999999998;998.9428000000007;
359.99456408255116;999.1288000000048;998.9428000000007;996.9192999999998;996.9192999999998;999.4896000000028;998.8547000000008;999.3136000000038;998.8547000000008;998.1517000000001;998.1517000000001;998.1517000000001;998.1517000000001;996.9192999999998;998.1517000000001;996.9192999999998;998.9428000000007;
359.9958009271499;999.1288000000048;998.9428000000007;996.9192999999998;996.9192999999998;999.4896000000028;998.8547000000008;999.3136000000038;998.8547000000008;998.1517000000001;998.1517000000001;998.1517000000001;998.1517000000001;996.9191999999998;998.1517000000001;996.9192999999998;998.9428000000007;
360.98378076695246;999.1112000000049;998.8547000000008;996.9192999999998;996.9192999999998;999.463200000003;998.8547000000008;999.3048000000039;998.8547000000008;998.1517000000001;998.1517000000001;998.1517000000001;998.1517000000001;996.4791999999998;998.1517000000001;996.9192999999998;998.8547000000008;
361.9838041068056;999.102400000005;998.8547000000008;996.9192999999998;996.9192999999998;999.454400000003;998.8547000000008;999.287200000004;998.8547000000008;998.1517000000001;998.1517000000001;998.1517000000001;998.1517000000001;996.4791999999998;998.1517000000001;996.9192999999998;998.8547000000008;
361.9838041068056;999.093600000005;998.8547000000008;996.9192999999998;996.9192999999998;999.454400000003;998.8547000000008;999.287200000004;998.8547000000008;998.1517000000001;998.1517000000001;998.1517000000001;998.1517000000001;996.4791999999998;998.1517000000001;996.9192999999998;998.8547000000008;
362.9838274466588;999.093600000005;998.8547000000008;996.9192999999998;996.9192999999998;999.454400000003;998.8547000000008;999.278400000004;998.8547000000008;998.1517000000001;998.1517000000001;998.1517000000001;998.1517000000001;996.4791999999998;998.1517000000001;996.9192999999998;998.8547000000008;
363.9838507865119;999.0848000000051;998.8547000000008;996.9192999999998;996.9192999999998;999.454400000003;998.8547000000008;999.2696000000041;998.8547000000008;998.1517000000001;998.1517000000001;998.1517000000001;998.1517000000001;996.4791999999998;998.1517000000001;996.9192999999998;998.8547000000008;
363.99999999999955;999.0848000000051;998.8547000000008;996.9192999999998;996.9192999999998;999.454400000003;998.8547000000008;999.2696000000041;998.8547000000008;998.1517000000001;998.1517000000001;998.1517000000001;998.1517000000001;996.4791999999998;998.1517000000001;996.9192999999998;998.8547000000008;
364.99999999999955;999.0848000000051;998.8547000000008;996.9192999999998;996.9192999999998;999.454400000003;998.8547000000008;999.2696000000041;998.8547000000008;998.1517000000001;998.1517000000001;998.1517000000001;998.1517000000001;996.4791999999998;998.1517000000001;996.9192999999998;998.8547000000008;
365.99999999999955;999.0848000000051;998.8547000000008;996.9192999999998;996.9192999999998;999.454400000003;998.8547000000008;999.2696000000041;998.8547000000008;998.1517000000001;998.1517000000001;998.1517000000001;998.1517000000001;996.4791999999998;998.1517000000001;996.9192999999998;998.8547000000008;
366.99999999999955;999.0848000000051;998.8547000000008;996.9192999999998;996.9192999999998;999.454400000003;998.8547000000008;999.2696000000041;998.8547000000008;998.1517000000001;998.1517000000001;998.1517000000001;998.1517000000001;996.4791999999998;998.1517000000001;996.9192999999998;998.8547000000008;
367.99999999999955;999.0848000000051;998.8547000000008;996.9192999999998;996.9192999999998;999.454400000003;998.8547000000008;999.2696000000041;998.8547000000008;998.1517000000001;998.1517000000001;998.1517000000001;998.1517000000001;996.4791999999998;998.1517000000001;996.9192999999998;998.8547000000008;
368.99999999999955;999.0848000000051;998.8547000000008;996.9192999999998;996.9192999999998;999.454400000003;998.8547000000008;999.2696000000041;998.8547000000008;998.1517000000001;998.1517000000001;998.1517000000001;998.1517000000001;996.4791999999998;998.1517000000001;996.9192999999998;998.8547000000008;
369.99999999999955;999.0848000000051;998.8547000000008;996.9192999999998;996.9192999999998;999.454400000003;998.8547000000008;999.2696000000041;998.8547000000008;998.1517000000001;998.1517000000001;998.1517000000001;998.1517000000001;996.4791999999998;998.1517000000001;996.9192999999998;998.8547000000008;
370.99999999999955;999.0848000000051;998.8547000000008;996.9192999999998;996.9192999999998;999.454400000003;998.8547000000008;999.2696000000041;998.8547000000008;998.1517000000001;998.1517000000001;998.1517000000001;998.1517000000001;996.4791999999998;998.1517000000001;996.9192999999998;998.8547000000008;
371.99999999999955;999.0848000000051;998.8547000000008;996.9192999999998;996.9192999999998;999.454400000003;998.8547000000008;999.2696000000041;998.8547000000008;998.1517000000001;998.1517000000001;998.1517000000001;998.1517000000001;996.4791999999998;998.1517000000001;996.9192999999998;998.8547000000008;
372.99999999999955;999.0848000000051;998.8547000000008;996.9192999999998;996.9192999999998;999.454400000003;998.8547000000008;999.2696000000041;998.8547000000008;998.1517000000001;998.1517000000001;998.1517000000001;998.1517000000001;996.4791999999998;998.1517000000001;996.9192999999998;998.8547000000008;
373.99999999999955;999.0848000000051;998.8547000000008;996.9192999999998;996.9192999999998;999.454400000003;998.8547000000008;999.2696000000041;998.8547000000008;998.1517000000001;998.1517000000001;998.1517000000001;998.1517000000001;996.4791999999998;998.1517000000001;996.9192999999998;998.8547000000008;
374.99999999999955;999.0848000000051;998.8547000000008;996.9192999999998;996.9192999999998;999.454400000003;998.8547000000008;999.2696000000041;998.8547000000008;998.1517000000001;998.1517000000001;998.1517000000001;998.1517000000001;996.4791999999998;998.1517000000001;996.9192999999998;998.8547000000008;
375.99999999999955;999.0848000000051;998.8547000000008;996.9192999999998;996.9192999999998;999.454400000003;998.8547000000008;999.2696000000041;998.8547000000008;998.1517000000001;998.1517000000001;998.1517000000001;998.1517000000001;996.4791999999998;998.1517000000001;996.9192999999998;998.8547000000008;
376.99999999999955;999.0848000000051;998.8547000000008;996.9192999999998;996.9192999999998;999.454400000003;998.8547000000008;999.2696000000041;998.8547000000008;998.1517000000001;998.1517000000001;998.1517000000001;998.1517000000001;996.4791999999998;998.1517000000001;996.9192999999998;998.8547000000008;
377.99999999999955;999.0848000000051;998.8547000000008;996.9192999999998;996.9192999999998;999.454400000003;998.8547000000008;999.2696000000041;998.8547000000008;998.1517000000001;998.1517000000001;998.1517000000001;998.1517000000001;996.4791999999998;998.1517000000001;996.9192999999998;998.8547000000008;
378.99999999999955;999.0848000000051;998.8547000000008;996.9192999999998;996.9192999999998;999.454400000003;998.8547000000008;999.2696000000041;998.8547000000008;998.1517000000001;998.1517000000001;998.1517000000001;998.1517000000001;996.4791999999998;998.1517000000001;996.9192999999998;998.8547000000008;
379.99999999999955;999.0848000000051;998.8547000000008;996.9192999999998;996.9192999999998;999.454400000003;998.8547000000008;999.2696000000041;998.8547000000008;998.1517000000001;998.1517000000001;998.1517000000001;998.1517000000001;996.4791999999998;998.1517000000001;996.9192999999998;998.8547000000008;
380.99999999999955;999.0848000000051;998.8547000000008;996.9192999999998;996.9192999999998;999.454400000003;998.8547000000008;999.2696000000041;998.8547000000008;998.1517000000001;998.1517000000001;998.1517000000001;998.1517000000001;996.4791999999998;998.1517000000001;996.9192999999998;998.8547000000008;
381.99999999999955;999.0848000000051;998.8547000000008;996.9192999999998;996.9192999999998;999.454400000003;998.8547000000008;999.2696000000041;998.8547000000008;998.1517000000001;998.1517000000001;998.1517000000001;998.1517000000001;996.4791999999998;998.1517000000001;996.9192999999998;998.8547000000008;
382.99999999999955;999.0848000000051;998.8547000000008;996.9192999999998;996.9192999999998;999.454400000003;998.8547000000008;999.2696000000041;998.8547000000008;998.1517000000001;998.1517000000001;998.1517000000001;998.1517000000001;996.4791999999998;998.1517000000001;996.9192999999998;998.8547000000008;
383.99999999999955;999.0848000000051;998.8547000000008;996.9192999999998;996.9192999999998;999.454400000003;998.8547000000008;999.2696000000041;998.8547000000008;998.1517000000001;998.1517000000001;998.1517000000001;998.1517000000001;996.4791999999998;998.1517000000001;996.9192999999998;998.8547000000008;
384.99999999999955;999.0848000000051;998.8547000000008;996.9192999999998;996.9192999999998;999.454400000003;998.8547000000008;999.2696000000041;998.8547000000008;998.1517000000001;998.1517000000001;998.1517000000001;998.1517000000001;996.4791999999998;998.1517000000001;996.9192999999998;998.8547000000008;
385.99999999999955;999.0848000000051;998.8547000000008;996.9192999999998;996.9192999999998;999.454400000003;998.8547000000008;999.2696000000041;998.8547000000008;998.1517000000001;998.1517000000001;998.1517000000001;998.1517000000001;996.4791999999998;998.1517000000001;996.9192999999998;998.8547000000008;
386.99999999999955;999.0848000000051;998.8547000000008;996.9192999999998;996.9192999999998;999.454400000003;998.8547000000008;999.2696000000041;998.8547000000008;998.1517000000001;998.1517000000001;998.1517000000001;998.1517000000001;996.4791999999998;998.1517000000001;996.9192999999998;998.8547000000008;
387.99999999999955;999.0848000000051;998.8547000000008;996.9192999999998;996.9192999999998;999.454400000003;998.8547000000008;999.2696000000041;998.8547000000008;998.1517000000001;998.1517000000001;998.1517000000001;998.1517000000001;996.4791999999998;998.1517000000001;996.9192999999998;998.8547000000008;
388.99999999999955;999.0848000000051;998.8547000000008;996.9192999999998;996.9192999999998;999.454400000003;998.8547000000008;999.2696000000041;998.8547000000008;998.1517000000001;998.1517000000001;998.1517000000001;998.1517000000001;996.4791999999998;998.1517000000001;996.9192999999998;998.8547000000008;
389.97654711695566;999.0848000000051;998.8547000000008;996.9192999999998;996.9192999999998;999.454400000003;998.8546000000008;999.2696000000041;998.8547000000008;998.1517000000001;998.1517000000001;998.1517000000001;998.1517000000001;996.4791999999998;998.1517000000001;996.9192999999998;998.8547000000008;
389.97654711695566;999.0848000000051;998.8547000000008;996.9192999999998;996.9192999999998;999.454400000003;998.7666000000008;999.2696000000041;998.8547000000008;998.1517000000001;998.1517000000001;998.1517000000001;998.1517000000001;996.4791999999998;998.1517000000001;996.9192999999998;998.8547000000008;
389.98186311695565;999.0760000000051;998.8547000000008;996.9192999999998;996.9192999999998;999.454400000003;998.7666000000008;999.2696000000041;998.8547000000008;998.1517000000001;998.1517000000001;998.1517000000001;998.1517000000001;996.4791999999998;998.1517000000001;996.9192999999998;998.8547000000008;
389.98186311695565;999.0672000000052;998.8547000000008;996.9192999999998;996.9192999999998;999.454400000003;998.7666000000008;999.2696000000041;998.8547000000008;998.1517000000001;998.1517000000001;998.1517000000001;998.1517000000001;996.4791999999998;998.1517000000001;996.9192999999998;998.8547000000008;
389.98717911695564;999.0672000000052;998.8547000000008;996.9192999999998;996.9192999999998;999.454400000003;998.7666000000008;999.2608000000041;998.8547000000008;998.1517000000001;998.1517000000001;998.1517000000001;998.1517000000001;996.4791999999998;998.1517000000001;996.9192999999998;998.8547000000008;
389.99404800421155;999.0672000000052;998.8547000000008;996.9192999999998;996.9192999999998;999.454400000003;998.7666000000008;999.2608000000041;998.8546000000008;998.1517000000001;998.1517000000001;998.1517000000001;998.1517000000001;996.4791999999998;998.1517000000001;996.9192999999998;998.8547000000008;
389.99404800421155;999.0672000000052;998.8547000000008;996.9192999999998;996.9192999999998;999.454400000003;998.7666000000008;999.2608000000041;998.7666000000008;998.1517000000001;998.1517000000001;998.1517000000001;998.1517000000001;996.4791999999998;998.1517000000001;996.9192999999998;998.8547000000008;
389.9953245515616;999.0672000000052;998.8547000000008;996.9192999999998;996.9192999999998;999.454400000003;998.7666000000008;999.2608000000041;998.7666000000008;998.1517000000001;998.1517000000001;998.1517000000001;998.1517000000001;996.4790999999998;998.1517000000001;996.9192999999998;998.8547000000008;
389.9953245515616;999.0672000000052;998.8547000000008;996.9192999999998;996.9192999999998;999.454400000003;998.7666000000008;999.2608000000041;998.7666000000008;998.1517000000001;998.1517000000001;998.1517000000001;998.1517000000001;996.0390999999997;998.1517000000001;996.9192999999998;998.8547000000008;
389.99936400421154;999.0584000000052;998.8547000000008;996.9192999999998;996.9192999999998;999.454400000003;998.7666000000008;999.2608000000041;998.7666000000008;998.1517000000001;998.1517000000001;998.1517000000001;998.1517000000001;996.0390999999997;998.1517000000001;996.9192999999998;998.8547000000008;
389.99999999999955;999.0584000000052;998.8547000000008;996.9192999999998;996.9192999999998;999.454400000003;998.7666000000008;999.2608000000041;998.7666000000008;998.1517000000001;998.1517000000001;998.1517000000001;998.1517000000001;996.0390999999997;998.1517000000001;996.9192999999998;998.8547000000008;
390.0006405515616;999.0584000000052;998.8547000000008;996.9192999999998;996.9192999999998;999.4456000000031;998.7666000000008;999.2608000000041;998.7666000000008;998.1517000000001;998.1517000000001;998.1517000000001;998.1517000000001;996.0390999999997;998.1517000000001;996.9192999999998;998.8547000000008;
390.9818864568088;999.0496000000053;998.7666000000008;996.9192999999998;996.9192999999998;999.4280000000032;998.7666000000008;999.2520000000042;998.7666000000008;998.1517000000001;998.1517000000001;998.1517000000001;998.1517000000001;996.0390999999997;998.1517000000001;996.4791999999998;998.7666000000008;
391.98190979666197;999.0408000000053;998.7666000000008;996.9192999999998;996.9192999999998;999.4192000000032;998.7666000000008;999.2344000000043;998.7666000000008;998.1517000000001;998.1517000000001;998.1517000000001;998.1517000000001;996.0390999999997;998.1517000000001;996.4791999999998;998.7666000000008;
391.99999999999955;999.0320000000054;998.7666000000008;996.9192999999998;996.9192999999998;999.4192000000032;998.7666000000008;999.2256000000043;998.7666000000008;998.1517000000001;998.1517000000001;998.1517000000001;998.1517000000001;996.0390999999997;998.1517000000001;996.4791999999998;998.7666000000008;
392.98193313651507;999.0320000000054;998.7666000000008;996.9192999999998;996.9192999999998;999.4192000000032;998.7666000000008;999.2256000000043;998.7666000000008;998.1517000000001;998.1517000000001;998.1517000000001;998.1517000000001;996.0390999999997;998.1517000000001;996.4791999999998;998.7666000000008;
393.9999999999995;999.0320000000054;998.7666000000008;996.9192999999998;996.9192999999998;999.4192000000032;998.7666000000008;999.2256000000043;998.7666000000008;998.1517000000001;998.1517000000001;998.1517000000001;998.1517000000001;996.0390999999997;998.1517000000001;996.4791999999998;998.7666000000008;
394.9999999999995;999.0320000000054;998.7666000000008;996.9192999999998;996.9192999999998;999.4192000000032;998.7666000000008;999.2256000000043;998.7666000000008;998.1517000000001;998.1517000000001;998.1517000000001;998.1517000000001;996.0390999999997;998.1517000000001;996.4791999999998;998.7666000000008;
395.9999999999995;999.0320000000054;998.7666000000008;996.9192999999998;996.9192999999998;999.4192000000032;998.7666000000008;999.2256000000043;998.7666000000008;998.1517000000001;998.1517000000001;998.1517000000001;998.1517000000001;996.0390999999997;998.1517000000001;996.4791999999998;998.7666000000008;
396.9999999999995;999.0320000000054;998.7666000000008;996.9192999999998;996.9192999999998;999.4192000000032;998.7666000000008;999.2256000000043;998.7666000000008;998.1517000000001;998.1517000000001;998.1517000000001;998.1517000000001;996.0390999999997;998.1517000000001;996.4791999999998;998.7666000000008;
397.9999999999995;999.0320000000054;998.7666000000008;996.9192999999998;996.9192999999998;999.4192000000032;998.7666000000008;999.2256000000043;998.7666000000008;998.1517000000001;998.1517000000001;998.1517000000001;998.1517000000001;996.0390999999997;998.1517000000001;996.4791999999998;998.7666000000008;
398.9999999999995;999.0320000000054;998.7666000000008;996.9192999999998;996.9192999999998;999.4192000000032;998.7666000000008;999.2256000000043;998.7666000000008;998.1517000000001;998.1517000000001;998.1517000000001;998.1517000000001;996.0390999999997;998.1517000000001;996.4791999999998;998.7666000000008;
399.9999999999995;999.0320000000054;998.7666000000008;996.9192999999998;996.9192999999998;999.4192000000032;998.7666000000008;999.2256000000043;998.7666000000008;998.1517000000001;998.1517000000001;998.1517000000001;998.1517000000001;996.0390999999997;998.1517000000001;996.4791999999998;998.7666000000008;
400.9999999999995;999.0320000000054;998.7666000000008;996.9192999999998;996.9192999999998;999.4192000000032;998.7666000000008;999.2256000000043;998.7666000000008;998.1517000000001;998.1517000000001;998.1517000000001;998.1517000000001;996.0390999999997;998.1517000000001;996.4791999999998;998.7666000000008;
401.9999999999995;999.0320000000054;998.7666000000008;996.9192999999998;996.9192999999998;999.4192000000032;998.7666000000008;999.2256000000043;998.7666000000008;998.1517000000001;998.1517000000001;998.1517000000001;998.1517000000001;996.0390999999997;998.1517000000001;996.4791999999998;998.7666000000008;
402.9999999999995;999.0320000000054;998.7666000000008;996.9192999999998;996.9192999999998;999.4192000000032;998.7666000000008;999.2256000000043;998.7666000000008;998.1517000000001;998.1517000000001;998.1517000000001;998.1517000000001;996.0390999999997;998.1517000000001;996.4791999999998;998.7666000000008;
403.9999999999995;999.0320000000054;998.7666000000008;996.9192999999998;996.9192999999998;999.4192000000032;998.7666000000008;999.2256000000043;998.7666000000008;998.1517000000001;998.1517000000001;998.1517000000001;998.1517000000001;996.0390999999997;998.1517000000001;996.4791999999998;998.7666000000008;
404.9999999999995;999.0320000000054;998.7666000000008;996.9192999999998;996.9192999999998;999.4192000000032;998.7666000000008;999.2256000000043;998.7666000000008;998.1517000000001;998.1517000000001;998.1517000000001;998.1517000000001;996.0390999999997;998.1517000000001;996.4791999999998;998.7666000000008;
405.9999999999995;999.0320000000054;998.7666000000008;996.9192999999998;996.9192999999998;999.4192000000032;998.7666000000008;999.2256000000043;998.7666000000008;998.1517000000001;998.1517000000001;998.1517000000001;998.1517000000001;996.0390999999997;998.1517000000001;996.4791999999998;998.7666000000008;
406.9999999999995;999.0320000000054;998.7666000000008;996.9192999999998;996.9192999999998;999.4192000000032;998.7666000000008;999.2256000000043;998.7666000000008;998.1517000000001;998.1517000000001;998.1517000000001;998.1517000000001;996.0390999999997;998.1517000000001;996.4791999999998;998.7666000000008;
407.9999999999995;999.0320000000054;998.7666000000008;996.9192999999998;996.9192999999998;999.4192000000032;998.7666000000008;999.2256000000043;998.7666000000008;998.1517000000001;998.1517000000001;998.1517000000001;998.1517000000001;996.0390999999997;998.1517000000001;996.4791999999998;998.7666000000008;
408.9999999999995;999.0320000000054;998.7666000000008;996.9192999999998;996.9192999999998;999.4192000000032;998.7666000000008;999.2256000000043;998.7666000000008;998.1517000000001;998.1517000000001;998.1517000000001;998.1517000000001;996.0390999999997;998.1517000000001;996.4791999999998;998.7666000000008;
409.9999999999995;999.0320000000054;998.7666000000008;996.9192999999998;996.9192999999998;999.4192000000032;998.7666000000008;999.2256000000043;998.7666000000008;998.1517000000001;998.1517000000001;998.1517000000001;998.1517000000001;996.0390999999997;998.1517000000001;996.4791999999998;998.7666000000008;
410.9999999999995;999.0320000000054;998.7666000000008;996.9192999999998;996.9192999999998;999.4192000000032;998.7666000000008;999.2256000000043;998.7666000000008;998.1517000000001;998.1517000000001;998.1517000000001;998.1517000000001;996.0390999999997;998.1517000000001;996.4791999999998;998.7666000000008;
411.9999999999995;999.0320000000054;998.7666000000008;996.9192999999998;996.9192999999998;999.4192000000032;998.7666000000008;999.2256000000043;998.7666000000008;998.1517000000001;998.1517000000001;998.1517000000001;998.1517000000001;996.0390999999997;998.1517000000001;996.4791999999998;998.7666000000008;
412.9999999999995;999.0320000000054;998.7666000000008;996.9192999999998;996.9192999999998;999.4192000000032;998.7666000000008;999.2256000000043;998.7666000000008;998.1517000000001;998.1517000000001;998.1517000000001;998.1517000000001;996.0390999999997;998.1517000000001;996.4791999999998;998.7666000000008;
413.9999999999995;999.0320000000054;998.7666000000008;996.9192999999998;996.9192999999998;999.4192000000032;998.7666000000008;999.2256000000043;998.7666000000008;998.1517000000001;998.1517000000001;998.1517000000001;998.1517000000001;996.0390999999997;998.1517000000001;996.4791999999998;998.7666000000008;
414.9999999999995;999.0320000000054;998.7666000000008;996.9192999999998;996.9192999999998;999.4192000000032;998.7666000000008;999.2256000000043;998.7666000000008;998.1517000000001;998.1517000000001;998.1517000000001;998.1517000000001;996.0390999999997;998.1517000000001;996.4791999999998;998.7666000000008;
415.9999999999995;999.0320000000054;998.7666000000008;996.9192999999998;996.9192999999998;999.4192000000032;998.7666000000008;999.2256000000043;998.7666000000008;998.1517000000001;998.1517000000001;998.1517000000001;998.1517000000001;996.0390999999997;998.1517000000001;996.4791999999998;998.7666000000008;
416.9999999999995;999.0320000000054;998.7666000000008;996.9192999999998;996.9192999999998;999.4192000000032;998.7666000000008;999.2256000000043;998.7666000000008;998.1517000000001;998.1517000000001;998.1517000000001;998.1517000000001;996.0390999999997;998.1517000000001;996.4791999999998;998.7666000000008;
417.9999999999995;999.0320000000054;998.7666000000008;996.9192999999998;996.9192999999998;999.4192000000032;998.7666000000008;999.2256000000043;998.7666000000008;998.1517000000001;998.1517000000001;998.1517000000001;998.1517000000001;996.0390999999997;998.1517000000001;996.4791999999998;998.7666000000008;
418.9999999999995;999.0320000000054;998.7666000000008;996.9192999999998;996.9192999999998;999.4192000000032;998.7666000000008;999.2256000000043;998.7666000000008;998.1517000000001;998.1517000000001;998.1517000000001;998.1517000000001;996.0390999999997;998.1517000000001;996.4791999999998;998.7666000000008;
419.97465280681195;999.0320000000054;998.7666000000008;996.9192999999998;996.9192999999998;999.4192000000032;998.7665000000009;999.2256000000043;998.7666000000008;998.1517000000001;998.1517000000001;998.1517000000001;998.1517000000001;996.0390999999997;998.1517000000001;996.4791999999998;998.7666000000008;
419.97465280681195;999.0320000000054;998.7666000000008;996.9192999999998;996.9192999999998;999.4192000000032;998.6785000000009;999.2256000000043;998.7666000000008;998.1517000000001;998.1517000000001;998.1517000000001;998.1517000000001;996.0390999999997;998.1517000000001;996.4791999999998;998.7666000000008;
419.97996880681194;999.0232000000054;998.7666000000008;996.9192999999998;996.9192999999998;999.4192000000032;998.6785000000009;999.2256000000043;998.7666000000008;998.1517000000001;998.1517000000001;998.1517000000001;998.1517000000001;996.0390999999997;998.1517000000001;996.4791999999998;998.7666000000008;
419.97996880681194;999.0144000000055;998.7666000000008;996.9192999999998;996.9192999999998;999.4192000000032;998.6785000000009;999.2256000000043;998.7666000000008;998.1517000000001;998.1517000000001;998.1517000000001;998.1517000000001;996.0390999999997;998.1517000000001;996.4791999999998;998.7666000000008;
419.98284321410705;999.0144000000055;998.7666000000008;996.9191999999998;996.9192999999998;999.4192000000032;998.6785000000009;999.2256000000043;998.7666000000008;998.1517000000001;998.1517000000001;998.1517000000001;998.1517000000001;996.0390999999997;998.1517000000001;996.4791999999998;998.7666000000008;
419.98284321410705;999.0144000000055;998.7666000000008;996.4791999999998;996.9192999999998;999.4192000000032;998.6785000000009;999.2256000000043;998.7666000000008;998.1517000000001;998.1517000000001;998.1517000000001;998.1517000000001;996.0390999999997;998.1517000000001;996.4791999999998;998.7666000000008;
419.98528480681193;999.0144000000055;998.7666000000008;996.4791999999998;996.9192999999998;999.4192000000032;998.6785000000009;999.2168000000044;998.7666000000008;998.1517000000001;998.1517000000001;998.1517000000001;998.1517000000001;996.0390999999997;998.1517000000001;996.4791999999998;998.7666000000008;
419.98815921410704;999.0056000000055;998.7666000000008;996.4791999999998;996.9192999999998;999.4192000000032;998.6785000000009;999.2168000000044;998.7666000000008;998.1517000000001;998.1517000000001;998.1517000000001;998.1517000000001;996.0390999999997;998.1517000000001;996.4791999999998;998.7666000000008;
419.9915928938423;999.0056000000055;998.7666000000008;996.4791999999998;996.9191999999998;999.4192000000032;998.6785000000009;999.2168000000044;998.7666000000008;998.1517000000001;998.1517000000001;998.1517000000001;998.1517000000001;996.0390999999997;998.1517000000001;996.4791999999998;998.7666000000008;
419.9915928938423;999.0056000000055;998.7666000000008;996.4791999999998;996.4791999999998;999.4192000000032;998.6785000000009;999.2168000000044;998.7666000000008;998.1517000000001;998.1517000000001;998.1517000000001;998.1517000000001;996.0390999999997;998.1517000000001;996.4791999999998;998.7666000000008;
419.9935319258719;999.0056000000055;998.7666000000008;996.4791999999998;996.4791999999998;999.4192000000032;998.6785000000009;999.2168000000044;998.7665000000009;998.1517000000001;998.1517000000001;998.1517000000001;998.1517000000001;996.0390999999997;998.1517000000001;996.4791999999998;998.7666000000008;
419.9935319258719;999.0056000000055;998.7666000000008;996.4791999999998;996.4791999999998;999.4192000000032;998.6785000000009;999.2168000000044;998.6785000000009;998.1517000000001;998.1517000000001;998.1517000000001;998.1517000000001;996.0390999999997;998.1517000000001;996.4791999999998;998.7666000000008;
419.99999999999943;998.9968000000056;998.7666000000008;996.4791999999998;996.4791999999998;999.4016000000033;998.6785000000009;999.2168000000044;998.6785000000009;998.1517000000001;998.1517000000001;998.1517000000001;998.1517000000001;995.5989999999997;998.1517000000001;996.4791999999998;998.7666000000008;
420.97999214666515;998.9880000000056;998.6785000000009;996.4791999999998;996.4791999999998;999.3928000000034;998.6785000000009;999.2080000000044;998.6785000000009;998.1517000000001;998.1517000000001;998.1517000000001;998.1517000000001;995.5989999999997;998.1517000000001;996.4791999999998;998.6785000000009;
421.9800154865183;998.9792000000057;998.6785000000009;996.4791999999998;996.4791999999998;999.3840000000034;998.6785000000009;999.1904000000045;998.6785000000009;998.1517000000001;998.1517000000001;998.1517000000001;998.1517000000001;995.5989999999997;998.1517000000001;996.4791999999998;998.6785000000009;
422.9800388263714;998.9704000000057;998.6785000000009;996.4791999999998;996.4791999999998;999.3840000000034;998.6785000000009;999.1816000000046;998.6785000000009;998.1517000000001;998.1517000000001;998.1517000000001;998.1517000000001;995.5989999999997;998.1517000000001;996.4791999999998;998.6785000000009;
422.9800388263714;998.9616000000058;998.6785000000009;996.4791999999998;996.4791999999998;999.3840000000034;998.6785000000009;999.1816000000046;998.6785000000009;998.1517000000001;998.1517000000001;998.1517000000001;998.1517000000001;995.5989999999997;998.1517000000001;996.4791999999998;998.6785000000009;
423.9800621662245;998.9616000000058;998.6785000000009;996.4791999999998;996.4791999999998;999.3840000000034;998.6785000000009;999.1728000000046;998.6785000000009;998.1517000000001;998.1517000000001;998.1517000000001;998.1517000000001;995.5989999999997;998.1517000000001;996.4791999999998;998.6785000000009;
424.9999999999995;998.9616000000058;998.6785000000009;996.4791999999998;996.4791999999998;999.3840000000034;998.6785000000009;999.1728000000046;998.6785000000009;998.1517000000001;998.1517000000001;998.1517000000001;998.1517000000001;995.5989999999997;998.1517000000001;996.4791999999998;998.6785000000009;
425.9999999999995;998.9616000000058;998.6785000000009;996.4791999999998;996.4791999999998;999.3840000000034;998.6785000000009;999.1728000000046;998.6785000000009;998.1517000000001;998.1517000000001;998.1517000000001;998.1517000000001;995.5989999999997;998.1517000000001;996.4791999999998;998.6785000000009;
426.9999999999995;998.9616000000058;998.6785000000009;996.4791999999998;996.4791999999998;999.3840000000034;998.6785000000009;999.1728000000046;998.6785000000009;998.1517000000001;998.1517000000001;998.1517000000001;998.1517000000001;995.5989999999997;998.1517000000001;996.4791999999998;998.6785000000009;
427.9999999999995;998.9616000000058;998.6785000000009;996.4791999999998;996.4791999999998;999.3840000000034;998.6785000000009;999.1728000000046;998.6785000000009;998.1517000000001;998.1517000000001;998.1517000000001;998.1517000000001;995.5989999999997;998.1517000000001;996.4791999999998;998.6785000000009;
428.9999999999995;998.9616000000058;998.6785000000009;996.4791999999998;996.4791999999998;999.3840000000034;998.6785000000009;999.1728000000046;998.6785000000009;998.1517000000001;998.1517000000001;998.1517000000001;998.1517000000001;995.5989999999997;998.1517000000001;996.4791999999998;998.6785000000009;
429.9999999999995;998.9616000000058;998.6785000000009;996.4791999999998;996.4791999999998;999.3840000000034;998.6785000000009;999.1728000000046;998.6785000000009;998.1517000000001;998.1517000000001;998.1517000000001;998.1517000000001;995.5989999999997;998.1517000000001;996.4791999999998;998.6785000000009;
430.9999999999995;998.9616000000058;998.6785000000009;996.4791999999998;996.4791999999998;999.3840000000034;998.6785000000009;999.1728000000046;998.6785000000009;998.1517000000001;998.1517000000001;998.1517000000001;998.1517000000001;995.5989999999997;998.1517000000001;996.4791999999998;998.6785000000009;
431.9999999999995;998.9616000000058;998.6785000000009;996.4791999999998;996.4791999999998;999.3840000000034;998.6785000000009;999.1728000000046;998.6785000000009;998.1517000000001;998.1517000000001;998.1517000000001;998.1517000000001;995.5989999999997;998.1517000000001;996.4791999999998;998.6785000000009;
432.9999999999995;998.9616000000058;998.6785000000009;996.4791999999998;996.4791999999998;999.3840000000034;998.6785000000009;999.1728000000046;998.6785000000009;998.1517000000001;998.1517000000001;998.1517000000001;998.1517000000001;995.5989999999997;998.1517000000001;996.4791999999998;998.6785000000009;
433.9999999999995;998.9616000000058;998.6785000000009;996.4791999999998;996.4791999999998;999.3840000000034;998.6785000000009;999.1728000000046;998.6785000000009;998.1517000000001;998.1517000000001;998.1517000000001;998.1517000000001;995.5989999999997;998.1517000000001;996.4791999999998;998.6785000000009;
434.9999999999995;998.9616000000058;998.6785000000009;996.4791999999998;996.4791999999998;999.3840000000034;998.6785000000009;999.1728000000046;998.6785000000009;998.1517000000001;998.1517000000001;998.1517000000001;998.1517000000001;995.5989999999997;998.1517000000001;996.4791999999998;998.6785000000009;
435.9999999999995;998.9616000000058;998.6785000000009;996.4791999999998;996.4791999999998;999.3840000000034;998.6785000000009;999.1728000000046;998.6785000000009;998.1517000000001;998.1517000000001;998.1517000000001;998.1517000000001;995.5989999999997;998.1517000000001;996.4791999999998;998.6785000000009;
436.9999999999995;998.9616000000058;998.6785000000009;996.4791999999998;996.4791999999998;999.3840000000034;998.6785000000009;999.1728000000046;998.6785000000009;998.1517000000001;998.1517000000001;998.1517000000001;998.1517000000001;995.5989999999997;998.1517000000001;996.4791999999998;998.6785000000009;
437.9999999999995;998.9616000000058;998.6785000000009;996.4791999999998;996.4791999999998;999.3840000000034;998.6785000000009;999.1728000000046;998.6785000000009;998.1517000000001;998.1517000000001;998.1517000000001;998.1517000000001;995.5989999999997;998.1517000000001;996.4791999999998;998.6785000000009;
438.9999999999995;998.9616000000058;998.6785000000009;996.4791999999998;996.4791999999998;999.3840000000034;998.6785000000009;999.1728000000046;998.6785000000009;998.1517000000001;998.1517000000001;998.1517000000001;998.1517000000001;995.5989999999997;998.1517000000001;996.4791999999998;998.6785000000009;
439.9999999999995;998.9616000000058;998.6785000000009;996.4791999999998;996.4791999999998;999.3840000000034;998.6785000000009;999.1728000000046;998.6785000000009;998.1517000000001;998.1517000000001;998.1517000000001;998.1517000000001;995.5989999999997;998.1517000000001;996.4791999999998;998.6785000000009;
440.9999999999995;998.9616000000058;998.6785000000009;996.4791999999998;996.4791999999998;999.3840000000034;998.6785000000009;999.1728000000046;998.6785000000009;998.1517000000001;998.1517000000001;998.1517000000001;998.1517000000001;995.5989999999997;998.1517000000001;996.4791999999998;998.6785000000009;
441.9999999999995;998.9616000000058;998.6785000000009;996.4791999999998;996.4791999999998;999.3840000000034;998.6785000000009;999.1728000000046;998.6785000000009;998.1517000000001;998.1517000000001;998.1517000000001;998.1517000000001;995.5989999999997;998.1517000000001;996.4791999999998;998.6785000000009;
442.9999999999995;998.9616000000058;998.6785000000009;996.4791999999998;996.4791999999998;999.3840000000034;998.6785000000009;999.1728000000046;998.6785000000009;998.1517000000001;998.1517000000001;998.1517000000001;998.1517000000001;995.5989999999997;998.1517000000001;996.4791999999998;998.6785000000009;
443.9999999999995;998.9616000000058;998.6785000000009;996.4791999999998;996.4791999999998;999.3840000000034;998.6785000000009;999.1728000000046;998.6785000000009;998.1517000000001;998.1517000000001;998.1517000000001;998.1517000000001;995.5989999999997;998.1517000000001;996.4791999999998;998.6785000000009;
444.9999999999995;998.9616000000058;998.6785000000009;996.4791999999998;996.4791999999998;999.3840000000034;998.6785000000009;999.1728000000046;998.6785000000009;998.1517000000001;998.1517000000001;998.1517000000001;998.1517000000001;995.5989999999997;998.1517000000001;996.4791999999998;998.6785000000009;
445.9999999999995;998.9616000000058;998.6785000000009;996.4791999999998;996.4791999999998;999.3840000000034;998.6785000000009;999.1728000000046;998.6785000000009;998.1517000000001;998.1517000000001;998.1517000000001;998.1517000000001;995.5989999999997;998.1517000000001;996.4791999999998;998.6785000000009;
446.9999999999995;998.9616000000058;998.6785000000009;996.4791999999998;996.4791999999998;999.3840000000034;998.6785000000009;999.1728000000046;998.6785000000009;998.1517000000001;998.1517000000001;998.1517000000001;998.1517000000001;995.5989999999997;998.1517000000001;996.4791999999998;998.6785000000009;
447.9999999999995;998.9616000000058;998.6785000000009;996.4791999999998;996.4791999999998;999.3840000000034;998.6785000000009;999.1728000000046;998.6785000000009;998.1517000000001;998.1517000000001;998.1517000000001;998.1517000000001;995.5989999999997;998.1517000000001;996.4791999999998;998.6785000000009;
448.9999999999995;998.9616000000058;998.6785000000009;996.4791999999998;996.4791999999998;999.3840000000034;998.6785000000009;999.1728000000046;998.6785000000009;998.1517000000001;998.1517000000001;998.1517000000001;998.1517000000001;995.5989999999997;998.1517000000001;996.4791999999998;998.6785000000009;
449.9727584966683;998.9616000000058;998.6785000000009;996.4791999999998;996.4791999999998;999.3840000000034;998.6784000000009;999.1728000000046;998.6785000000009;998.1517000000001;998.1517000000001;998.1517000000001;998.1517000000001;995.5989999999997;998.1517000000001;996.4791999999998;998.6785000000009;
449.9727584966683;998.9616000000058;998.6785000000009;996.4791999999998;996.4791999999998;999.3840000000034;998.590400000001;999.1728000000046;998.6785000000009;998.1517000000001;998.1517000000001;998.1517000000001;998.1517000000001;995.5989999999997;998.1517000000001;996.4791999999998;998.6785000000009;
449.9780744966683;998.9528000000058;998.6785000000009;996.4791999999998;996.4791999999998;999.3840000000034;998.590400000001;999.1728000000046;998.6785000000009;998.1517000000001;998.1517000000001;998.1517000000001;998.1517000000001;995.5989999999997;998.1517000000001;996.4791999999998;998.6785000000009;
449.9780744966683;998.9440000000059;998.6785000000009;996.4791999999998;996.4791999999998;999.3840000000034;998.590400000001;999.1728000000046;998.6785000000009;998.1517000000001;998.1517000000001;998.1517000000001;998.1517000000001;995.5989999999997;998.1517000000001;996.4791999999998;998.6785000000009;
449.9833904966683;998.9440000000059;998.6785000000009;996.4791999999998;996.4791999999998;999.3840000000034;998.590400000001;999.1640000000046;998.6785000000009;998.1517000000001;998.1517000000001;998.1517000000001;998.1517000000001;995.5989999999997;998.1517000000001;996.4791999999998;998.6785000000009;
449.9894518079049;998.9440000000059;998.6785000000009;996.4791999999998;996.4791999999998;999.3840000000034;998.590400000001;999.1640000000046;998.6785000000009;998.1516000000001;998.1517000000001;998.1517000000001;998.1517000000001;995.5989999999997;998.1517000000001;996.4791999999998;998.6785000000009;
449.9894518079049;998.9440000000059;998.6785000000009;996.4791999999998;996.4791999999998;999.3840000000034;998.590400000001;999.1640000000046;998.6785000000009;997.5356000000002;998.1517000000001;998.1517000000001;998.1517000000001;995.5989999999997;998.1517000000001;996.4791999999998;998.6785000000009;
449.99301584753226;998.9440000000059;998.6785000000009;996.4791999999998;996.4791999999998;999.3840000000034;998.590400000001;999.1640000000046;998.6784000000009;997.5356000000002;998.1517000000001;998.1517000000001;998.1517000000001;995.5989999999997;998.1517000000001;996.4791999999998;998.6785000000009;
449.99301584753226;998.9440000000059;998.6785000000009;996.4791999999998;996.4791999999998;999.3840000000034;998.590400000001;999.1640000000046;998.590400000001;997.5356000000002;998.1517000000001;998.1517000000001;998.1517000000001;995.5989999999997;998.1517000000001;996.4791999999998;998.6785000000009;
449.99476780790496;998.9352000000059;998.6785000000009;996.4791999999998;996.4791999999998;999.3840000000034;998.590400000001;999.1640000000046;998.590400000001;997.5356000000002;998.1517000000001;998.1517000000001;998.1517000000001;995.5989999999997;998.1517000000001;996.4791999999998;998.6785000000009;
449.9983318475323;998.926400000006;998.6785000000009;996.4791999999998;996.4791999999998;999.3840000000034;998.590400000001;999.1640000000046;998.590400000001;997.5356000000002;998.1517000000001;998.1517000000001;998.1517000000001;995.5989999999997;998.1517000000001;996.4791999999998;998.6785000000009;
449.9999999999995;998.926400000006;998.6785000000009;996.4791999999998;996.4791999999998;999.3840000000034;998.590400000001;999.1640000000046;998.590400000001;997.5356000000002;998.1517000000001;998.1517000000001;998.1517000000001;995.5989999999997;998.1517000000001;996.4791999999998;998.6785000000009;
450.97809783652144;998.9088000000061;998.590400000001;996.4791999999998;996.4791999999998;999.3400000000037;998.590400000001;999.1552000000047;998.590400000001;997.5356000000002;997.5356000000002;997.5356000000002;997.5356000000002;995.5989999999997;997.5356000000002;996.0390999999997;998.590400000001;
450.97809783652144;998.9000000000061;998.590400000001;996.4791999999998;996.4791999999998;999.3400000000037;998.590400000001;999.1552000000047;998.590400000001;997.5356000000002;997.5356000000002;997.5356000000002;997.5356000000002;995.5989999999997;997.5356000000002;996.0390999999997;998.590400000001;
451.97812117637454;998.9000000000061;998.590400000001;996.4791999999998;996.4791999999998;999.3312000000037;998.590400000001;999.1376000000048;998.590400000001;997.5356000000002;997.5356000000002;997.5356000000002;997.5356000000002;995.5989999999997;997.5356000000002;996.0390999999997;998.590400000001;
452.97814451622764;998.8912000000062;998.590400000001;996.4791999999998;996.4791999999998;999.3224000000038;998.590400000001;999.1200000000049;998.590400000001;997.5356000000002;997.5356000000002;997.5356000000002;997.5356000000002;995.5989999999997;997.5356000000002;996.0390999999997;998.590400000001;
452.97814451622764;998.8824000000062;998.590400000001;996.4791999999998;996.4791999999998;999.3224000000038;998.590400000001;999.1200000000049;998.590400000001;997.5356000000002;997.5356000000002;997.5356000000002;997.5356000000002;995.5989999999997;997.5356000000002;996.0390999999997;998.590400000001;
453.9781678560808;998.8824000000062;998.590400000001;996.4791999999998;996.4791999999998;999.3136000000038;998.590400000001;999.102400000005;998.590400000001;997.5356000000002;997.5356000000002;997.5356000000002;997.5356000000002;995.5989999999997;997.5356000000002;996.0390999999997;998.590400000001;
454.97819119593396;998.8736000000063;998.590400000001;996.4791999999998;996.4791999999998;999.3136000000038;998.590400000001;999.093600000005;998.590400000001;997.5356000000002;997.5356000000002;997.5356000000002;997.5356000000002;995.5989999999997;997.5356000000002;996.0390999999997;998.590400000001;
454.99999999999943;998.8736000000063;998.590400000001;996.4791999999998;996.4791999999998;999.3136000000038;998.590400000001;999.093600000005;998.590400000001;997.5356000000002;997.5356000000002;997.5356000000002;997.5356000000002;995.5989999999997;997.5356000000002;996.0390999999997;998.590400000001;
455.99999999999943;998.8736000000063;998.590400000001;996.4791999999998;996.4791999999998;999.3136000000038;998.590400000001;999.093600000005;998.590400000001;997.5356000000002;997.5356000000002;997.5356000000002;997.5356000000002;995.5989999999997;997.5356000000002;996.0390999999997;998.590400000001;
456.99999999999943;998.8736000000063;998.590400000001;996.4791999999998;996.4791999999998;999.3136000000038;998.590400000001;999.093600000005;998.590400000001;997.5356000000002;997.5356000000002;997.5356000000002;997.5356000000002;995.5989999999997;997.5356000000002;996.0390999999997;998.590400000001;
457.99999999999943;998.8736000000063;998.590400000001;996.4791999999998;996.4791999999998;999.3136000000038;998.590400000001;999.093600000005;998.590400000001;997.5356000000002;997.5356000000002;997.5356000000002;997.5356000000002;995.5989999999997;997.5356000000002;996.0390999999997;998.590400000001;
458.99999999999943;998.8736000000063;998.590400000001;996.4791999999998;996.4791999999998;999.3136000000038;998.590400000001;999.093600000005;998.590400000001;997.5356000000002;997.5356000000002;997.5356000000002;997.5356000000002;995.5989999999997;997.5356000000002;996.0390999999997;998.590400000001;
459.99999999999943;998.8736000000063;998.590400000001;996.4791999999998;996.4791999999998;999.3136000000038;998.590400000001;999.093600000005;998.590400000001;997.5356000000002;997.5356000000002;997.5356000000002;997.5356000000002;995.5989999999997;997.5356000000002;996.0390999999997;998.590400000001;
460.99999999999943;998.8736000000063;998.590400000001;996.4791999999998;996.4791999999998;999.3136000000038;998.590400000001;999.093600000005;998.590400000001;997.5356000000002;997.5356000000002;997.5356000000002;997.5356000000002;995.5989999999997;997.5356000000002;996.0390999999997;998.590400000001;
461.99999999999943;998.8736000000063;998.590400000001;996.4791999999998;996.4791999999998;999.3136000000038;998.590400000001;999.093600000005;998.590400000001;997.5356000000002;997.5356000000002;997.5356000000002;997.5356000000002;995.5989999999997;997.5356000000002;996.0390999999997;998.590400000001;
462.99999999999943;998.8736000000063;998.590400000001;996.4791999999998;996.4791999999998;999.3136000000038;998.590400000001;999.093600000005;998.590400000001;997.5356000000002;997.5356000000002;997.5356000000002;997.5356000000002;995.5989999999997;997.5356000000002;996.0390999999997;998.590400000001;
463.99999999999943;998.8736000000063;998.590400000001;996.4791999999998;996.4791999999998;999.3136000000038;998.590400000001;999.093600000005;998.590400000001;997.5356000000002;997.5356000000002;997.5356000000002;997.5356000000002;995.5989999999997;997.5356000000002;996.0390999999997;998.590400000001;
464.99999999999943;998.8736000000063;998.590400000001;996.4791999999998;996.4791999999998;999.3136000000038;998.590400000001;999.093600000005;998.590400000001;997.5356000000002;997.5356000000002;997.5356000000002;997.5356000000002;995.5989999999997;997.5356000000002;996.0390999999997;998.590400000001;
465.99999999999943;998.8736000000063;998.590400000001;996.4791999999998;996.4791999999998;999.3136000000038;998.590400000001;999.093600000005;998.590400000001;997.5356000000002;997.5356000000002;997.5356000000002;997.5356000000002;995.5989999999997;997.5356000000002;996.0390999999997;998.590400000001;
466.99999999999943;998.8736000000063;998.590400000001;996.4791999999998;996.4791999999998;999.3136000000038;998.590400000001;999.093600000005;998.590400000001;997.5356000000002;997.5356000000002;997.5356000000002;997.5356000000002;995.5989999999997;997.5356000000002;996.0390999999997;998.590400000001;
467.99999999999943;998.8736000000063;998.590400000001;996.4791999999998;996.4791999999998;999.3136000000038;998.590400000001;999.093600000005;998.590400000001;997.5356000000002;997.5356000000002;997.5356000000002;997.5356000000002;995.5989999999997;997.5356000000002;996.0390999999997;998.590400000001;
468.99999999999943;998.8736000000063;998.590400000001;996.4791999999998;996.4791999999998;999.3136000000038;998.590400000001;999.093600000005;998.590400000001;997.5356000000002;997.5356000000002;997.5356000000002;997.5356000000002;995.5989999999997;997.5356000000002;996.0390999999997;998.590400000001;
469.99999999999943;998.8736000000063;998.590400000001;996.4791999999998;996.4791999999998;999.3136000000038;998.590400000001;999.093600000005;998.590400000001;997.5356000000002;997.5356000000002;997.5356000000002;997.5356000000002;995.5989999999997;997.5356000000002;996.0390999999997;998.590400000001;
470.99999999999943;998.8736000000063;998.590400000001;996.4791999999998;996.4791999999998;999.3136000000038;998.590400000001;999.093600000005;998.590400000001;997.5356000000002;997.5356000000002;997.5356000000002;997.5356000000002;995.5989999999997;997.5356000000002;996.0390999999997;998.590400000001;
471.99999999999943;998.8736000000063;998.590400000001;996.4791999999998;996.4791999999998;999.3136000000038;998.590400000001;999.093600000005;998.590400000001;997.5356000000002;997.5356000000002;997.5356000000002;997.5356000000002;995.5989999999997;997.5356000000002;996.0390999999997;998.590400000001;
472.99999999999943;998.8736000000063;998.590400000001;996.4791999999998;996.4791999999998;999.3136000000038;998.590400000001;999.093600000005;998.590400000001;997.5356000000002;997.5356000000002;997.5356000000002;997.5356000000002;995.5989999999997;997.5356000000002;996.0390999999997;998.590400000001;
473.99999999999943;998.8736000000063;998.590400000001;996.4791999999998;996.4791999999998;999.3136000000038;998.590400000001;999.093600000005;998.590400000001;997.5356000000002;997.5356000000002;997.5356000000002;997.5356000000002;995.5989999999997;997.5356000000002;996.0390999999997;998.590400000001;
474.99999999999943;998.8736000000063;998.590400000001;996.4791999999998;996.4791999999998;999.3136000000038;998.590400000001;999.093600000005;998.590400000001;997.5356000000002;997.5356000000002;997.5356000000002;997.5356000000002;995.5989999999997;997.5356000000002;996.0390999999997;998.590400000001;
475.99999999999943;998.8736000000063;998.590400000001;996.4791999999998;996.4791999999998;999.3136000000038;998.590400000001;999.093600000005;998.590400000001;997.5356000000002;997.5356000000002;997.5356000000002;997.5356000000002;995.5989999999997;997.5356000000002;996.0390999999997;998.590400000001;
476.99999999999943;998.8736000000063;998.590400000001;996.4791999999998;996.4791999999998;999.3136000000038;998.590400000001;999.093600000005;998.590400000001;997.5356000000002;997.5356000000002;997.5356000000002;997.5356000000002;995.5989999999997;997.5356000000002;996.0390999999997;998.590400000001;
477.99999999999943;998.8736000000063;998.590400000001;996.4791999999998;996.4791999999998;999.3136000000038;998.590400000001;999.093600000005;998.590400000001;997.5356000000002;997.5356000000002;997.5356000000002;997.5356000000002;995.5989999999997;997.5356000000002;996.0390999999997;998.590400000001;
478.99999999999943;998.8736000000063;998.590400000001;996.4791999999998;996.4791999999998;999.3136000000038;998.590400000001;999.093600000005;998.590400000001;997.5356000000002;997.5356000000002;997.5356000000002;997.5356000000002;995.5989999999997;997.5356000000002;996.0390999999997;998.590400000001;
479.9708641865246;998.8736000000063;998.590400000001;996.4791999999998;996.4791999999998;999.3136000000038;998.590300000001;999.093600000005;998.590400000001;997.5356000000002;997.5356000000002;997.5356000000002;997.5356000000002;995.5989999999997;997.5356000000002;996.0390999999997;998.590400000001;
479.9708641865246;998.8736000000063;998.590400000001;996.4791999999998;996.4791999999998;999.3136000000038;998.502300000001;999.093600000005;998.590400000001;997.5356000000002;997.5356000000002;997.5356000000002;997.5356000000002;995.5989999999997;997.5356000000002;996.0390999999997;998.590400000001;
479.9761801865246;998.8648000000063;998.590400000001;996.4791999999998;996.4791999999998;999.3136000000038;998.502300000001;999.093600000005;998.590400000001;997.5356000000002;997.5356000000002;997.5356000000002;997.5356000000002;995.5989999999997;997.5356000000002;996.0390999999997;998.590400000001;
479.9761801865246;998.8560000000064;998.590400000001;996.4791999999998;996.4791999999998;999.3136000000038;998.502300000001;999.093600000005;998.590400000001;997.5356000000002;997.5356000000002;997.5356000000002;997.5356000000002;995.5989999999997;997.5356000000002;996.0390999999997;998.590400000001;
479.97949853763816;998.8560000000064;998.590400000001;996.4790999999998;996.4791999999998;999.3136000000038;998.502300000001;999.093600000005;998.590400000001;997.5356000000002;997.5356000000002;997.5356000000002;997.5356000000002;995.5989999999997;997.5356000000002;996.0390999999997;998.590400000001;
479.97949853763816;998.8560000000064;998.590400000001;996.0390999999997;996.4791999999998;999.3136000000038;998.502300000001;999.093600000005;998.590400000001;997.5356000000002;997.5356000000002;997.5356000000002;997.5356000000002;995.5989999999997;997.5356000000002;996.0390999999997;998.590400000001;
479.98149618652457;998.8560000000064;998.590400000001;996.0390999999997;996.4791999999998;999.3136000000038;998.502300000001;999.0848000000051;998.590400000001;997.5356000000002;997.5356000000002;997.5356000000002;997.5356000000002;995.5989999999997;997.5356000000002;996.0390999999997;998.590400000001;
479.98481453763816;998.8472000000064;998.590400000001;996.0390999999997;996.4791999999998;999.3136000000038;998.502300000001;999.0848000000051;998.590400000001;997.5356000000002;997.5356000000002;997.5356000000002;997.5356000000002;995.5989999999997;997.5356000000002;996.0390999999997;998.590400000001;
479.99035579614326;998.8472000000064;998.590400000001;996.0390999999997;996.4790999999998;999.3136000000038;998.502300000001;999.0848000000051;998.590400000001;997.5356000000002;997.5356000000002;997.5356000000002;997.5356000000002;995.5989999999997;997.5356000000002;996.0390999999997;998.590400000001;
479.99035579614326;998.8472000000064;998.590400000001;996.0390999999997;996.0390999999997;999.3136000000038;998.502300000001;999.0848000000051;998.590400000001;997.5356000000002;997.5356000000002;997.5356000000002;997.5356000000002;995.5989999999997;997.5356000000002;996.0390999999997;998.590400000001;
479.99249976919265;998.8472000000064;998.590400000001;996.0390999999997;996.0390999999997;999.3136000000038;998.502300000001;999.0848000000051;998.590300000001;997.5356000000002;997.5356000000002;997.5356000000002;997.5356000000002;995.5989999999997;997.5356000000002;996.0390999999997;998.590400000001;
480.9762035263777;998.8296000000065;998.502300000001;996.0390999999997;996.0390999999997;999.287200000004;998.502300000001;999.0760000000051;998.502300000001;997.5356000000002;997.5356000000002;997.5356000000002;997.5356000000002;995.1588999999997;997.5356000000002;996.0390999999997;998.502300000001;
480.9762035263777;998.8208000000066;998.502300000001;996.0390999999997;996.0390999999997;999.287200000004;998.502300000001;999.0760000000051;998.502300000001;997.5356000000002;997.5356000000002;997.5356000000002;997.5356000000002;995.1588999999997;997.5356000000002;996.0390999999997;998.502300000001;
481.97622686623083;998.8208000000066;998.502300000001;996.0390999999997;996.0390999999997;999.278400000004;998.502300000001;999.0584000000052;998.502300000001;997.5356000000002;997.5356000000002;997.5356000000002;997.5356000000002;995.1588999999997;997.5356000000002;996.0390999999997;998.502300000001;
482.976250206084;998.8120000000066;998.502300000001;996.0390999999997;996.0390999999997;999.278400000004;998.502300000001;999.0496000000053;998.502300000001;997.5356000000002;997.5356000000002;997.5356000000002;997.5356000000002;995.1588999999997;997.5356000000002;996.0390999999997;998.502300000001;
482.9999999999994;998.8032000000067;998.502300000001;996.0390999999997;996.0390999999997;999.278400000004;998.502300000001;999.0408000000053;998.502300000001;997.5356000000002;997.5356000000002;997.5356000000002;997.5356000000002;995.1588999999997;997.5356000000002;996.0390999999997;998.502300000001;
483.9762735459371;998.8032000000067;998.502300000001;996.0390999999997;996.0390999999997;999.278400000004;998.502300000001;999.0408000000053;998.502300000001;997.5356000000002;997.5356000000002;997.5356000000002;997.5356000000002;995.1588999999997;997.5356000000002;996.0390999999997;998.502300000001;
484.9999999999994;998.8032000000067;998.502300000001;996.0390999999997;996.0390999999997;999.278400000004;998.502300000001;999.0408000000053;998.502300000001;997.5356000000002;997.5356000000002;997.5356000000002;997.5356000000002;995.1588999999997;997.5356000000002;996.0390999999997;998.502300000001;
485.9999999999994;998.8032000000067;998.502300000001;996.0390999999997;996.0390999999997;999.278400000004;998.502300000001;999.0408000000053;998.502300000001;997.5356000000002;997.5356000000002;997.5356000000002;997.5356000000002;995.1588999999997;997.5356000000002;996.0390999999997;998.502300000001;
486.9999999999994;998.8032000000067;998.502300000001;996.0390999999997;996.0390999999997;999.278400000004;998.502300000001;999.0408000000053;998.502300000001;997.5356000000002;997.5356000000002;997.5356000000002;997.5356000000002;995.1588999999997;997.5356000000002;996.0390999999997;998.502300000001;
487.9999999999994;998.8032000000067;998.502300000001;996.0390999999997;996.0390999999997;999.278400000004;998.502300000001;999.0408000000053;998.502300000001;997.5356000000002;997.5356000000002;997.5356000000002;997.5356000000002;995.1588999999997;997.5356000000002;996.0390999999997;998.502300000001;
488.9999999999994;998.8032000000067;998.502300000001;996.0390999999997;996.0390999999997;999.278400000004;998.502300000001;999.0408000000053;998.502300000001;997.5356000000002;997.5356000000002;997.5356000000002;997.5356000000002;995.1588999999997;997.5356000000002;996.0390999999997;998.502300000001;
489.9999999999994;998.8032000000067;998.502300000001;996.0390999999997;996.0390999999997;999.278400000004;998.502300000001;999.0408000000053;998.502300000001;997.5356000000002;997.5356000000002;997.5356000000002;997.5356000000002;995.1588999999997;997.5356000000002;996.0390999999997;998.502300000001;
490.9999999999994;998.8032000000067;998.502300000001;996.0390999999997;996.0390999999997;999.278400000004;998.502300000001;999.0408000000053;998.502300000001;997.5356000000002;997.5356000000002;997.5356000000002;997.5356000000002;995.1588999999997;997.5356000000002;996.0390999999997;998.502300000001;
491.9999999999994;998.8032000000067;998.502300000001;996.0390999999997;996.0390999999997;999.278400000004;998.502300000001;999.0408000000053;998.502300000001;997.5356000000002;997.5356000000002;997.5356000000002;997.5356000000002;995.1588999999997;997.5356000000002;996.0390999999997;998.502300000001;
492.9999999999994;998.8032000000067;998.502300000001;996.0390999999997;996.0390999999997;999.278400000004;998.502300000001;999.0408000000053;998.502300000001;997.5356000000002;997.5356000000002;997.5356000000002;997.5356000000002;995.1588999999997;997.5356000000002;996.0390999999997;998.502300000001;
493.9999999999994;998.8032000000067;998.502300000001;996.0390999999997;996.0390999999997;999.278400000004;998.502300000001;999.0408000000053;998.502300000001;997.5356000000002;997.5356000000002;997.5356000000002;997.5356000000002;995.1588999999997;997.5356000000002;996.0390999999997;998.502300000001;
494.9999999999994;998.8032000000067;998.502300000001;996.0390999999997;996.0390999999997;999.278400000004;998.502300000001;999.0408000000053;998.502300000001;997.5356000000002;997.5356000000002;997.5356000000002;997.5356000000002;995.1588999999997;997.5356000000002;996.0390999999997;998.502300000001;
495.9999999999994;998.8032000000067;998.502300000001;996.0390999999997;996.0390999999997;999.278400000004;998.502300000001;999.0408000000053;998.502300000001;997.5356000000002;997.5356000000002;997.5356000000002;997.5356000000002;995.1588999999997;997.5356000000002;996.0390999999997;998.502300000001;
496.9999999999994;998.8032000000067;998.502300000001;996.0390999999997;996.0390999999997;999.278400000004;998.502300000001;999.0408000000053;998.502300000001;997.5356000000002;997.5356000000002;997.5356000000002;997.5356000000002;995.1588999999997;997.5356000000002;996.0390999999997;998.502300000001;
497.9999999999994;998.8032000000067;998.502300000001;996.0390999999997;996.0390999999997;999.278400000004;998.502300000001;999.0408000000053;998.502300000001;997.5356000000002;997.5356000000002;997.5356000000002;997.5356000000002;995.1588999999997;997.5356000000002;996.0390999999997;998.502300000001;
498.9999999999994;998.8032000000067;998.502300000001;996.0390999999997;996.0390999999997;999.278400000004;998.502300000001;999.0408000000053;998.502300000001;997.5356000000002;997.5356000000002;997.5356000000002;997.5356000000002;995.1588999999997;997.5356000000002;996.0390999999997;998.502300000001;
499.9999999999994;998.8032000000067;998.502300000001;996.0390999999997;996.0390999999997;999.278400000004;998.502300000001;999.0408000000053;998.502300000001;997.5356000000002;997.5356000000002;997.5356000000002;997.5356000000002;995.1588999999997;997.5356000000002;996.0390999999997;998.502300000001;
500.9999999999994;998.8032000000067;998.502300000001;996.0390999999997;996.0390999999997;999.278400000004;998.502300000001;999.0408000000053;998.502300000001;997.5356000000002;997.5356000000002;997.5356000000002;997.5356000000002;995.1588999999997;997.5356000000002;996.0390999999997;998.502300000001;
501.9999999999994;998.8032000000067;998.502300000001;996.0390999999997;996.0390999999997;999.278400000004;998.502300000001;999.0408000000053;998.502300000001;997.5356000000002;997.5356000000002;997.5356000000002;997.5356000000002;995.1588999999997;997.5356000000002;996.0390999999997;998.502300000001;
502.9999999999994;998.8032000000067;998.502300000001;996.0390999999997;996.0390999999997;999.278400000004;998.502300000001;999.0408000000053;998.502300000001;997.5356000000002;997.5356000000002;997.5356000000002;997.5356000000002;995.1588999999997;997.5356000000002;996.0390999999997;998.502300000001;
503.9999999999994;998.8032000000067;998.502300000001;996.0390999999997;996.0390999999997;999.278400000004;998.502300000001;999.0408000000053;998.502300000001;997.5356000000002;997.5356000000002;997.5356000000002;997.5356000000002;995.1588999999997;997.5356000000002;996.0390999999997;998.502300000001;
504.9999999999994;998.8032000000067;998.502300000001;996.0390999999997;996.0390999999997;999.278400000004;998.502300000001;999.0408000000053;998.502300000001;997.5356000000002;997.5356000000002;997.5356000000002;997.5356000000002;995.1588999999997;997.5356000000002;996.0390999999997;998.502300000001;
505.9999999999994;998.8032000000067;998.502300000001;996.0390999999997;996.0390999999997;999.278400000004;998.502300000001;999.0408000000053;998.502300000001;997.5356000000002;997.5356000000002;997.5356000000002;997.5356000000002;995.1588999999997;997.5356000000002;996.0390999999997;998.502300000001;
506.9999999999994;998.8032000000067;998.502300000001;996.0390999999997;996.0390999999997;999.278400000004;998.502300000001;999.0408000000053;998.502300000001;997.5356000000002;997.5356000000002;997.5356000000002;997.5356000000002;995.1588999999997;997.5356000000002;996.0390999999997;998.502300000001;
507.9999999999994;998.8032000000067;998.502300000001;996.0390999999997;996.0390999999997;999.278400000004;998.502300000001;999.0408000000053;998.502300000001;997.5356000000002;997.5356000000002;997.5356000000002;997.5356000000002;995.1588999999997;997.5356000000002;996.0390999999997;998.502300000001;
508.9999999999994;998.8032000000067;998.502300000001;996.0390999999997;996.0390999999997;999.278400000004;998.502300000001;999.0408000000053;998.502300000001;997.5356000000002;997.5356000000002;997.5356000000002;997.5356000000002;995.1588999999997;997.5356000000002;996.0390999999997;998.502300000001;
509.96896987638087;998.8032000000067;998.502300000001;996.0390999999997;996.0390999999997;999.278400000004;998.502200000001;999.0408000000053;998.502300000001;997.5356000000002;997.5356000000002;997.5356000000002;997.5356000000002;995.1588999999997;997.5356000000002;996.0390999999997;998.502300000001;
509.96896987638087;998.8032000000067;998.502300000001;996.0390999999997;996.0390999999997;999.278400000004;998.4142000000011;999.0408000000053;998.502300000001;997.5356000000002;997.5356000000002;997.5356000000002;997.5356000000002;995.1588999999997;997.5356000000002;996.0390999999997;998.502300000001;
509.97428587638086;998.7944000000067;998.502300000001;996.0390999999997;996.0390999999997;999.278400000004;998.4142000000011;999.0408000000053;998.502300000001;997.5356000000002;997.5356000000002;997.5356000000002;997.5356000000002;995.1588999999997;997.5356000000002;996.0390999999997;998.502300000001;
509.97428587638086;998.7856000000068;998.502300000001;996.0390999999997;996.0390999999997;999.278400000004;998.4142000000011;999.0408000000053;998.502300000001;997.5356000000002;997.5356000000002;997.5356000000002;997.5356000000002;995.1588999999997;997.5356000000002;996.0390999999997;998.502300000001;
509.97960187638085;998.7856000000068;998.502300000001;996.0390999999997;996.0390999999997;999.278400000004;998.4142000000011;999.0320000000054;998.502300000001;997.5356000000002;997.5356000000002;997.5356000000002;997.5356000000002;995.1588999999997;997.5356000000002;996.0390999999997;998.502300000001;
509.9919836908529;998.7856000000068;998.502300000001;996.0390999999997;996.0390999999997;999.278400000004;998.4142000000011;999.0320000000054;998.502200000001;997.5356000000002;997.5356000000002;997.5356000000002;997.5356000000002;995.1588999999997;997.5356000000002;996.0390999999997;998.502300000001;
509.9919836908529;998.7856000000068;998.502300000001;996.0390999999997;996.0390999999997;999.278400000004;998.4142000000011;999.0320000000054;998.4142000000011;997.5356000000002;997.5356000000002;997.5356000000002;997.5356000000002;995.1588999999997;997.5356000000002;996.0390999999997;998.502300000001;
509.9972996908529;998.7768000000068;998.502300000001;996.0390999999997;996.0390999999997;999.278400000004;998.4142000000011;999.0320000000054;998.4142000000011;997.5356000000002;997.5356000000002;997.5356000000002;997.5356000000002;995.1588999999997;997.5356000000002;996.0390999999997;998.502300000001;
509.9999999999993;998.7768000000068;998.502300000001;996.0390999999997;996.0390999999997;999.278400000004;998.4142000000011;999.0320000000054;998.4142000000011;997.5356000000002;997.5356000000002;997.5356000000002;997.5356000000002;995.1588999999997;997.5356000000002;996.0390999999997;998.502300000001;
510.00600010952314;998.7768000000068;998.502300000001;996.0390999999997;996.0390999999997;999.278400000004;998.4142000000011;999.0320000000054;998.4142000000011;997.5356000000002;997.5356000000002;997.5356000000002;997.5356000000002;995.1588999999997;997.5356000000002;996.0390999999997;998.502200000001;
510.00600010952314;998.7768000000068;998.502300000001;996.0390999999997;996.0390999999997;999.278400000004;998.4142000000011;999.0320000000054;998.4142000000011;997.5356000000002;997.5356000000002;997.5356000000002;997.5356000000002;995.1588999999997;997.5356000000002;996.0390999999997;998.4142000000011;
510.0111483364857;998.7768000000068;998.502200000001;996.0390999999997;996.0390999999997;999.278400000004;998.4142000000011;999.0320000000054;998.4142000000011;997.5356000000002;997.5356000000002;997.5356000000002;997.5356000000002;995.1588999999997;997.5356000000002;996.0390999999997;998.4142000000011;
510.97430921623396;998.7680000000069;998.4142000000011;996.0390999999997;996.0390999999997;999.2608000000041;998.4142000000011;999.0232000000054;998.4142000000011;997.5356000000002;997.5356000000002;997.5356000000002;997.5356000000002;995.1588999999997;997.5356000000002;995.5989999999997;998.4142000000011;
510.9999999999993;998.7592000000069;998.4142000000011;996.0390999999997;996.0390999999997;999.2608000000041;998.4142000000011;999.0144000000055;998.4142000000011;997.5356000000002;997.5356000000002;997.5356000000002;997.5356000000002;995.1588999999997;997.5356000000002;995.5989999999997;998.4142000000011;
511.9743325560871;998.7592000000069;998.4142000000011;996.0390999999997;996.0390999999997;999.2608000000041;998.4142000000011;999.0144000000055;998.4142000000011;997.5356000000002;997.5356000000002;997.5356000000002;997.5356000000002;995.1588999999997;997.5356000000002;995.5989999999997;998.4142000000011;
512.9743558959402;998.750400000007;998.4142000000011;996.0390999999997;996.0390999999997;999.2608000000041;998.4142000000011;999.0056000000055;998.4142000000011;997.5356000000002;997.5356000000002;997.5356000000002;997.5356000000002;995.1588999999997;997.5356000000002;995.5989999999997;998.4142000000011;
513.9999999999993;998.750400000007;998.4142000000011;996.0390999999997;996.0390999999997;999.2608000000041;998.4142000000011;999.0056000000055;998.4142000000011;997.5356000000002;997.5356000000002;997.5356000000002;997.5356000000002;995.1588999999997;997.5356000000002;995.5989999999997;998.4142000000011;
514.9999999999993;998.750400000007;998.4142000000011;996.0390999999997;996.0390999999997;999.2608000000041;998.4142000000011;999.0056000000055;998.4142000000011;997.5356000000002;997.5356000000002;997.5356000000002;997.5356000000002;995.1588999999997;997.5356000000002;995.5989999999997;998.4142000000011;
515.9999999999993;998.750400000007;998.4142000000011;996.0390999999997;996.0390999999997;999.2608000000041;998.4142000000011;999.0056000000055;998.4142000000011;997.5356000000002;997.5356000000002;997.5356000000002;997.5356000000002;995.1588999999997;997.5356000000002;995.5989999999997;998.4142000000011;
516.9999999999993;998.750400000007;998.4142000000011;996.0390999999997;996.0390999999997;999.2608000000041;998.4142000000011;999.0056000000055;998.4142000000011;997.5356000000002;997.5356000000002;997.5356000000002;997.5356000000002;995.1588999999997;997.5356000000002;995.5989999999997;998.4142000000011;
517.9999999999993;998.750400000007;998.4142000000011;996.0390999999997;996.0390999999997;999.2608000000041;998.4142000000011;999.0056000000055;998.4142000000011;997.5356000000002;997.5356000000002;997.5356000000002;997.5356000000002;995.1588999999997;997.5356000000002;995.5989999999997;998.4142000000011;
518.9999999999993;998.750400000007;998.4142000000011;996.0390999999997;996.0390999999997;999.2608000000041;998.4142000000011;999.0056000000055;998.4142000000011;997.5356000000002;997.5356000000002;997.5356000000002;997.5356000000002;995.1588999999997;997.5356000000002;995.5989999999997;998.4142000000011;
519.9999999999993;998.750400000007;998.4142000000011;996.0390999999997;996.0390999999997;999.2608000000041;998.4142000000011;999.0056000000055;998.4142000000011;997.5356000000002;997.5356000000002;997.5356000000002;997.5356000000002;995.1588999999997;997.5356000000002;995.5989999999997;998.4142000000011;
520.9999999999993;998.750400000007;998.4142000000011;996.0390999999997;996.0390999999997;999.2608000000041;998.4142000000011;999.0056000000055;998.4142000000011;997.5356000000002;997.5356000000002;997.5356000000002;997.5356000000002;995.1588999999997;997.5356000000002;995.5989999999997;998.4142000000011;
521.9999999999993;998.750400000007;998.4142000000011;996.0390999999997;996.0390999999997;999.2608000000041;998.4142000000011;999.0056000000055;998.4142000000011;997.5356000000002;997.5356000000002;997.5356000000002;997.5356000000002;995.1588999999997;997.5356000000002;995.5989999999997;998.4142000000011;
522.9999999999993;998.750400000007;998.4142000000011;996.0390999999997;996.0390999999997;999.2608000000041;998.4142000000011;999.0056000000055;998.4142000000011;997.5356000000002;997.5356000000002;997.5356000000002;997.5356000000002;995.1588999999997;997.5356000000002;995.5989999999997;998.4142000000011;
523.9999999999993;998.750400000007;998.4142000000011;996.0390999999997;996.0390999999997;999.2608000000041;998.4142000000011;999.0056000000055;998.4142000000011;997.5356000000002;997.5356000000002;997.5356000000002;997.5356000000002;995.1588999999997;997.5356000000002;995.5989999999997;998.4142000000011;
524.9999999999993;998.750400000007;998.4142000000011;996.0390999999997;996.0390999999997;999.2608000000041;998.4142000000011;999.0056000000055;998.4142000000011;997.5356000000002;997.5356000000002;997.5356000000002;997.5356000000002;995.1588999999997;997.5356000000002;995.5989999999997;998.4142000000011;
525.9999999999993;998.750400000007;998.4142000000011;996.0390999999997;996.0390999999997;999.2608000000041;998.4142000000011;999.0056000000055;998.4142000000011;997.5356000000002;997.5356000000002;997.5356000000002;997.5356000000002;995.1588999999997;997.5356000000002;995.5989999999997;998.4142000000011;
526.9999999999993;998.750400000007;998.4142000000011;996.0390999999997;996.0390999999997;999.2608000000041;998.4142000000011;999.0056000000055;998.4142000000011;997.5356000000002;997.5356000000002;997.5356000000002;997.5356000000002;995.1588999999997;997.5356000000002;995.5989999999997;998.4142000000011;
527.9999999999993;998.750400000007;998.4142000000011;996.0390999999997;996.0390999999997;999.2608000000041;998.4142000000011;999.0056000000055;998.4142000000011;997.5356000000002;997.5356000000002;997.5356000000002;997.5356000000002;995.1588999999997;997.5356000000002;995.5989999999997;998.4142000000011;
528.9999999999993;998.750400000007;998.4142000000011;996.0390999999997;996.0390999999997;999.2608000000041;998.4142000000011;999.0056000000055;998.4142000000011;997.5356000000002;997.5356000000002;997.5356000000002;997.5356000000002;995.1588999999997;997.5356000000002;995.5989999999997;998.4142000000011;
529.9999999999993;998.750400000007;998.4142000000011;996.0390999999997;996.0390999999997;999.2608000000041;998.4142000000011;999.0056000000055;998.4142000000011;997.5356000000002;997.5356000000002;997.5356000000002;997.5356000000002;995.1588999999997;997.5356000000002;995.5989999999997;998.4142000000011;
530.9999999999993;998.750400000007;998.4142000000011;996.0390999999997;996.0390999999997;999.2608000000041;998.4142000000011;999.0056000000055;998.4142000000011;997.5356000000002;997.5356000000002;997.5356000000002;997.5356000000002;995.1588999999997;997.5356000000002;995.5989999999997;998.4142000000011;
531.9999999999993;998.750400000007;998.4142000000011;996.0390999999997;996.0390999999997;999.2608000000041;998.4142000000011;999.0056000000055;998.4142000000011;997.5356000000002;997.5356000000002;997.5356000000002;997.5356000000002;995.1588999999997;997.5356000000002;995.5989999999997;998.4142000000011;
532.9999999999993;998.750400000007;998.4142000000011;996.0390999999997;996.0390999999997;999.2608000000041;998.4142000000011;999.0056000000055;998.4142000000011;997.5356000000002;997.5356000000002;997.5356000000002;997.5356000000002;995.1588999999997;997.5356000000002;995.5989999999997;998.4142000000011;
533.9999999999993;998.750400000007;998.4142000000011;996.0390999999997;996.0390999999997;999.2608000000041;998.4142000000011;999.0056000000055;998.4142000000011;997.5356000000002;997.5356000000002;997.5356000000002;997.5356000000002;995.1588999999997;997.5356000000002;995.5989999999997;998.4142000000011;
534.9999999999993;998.750400000007;998.4142000000011;996.0390999999997;996.0390999999997;999.2608000000041;998.4142000000011;999.0056000000055;998.4142000000011;997.5356000000002;997.5356000000002;997.5356000000002;997.5356000000002;995.1588999999997;997.5356000000002;995.5989999999997;998.4142000000011;
535.9999999999993;998.750400000007;998.4142000000011;996.0390999999997;996.0390999999997;999.2608000000041;998.4142000000011;999.0056000000055;998.4142000000011;997.5356000000002;997.5356000000002;997.5356000000002;997.5356000000002;995.1588999999997;997.5356000000002;995.5989999999997;998.4142000000011;
536.9999999999993;998.750400000007;998.4142000000011;996.0390999999997;996.0390999999997;999.2608000000041;998.4142000000011;999.0056000000055;998.4142000000011;997.5356000000002;997.5356000000002;997.5356000000002;997.5356000000002;995.1588999999997;997.5356000000002;995.5989999999997;998.4142000000011;
537.9999999999993;998.750400000007;998.4142000000011;996.0390999999997;996.0390999999997;999.2608000000041;998.4142000000011;999.0056000000055;998.4142000000011;997.5356000000002;997.5356000000002;997.5356000000002;997.5356000000002;995.1588999999997;997.5356000000002;995.5989999999997;998.4142000000011;
538.9999999999993;998.750400000007;998.4142000000011;996.0390999999997;996.0390999999997;999.2608000000041;998.4142000000011;999.0056000000055;998.4142000000011;997.5356000000002;997.5356000000002;997.5356000000002;997.5356000000002;995.1588999999997;997.5356000000002;995.5989999999997;998.4142000000011;
539.9670755662372;998.750400000007;998.4142000000011;996.0390999999997;996.0390999999997;999.2608000000041;998.4141000000011;999.0056000000055;998.4142000000011;997.5356000000002;997.5356000000002;997.5356000000002;997.5356000000002;995.1588999999997;997.5356000000002;995.5989999999997;998.4142000000011;
539.9670755662372;998.750400000007;998.4142000000011;996.0390999999997;996.0390999999997;999.2608000000041;998.3261000000011;999.0056000000055;998.4142000000011;997.5356000000002;997.5356000000002;997.5356000000002;997.5356000000002;995.1588999999997;997.5356000000002;995.5989999999997;998.4142000000011;
539.9723915662372;998.741600000007;998.4142000000011;996.0390999999997;996.0390999999997;999.2608000000041;998.3261000000011;999.0056000000055;998.4142000000011;997.5356000000002;997.5356000000002;997.5356000000002;997.5356000000002;995.1588999999997;997.5356000000002;995.5989999999997;998.4142000000011;
539.9723915662372;998.732800000007;998.4142000000011;996.0390999999997;996.0390999999997;999.2608000000041;998.3261000000011;999.0056000000055;998.4142000000011;997.5356000000002;997.5356000000002;997.5356000000002;997.5356000000002;995.1588999999997;997.5356000000002;995.5989999999997;998.4142000000011;
539.9761538611693;998.732800000007;998.4142000000011;996.0389999999998;996.0390999999997;999.2608000000041;998.3261000000011;999.0056000000055;998.4142000000011;997.5356000000002;997.5356000000002;997.5356000000002;997.5356000000002;995.1588999999997;997.5356000000002;995.5989999999997;998.4142000000011;
539.9761538611693;998.732800000007;998.4142000000011;995.5989999999997;996.0390999999997;999.2608000000041;998.3261000000011;999.0056000000055;998.4142000000011;997.5356000000002;997.5356000000002;997.5356000000002;997.5356000000002;995.1588999999997;997.5356000000002;995.5989999999997;998.4142000000011;
539.9777075662372;998.732800000007;998.4142000000011;995.5989999999997;996.0390999999997;999.2608000000041;998.3261000000011;998.9968000000056;998.4142000000011;997.5356000000002;997.5356000000002;997.5356000000002;997.5356000000002;995.1588999999997;997.5356000000002;995.5989999999997;998.4142000000011;
539.9814698611693;998.7240000000071;998.4142000000011;995.5989999999997;996.0390999999997;999.2608000000041;998.3261000000011;998.9968000000056;998.4142000000011;997.5356000000002;997.5356000000002;997.5356000000002;997.5356000000002;995.1588999999997;997.5356000000002;995.5989999999997;998.4142000000011;
539.9891186984443;998.7240000000071;998.4142000000011;995.5989999999997;996.0389999999998;999.2608000000041;998.3261000000011;998.9968000000056;998.4142000000011;997.5356000000002;997.5356000000002;997.5356000000002;997.5356000000002;995.1588999999997;997.5356000000002;995.5989999999997;998.4142000000011;
539.9891186984443;998.7240000000071;998.4142000000011;995.5989999999997;995.5989999999997;999.2608000000041;998.3261000000011;998.9968000000056;998.4142000000011;997.5356000000002;997.5356000000002;997.5356000000002;997.5356000000002;995.1588999999997;997.5356000000002;995.5989999999997;998.4142000000011;
539.9914676125134;998.7240000000071;998.4142000000011;995.5989999999997;995.5989999999997;999.2608000000041;998.3261000000011;998.9968000000056;998.4141000000011;997.5356000000002;997.5356000000002;997.5356000000002;997.5356000000002;995.1588999999997;997.5356000000002;995.5989999999997;998.4142000000011;
539.9914676125134;998.7240000000071;998.4142000000011;995.5989999999997;995.5989999999997;999.2608000000041;998.3261000000011;998.9968000000056;998.3261000000011;997.5356000000002;997.5356000000002;997.5356000000002;997.5356000000002;995.1588999999997;997.5356000000002;995.5989999999997;998.4142000000011;
539.99294267362;998.7240000000071;998.4142000000011;995.5989999999997;995.5989999999997;999.2608000000041;998.3261000000011;998.9968000000056;998.3261000000011;997.5356000000002;997.5356000000002;997.5356000000002;997.5356000000002;995.1587999999997;997.5356000000002;995.5989999999997;998.4142000000011;
540.9724149060904;998.7064000000072;998.3261000000011;995.5989999999997;995.5989999999997;999.2344000000043;998.3261000000011;998.9880000000056;998.3261000000011;997.5356000000002;997.5356000000002;997.5356000000002;997.5356000000002;994.7187999999996;997.5356000000002;995.5989999999997;998.3261000000011;
541.9724382459435;998.6976000000072;998.3261000000011;995.5989999999997;995.5989999999997;999.2256000000043;998.3261000000011;998.9704000000057;998.3261000000011;997.5356000000002;997.5356000000002;997.5356000000002;997.5356000000002;994.7187999999996;997.5356000000002;995.5989999999997;998.3261000000011;
541.9724382459435;998.6888000000073;998.3261000000011;995.5989999999997;995.5989999999997;999.2256000000043;998.3261000000011;998.9704000000057;998.3261000000011;997.5356000000002;997.5356000000002;997.5356000000002;997.5356000000002;994.7187999999996;997.5356000000002;995.5989999999997;998.3261000000011;
542.9724615857967;998.6888000000073;998.3261000000011;995.5989999999997;995.5989999999997;999.2256000000043;998.3261000000011;998.9616000000058;998.3261000000011;997.5356000000002;997.5356000000002;997.5356000000002;997.5356000000002;994.7187999999996;997.5356000000002;995.5989999999997;998.3261000000011;
543.9724849256498;998.6800000000073;998.3261000000011;995.5989999999997;995.5989999999997;999.2256000000043;998.3261000000011;998.9528000000058;998.3261000000011;997.5356000000002;997.5356000000002;997.5356000000002;997.5356000000002;994.7187999999996;997.5356000000002;995.5989999999997;998.3261000000011;
543.9999999999994;998.6800000000073;998.3261000000011;995.5989999999997;995.5989999999997;999.2256000000043;998.3261000000011;998.9528000000058;998.3261000000011;997.5356000000002;997.5356000000002;997.5356000000002;997.5356000000002;994.7187999999996;997.5356000000002;995.5989999999997;998.3261000000011;
544.9999999999994;998.6800000000073;998.3261000000011;995.5989999999997;995.5989999999997;999.2256000000043;998.3261000000011;998.9528000000058;998.3261000000011;997.5356000000002;997.5356000000002;997.5356000000002;997.5356000000002;994.7187999999996;997.5356000000002;995.5989999999997;998.3261000000011;
545.9999999999994;998.6800000000073;998.3261000000011;995.5989999999997;995.5989999999997;999.2256000000043;998.3261000000011;998.9528000000058;998.3261000000011;997.5356000000002;997.5356000000002;997.5356000000002;997.5356000000002;994.7187999999996;997.5356000000002;995.5989999999997;998.3261000000011;
546.9999999999994;998.6800000000073;998.3261000000011;995.5989999999997;995.5989999999997;999.2256000000043;998.3261000000011;998.9528000000058;998.3261000000011;997.5356000000002;997.5356000000002;997.5356000000002;997.5356000000002;994.7187999999996;997.5356000000002;995.5989999999997;998.3261000000011;
547.9999999999994;998.6800000000073;998.3261000000011;995.5989999999997;995.5989999999997;999.2256000000043;998.3261000000011;998.9528000000058;998.3261000000011;997.5356000000002;997.5356000000002;997.5356000000002;997.5356000000002;994.7187999999996;997.5356000000002;995.5989999999997;998.3261000000011;
548.9999999999994;998.6800000000073;998.3261000000011;995.5989999999997;995.5989999999997;999.2256000000043;998.3261000000011;998.9528000000058;998.3261000000011;997.5356000000002;997.5356000000002;997.5356000000002;997.5356000000002;994.7187999999996;997.5356000000002;995.5989999999997;998.3261000000011;
549.9999999999994;998.6800000000073;998.3261000000011;995.5989999999997;995.5989999999997;999.2256000000043;998.3261000000011;998.9528000000058;998.3261000000011;997.5356000000002;997.5356000000002;997.5356000000002;997.5356000000002;994.7187999999996;997.5356000000002;995.5989999999997;998.3261000000011;
550.9999999999994;998.6800000000073;998.3261000000011;995.5989999999997;995.5989999999997;999.2256000000043;998.3261000000011;998.9528000000058;998.3261000000011;997.5356000000002;997.5356000000002;997.5356000000002;997.5356000000002;994.7187999999996;997.5356000000002;995.5989999999997;998.3261000000011;
551.9999999999994;998.6800000000073;998.3261000000011;995.5989999999997;995.5989999999997;999.2256000000043;998.3261000000011;998.9528000000058;998.3261000000011;997.5356000000002;997.5356000000002;997.5356000000002;997.5356000000002;994.7187999999996;997.5356000000002;995.5989999999997;998.3261000000011;
552.9999999999994;998.6800000000073;998.3261000000011;995.5989999999997;995.5989999999997;999.2256000000043;998.3261000000011;998.9528000000058;998.3261000000011;997.5356000000002;997.5356000000002;997.5356000000002;997.5356000000002;994.7187999999996;997.5356000000002;995.5989999999997;998.3261000000011;
553.9999999999994;998.6800000000073;998.3261000000011;995.5989999999997;995.5989999999997;999.2256000000043;998.3261000000011;998.9528000000058;998.3261000000011;997.5356000000002;997.5356000000002;997.5356000000002;997.5356000000002;994.7187999999996;997.5356000000002;995.5989999999997;998.3261000000011;
554.9999999999994;998.6800000000073;998.3261000000011;995.5989999999997;995.5989999999997;999.2256000000043;998.3261000000011;998.9528000000058;998.3261000000011;997.5356000000002;997.5356000000002;997.5356000000002;997.5356000000002;994.7187999999996;997.5356000000002;995.5989999999997;998.3261000000011;
555.9999999999994;998.6800000000073;998.3261000000011;995.5989999999997;995.5989999999997;999.2256000000043;998.3261000000011;998.9528000000058;998.3261000000011;997.5356000000002;997.5356000000002;997.5356000000002;997.5356000000002;994.7187999999996;997.5356000000002;995.5989999999997;998.3261000000011;
556.9999999999994;998.6800000000073;998.3261000000011;995.5989999999997;995.5989999999997;999.2256000000043;998.3261000000011;998.9528000000058;998.3261000000011;997.5356000000002;997.5356000000002;997.5356000000002;997.5356000000002;994.7187999999996;997.5356000000002;995.5989999999997;998.3261000000011;
557.9999999999994;998.6800000000073;998.3261000000011;995.5989999999997;995.5989999999997;999.2256000000043;998.3261000000011;998.9528000000058;998.3261000000011;997.5356000000002;997.5356000000002;997.5356000000002;997.5356000000002;994.7187999999996;997.5356000000002;995.5989999999997;998.3261000000011;
558.9999999999994;998.6800000000073;998.3261000000011;995.5989999999997;995.5989999999997;999.2256000000043;998.3261000000011;998.9528000000058;998.3261000000011;997.5356000000002;997.5356000000002;997.5356000000002;997.5356000000002;994.7187999999996;997.5356000000002;995.5989999999997;998.3261000000011;
559.9999999999994;998.6800000000073;998.3261000000011;995.5989999999997;995.5989999999997;999.2256000000043;998.3261000000011;998.9528000000058;998.3261000000011;997.5356000000002;997.5356000000002;997.5356000000002;997.5356000000002;994.7187999999996;997.5356000000002;995.5989999999997;998.3261000000011;
560.9999999999994;998.6800000000073;998.3261000000011;995.5989999999997;995.5989999999997;999.2256000000043;998.3261000000011;998.9528000000058;998.3261000000011;997.5356000000002;997.5356000000002;997.5356000000002;997.5356000000002;994.7187999999996;997.5356000000002;995.5989999999997;998.3261000000011;
561.9999999999994;998.6800000000073;998.3261000000011;995.5989999999997;995.5989999999997;999.2256000000043;998.3261000000011;998.9528000000058;998.3261000000011;997.5356000000002;997.5356000000002;997.5356000000002;997.5356000000002;994.7187999999996;997.5356000000002;995.5989999999997;998.3261000000011;
562.9999999999994;998.6800000000073;998.3261000000011;995.5989999999997;995.5989999999997;999.2256000000043;998.3261000000011;998.9528000000058;998.3261000000011;997.5356000000002;997.5356000000002;997.5356000000002;997.5356000000002;994.7187999999996;997.5356000000002;995.5989999999997;998.3261000000011;
563.9999999999994;998.6800000000073;998.3261000000011;995.5989999999997;995.5989999999997;999.2256000000043;998.3261000000011;998.9528000000058;998.3261000000011;997.5356000000002;997.5356000000002;997.5356000000002;997.5356000000002;994.7187999999996;997.5356000000002;995.5989999999997;998.3261000000011;
564.9999999999994;998.6800000000073;998.3261000000011;995.5989999999997;995.5989999999997;999.2256000000043;998.3261000000011;998.9528000000058;998.3261000000011;997.5356000000002;997.5356000000002;997.5356000000002;997.5356000000002;994.7187999999996;997.5356000000002;995.5989999999997;998.3261000000011;
565.9999999999994;998.6800000000073;998.3261000000011;995.5989999999997;995.5989999999997;999.2256000000043;998.3261000000011;998.9528000000058;998.3261000000011;997.5356000000002;997.5356000000002;997.5356000000002;997.5356000000002;994.7187999999996;997.5356000000002;995.5989999999997;998.3261000000011;
566.9999999999994;998.6800000000073;998.3261000000011;995.5989999999997;995.5989999999997;999.2256000000043;998.3261000000011;998.9528000000058;998.3261000000011;997.5356000000002;997.5356000000002;997.5356000000002;997.5356000000002;994.7187999999996;997.5356000000002;995.5989999999997;998.3261000000011;
567.9999999999994;998.6800000000073;998.3261000000011;995.5989999999997;995.5989999999997;999.2256000000043;998.3261000000011;998.9528000000058;998.3261000000011;997.5356000000002;997.5356000000002;997.5356000000002;997.5356000000002;994.7187999999996;997.5356000000002;995.5989999999997;998.3261000000011;
568.9999999999994;998.6800000000073;998.3261000000011;995.5989999999997;995.5989999999997;999.2256000000043;998.3261000000011;998.9528000000058;998.3261000000011;997.5356000000002;997.5356000000002;997.5356000000002;997.5356000000002;994.7187999999996;997.5356000000002;995.5989999999997;998.3261000000011;
569.9651812560936;998.6800000000073;998.3261000000011;995.5989999999997;995.5989999999997;999.2256000000043;998.3260000000012;998.9528000000058;998.3261000000011;997.5356000000002;997.5356000000002;997.5356000000002;997.5356000000002;994.7187999999996;997.5356000000002;995.5989999999997;998.3261000000011;
569.9651812560936;998.6800000000073;998.3261000000011;995.5989999999997;995.5989999999997;999.2256000000043;998.2380000000012;998.9528000000058;998.3261000000011;997.5356000000002;997.5356000000002;997.5356000000002;997.5356000000002;994.7187999999996;997.5356000000002;995.5989999999997;998.3261000000011;
569.9704972560936;998.6712000000074;998.3261000000011;995.5989999999997;995.5989999999997;999.2256000000043;998.2380000000012;998.9528000000058;998.3261000000011;997.5356000000002;997.5356000000002;997.5356000000002;997.5356000000002;994.7187999999996;997.5356000000002;995.5989999999997;998.3261000000011;
569.9704972560936;998.6624000000074;998.3261000000011;995.5989999999997;995.5989999999997;999.2256000000043;998.2380000000012;998.9528000000058;998.3261000000011;997.5356000000002;997.5356000000002;997.5356000000002;997.5356000000002;994.7187999999996;997.5356000000002;995.5989999999997;998.3261000000011;
569.9758132560936;998.6624000000074;998.3261000000011;995.5989999999997;995.5989999999997;999.2256000000043;998.2380000000012;998.9440000000059;998.3261000000011;997.5356000000002;997.5356000000002;997.5356000000002;997.5356000000002;994.7187999999996;997.5356000000002;995.5989999999997;998.3261000000011;
569.9909515341737;998.6624000000074;998.3261000000011;995.5989999999997;995.5989999999997;999.2256000000043;998.2380000000012;998.9440000000059;998.3260000000012;997.5356000000002;997.5356000000002;997.5356000000002;997.5356000000002;994.7187999999996;997.5356000000002;995.5989999999997;998.3261000000011;
569.9909515341737;998.6624000000074;998.3261000000011;995.5989999999997;995.5989999999997;999.2256000000043;998.2380000000012;998.9440000000059;998.2380000000012;997.5356000000002;997.5356000000002;997.5356000000002;997.5356000000002;994.7187999999996;997.5356000000002;995.5989999999997;998.3261000000011;
569.9962675341737;998.6536000000075;998.3261000000011;995.5989999999997;995.5989999999997;999.2256000000043;998.2380000000012;998.9440000000059;998.2380000000012;997.5356000000002;997.5356000000002;997.5356000000002;997.5356000000002;994.7187999999996;997.5356000000002;995.5989999999997;998.3261000000011;
569.9999999999993;998.6536000000075;998.3261000000011;995.5989999999997;995.5989999999997;999.2256000000043;998.2380000000012;998.9440000000059;998.2380000000012;997.5356000000002;997.5356000000002;997.5356000000002;997.5356000000002;994.7187999999996;997.5356000000002;995.5989999999997;998.3261000000011;
570.0066453897558;998.6536000000075;998.3261000000011;995.5989999999997;995.5989999999997;999.2256000000043;998.2380000000012;998.9440000000059;998.2380000000012;997.5356000000002;997.5356000000002;997.5356000000002;997.5356000000002;994.7187999999996;997.5356000000002;995.5989999999997;998.3260000000012;
570.0066453897558;998.6536000000075;998.3261000000011;995.5989999999997;995.5989999999997;999.2256000000043;998.2380000000012;998.9440000000059;998.2380000000012;997.5356000000002;997.5356000000002;997.5356000000002;997.5356000000002;994.7187999999996;997.5356000000002;995.5989999999997;998.2380000000012;
570.012396899839;998.6536000000075;998.3260000000012;995.5989999999997;995.5989999999997;999.2256000000043;998.2380000000012;998.9440000000059;998.2380000000012;997.5356000000002;997.5356000000002;997.5356000000002;997.5356000000002;994.7187999999996;997.5356000000002;995.5989999999997;998.2380000000012;
570.9705205959466;998.6448000000075;998.2380000000012;995.5989999999997;995.5989999999997;999.2080000000044;998.2380000000012;998.9352000000059;998.2380000000012;997.5356000000002;997.5356000000002;997.5356000000002;997.5356000000002;994.7187999999996;997.5356000000002;995.1588999999997;998.2380000000012;
571.9705439357997;998.6360000000076;998.2380000000012;995.5989999999997;995.5989999999997;999.2080000000044;998.2380000000012;998.926400000006;998.2380000000012;997.5356000000002;997.5356000000002;997.5356000000002;997.5356000000002;994.7187999999996;997.5356000000002;995.1588999999997;998.2380000000012;
571.9705439357997;998.6272000000076;998.2380000000012;995.5989999999997;995.5989999999997;999.2080000000044;998.2380000000012;998.926400000006;998.2380000000012;997.5356000000002;997.5356000000002;997.5356000000002;997.5356000000002;994.7187999999996;997.5356000000002;995.1588999999997;998.2380000000012;
572.9705672756528;998.6272000000076;998.2380000000012;995.5989999999997;995.5989999999997;999.2080000000044;998.2380000000012;998.917600000006;998.2380000000012;997.5356000000002;997.5356000000002;997.5356000000002;997.5356000000002;994.7187999999996;997.5356000000002;995.1588999999997;998.2380000000012;
573.9999999999992;998.6272000000076;998.2380000000012;995.5989999999997;995.5989999999997;999.2080000000044;998.2380000000012;998.917600000006;998.2380000000012;997.5356000000002;997.5356000000002;997.5356000000002;997.5356000000002;994.7187999999996;997.5356000000002;995.1588999999997;998.2380000000012;
574.9999999999992;998.6272000000076;998.2380000000012;995.5989999999997;995.5989999999997;999.2080000000044;998.2380000000012;998.917600000006;998.2380000000012;997.5356000000002;997.5356000000002;997.5356000000002;997.5356000000002;994.7187999999996;997.5356000000002;995.1588999999997;998.2380000000012;
575.9999999999992;998.6272000000076;998.2380000000012;995.5989999999997;995.5989999999997;999.2080000000044;998.2380000000012;998.917600000006;998.2380000000012;997.5356000000002;997.5356000000002;997.5356000000002;997.5356000000002;994.7187999999996;997.5356000000002;995.1588999999997;998.2380000000012;
576.9999999999992;998.6272000000076;998.2380000000012;995.5989999999997;995.5989999999997;999.2080000000044;998.2380000000012;998.917600000006;998.2380000000012;997.5356000000002;997.5356000000002;997.5356000000002;997.5356000000002;994.7187999999996;997.5356000000002;995.1588999999997;998.2380000000012;
577.9999999999992;998.6272000000076;998.2380000000012;995.5989999999997;995.5989999999997;999.2080000000044;998.2380000000012;998.917600000006;998.2380000000012;997.5356000000002;997.5356000000002;997.5356000000002;997.5356000000002;994.7187999999996;997.5356000000002;995.1588999999997;998.2380000000012;
578.9999999999992;998.6272000000076;998.2380000000012;995.5989999999997;995.5989999999997;999.2080000000044;998.2380000000012;998.917600000006;998.2380000000012;997.5356000000002;997.5356000000002;997.5356000000002;997.5356000000002;994.7187999999996;997.5356000000002;995.1588999999997;998.2380000000012;
579.9999999999992;998.6272000000076;998.2380000000012;995.5989999999997;995.5989999999997;999.2080000000044;998.2380000000012;998.917600000006;998.2380000000012;997.5356000000002;997.5356000000002;997.5356000000002;997.5356000000002;994.7187999999996;997.5356000000002;995.1588999999997;998.2380000000012;
580.9999999999992;998.6272000000076;998.2380000000012;995.5989999999997;995.5989999999997;999.2080000000044;998.2380000000012;998.917600000006;998.2380000000012;997.5356000000002;997.5356000000002;997.5356000000002;997.5356000000002;994.7187999999996;997.5356000000002;995.1588999999997;998.2380000000012;
581.9999999999992;998.6272000000076;998.2380000000012;995.5989999999997;995.5989999999997;999.2080000000044;998.2380000000012;998.917600000006;998.2380000000012;997.5356000000002;997.5356000000002;997.5356000000002;997.5356000000002;994.7187999999996;997.5356000000002;995.1588999999997;998.2380000000012;
582.9999999999992;998.6272000000076;998.2380000000012;995.5989999999997;995.5989999999997;999.2080000000044;998.2380000000012;998.917600000006;998.2380000000012;997.5356000000002;997.5356000000002;997.5356000000002;997.5356000000002;994.7187999999996;997.5356000000002;995.1588999999997;998.2380000000012;
583.9999999999992;998.6272000000076;998.2380000000012;995.5989999999997;995.5989999999997;999.2080000000044;998.2380000000012;998.917600000006;998.2380000000012;997.5356000000002;997.5356000000002;997.5356000000002;997.5356000000002;994.7187999999996;997.5356000000002;995.1588999999997;998.2380000000012;
584.9999999999992;998.6272000000076;998.2380000000012;995.5989999999997;995.5989999999997;999.2080000000044;998.2380000000012;998.917600000006;998.2380000000012;997.5356000000002;997.5356000000002;997.5356000000002;997.5356000000002;994.7187999999996;997.5356000000002;995.1588999999997;998.2380000000012;
585.9999999999992;998.6272000000076;998.2380000000012;995.5989999999997;995.5989999999997;999.2080000000044;998.2380000000012;998.917600000006;998.2380000000012;997.5356000000002;997.5356000000002;997.5356000000002;997.5356000000002;994.7187999999996;997.5356000000002;995.1588999999997;998.2380000000012;
586.9999999999992;998.6272000000076;998.2380000000012;995.5989999999997;995.5989999999997;999.2080000000044;998.2380000000012;998.917600000006;998.2380000000012;997.5356000000002;997.5356000000002;997.5356000000002;997.5356000000002;994.7187999999996;997.5356000000002;995.1588999999997;998.2380000000012;
587.9999999999992;998.6272000000076;998.2380000000012;995.5989999999997;995.5989999999997;999.2080000000044;998.2380000000012;998.917600000006;998.2380000000012;997.5356000000002;997.5356000000002;997.5356000000002;997.5356000000002;994.7187999999996;997.5356000000002;995.1588999999997;998.2380000000012;
588.9999999999992;998.6272000000076;998.2380000000012;995.5989999999997;995.5989999999997;999.2080000000044;998.2380000000012;998.917600000006;998.2380000000012;997.5356000000002;997.5356000000002;997.5356000000002;997.5356000000002;994.7187999999996;997.5356000000002;995.1588999999997;998.2380000000012;
589.9999999999992;998.6272000000076;998.2380000000012;995.5989999999997;995.5989999999997;999.2080000000044;998.2380000000012;998.917600000006;998.2380000000012;997.5356000000002;997.5356000000002;997.5356000000002;997.5356000000002;994.7187999999996;997.5356000000002;995.1588999999997;998.2380000000012;
590.9999999999992;998.6272000000076;998.2380000000012;995.5989999999997;995.5989999999997;999.2080000000044;998.2380000000012;998.917600000006;998.2380000000012;997.5356000000002;997.5356000000002;997.5356000000002;997.5356000000002;994.7187999999996;997.5356000000002;995.1588999999997;998.2380000000012;
591.9999999999992;998.6272000000076;998.2380000000012;995.5989999999997;995.5989999999997;999.2080000000044;998.2380000000012;998.917600000006;998.2380000000012;997.5356000000002;997.5356000000002;997.5356000000002;997.5356000000002;994.7187999999996;997.5356000000002;995.1588999999997;998.2380000000012;
592.9999999999992;998.6272000000076;998.2380000000012;995.5989999999997;995.5989999999997;999.2080000000044;998.2380000000012;998.917600000006;998.2380000000012;997.5356000000002;997.5356000000002;997.5356000000002;997.5356000000002;994.7187999999996;997.5356000000002;995.1588999999997;998.2380000000012;
593.9999999999992;998.6272000000076;998.2380000000012;995.5989999999997;995.5989999999997;999.2080000000044;998.2380000000012;998.917600000006;998.2380000000012;997.5356000000002;997.5356000000002;997.5356000000002;997.5356000000002;994.7187999999996;997.5356000000002;995.1588999999997;998.2380000000012;
594.9999999999992;998.6272000000076;998.2380000000012;995.5989999999997;995.5989999999997;999.2080000000044;998.2380000000012;998.917600000006;998.2380000000012;997.5356000000002;997.5356000000002;997.5356000000002;997.5356000000002;994.7187999999996;997.5356000000002;995.1588999999997;998.2380000000012;
595.9999999999992;998.6272000000076;998.2380000000012;995.5989999999997;995.5989999999997;999.2080000000044;998.2380000000012;998.917600000006;998.2380000000012;997.5356000000002;997.5356000000002;997.5356000000002;997.5356000000002;994.7187999999996;997.5356000000002;995.1588999999997;998.2380000000012;
596.9999999999992;998.6272000000076;998.2380000000012;995.5989999999997;995.5989999999997;999.2080000000044;998.2380000000012;998.917600000006;998.2380000000012;997.5356000000002;997.5356000000002;997.5356000000002;997.5356000000002;994.7187999999996;997.5356000000002;995.1588999999997;998.2380000000012;
597.9999999999992;998.6272000000076;998.2380000000012;995.5989999999997;995.5989999999997;999.2080000000044;998.2380000000012;998.917600000006;998.2380000000012;997.5356000000002;997.5356000000002;997.5356000000002;997.5356000000002;994.7187999999996;997.5356000000002;995.1588999999997;998.2380000000012;
598.9999999999992;998.6272000000076;998.2380000000012;995.5989999999997;995.5989999999997;999.2080000000044;998.2380000000012;998.917600000006;998.2380000000012;997.5356000000002;997.5356000000002;997.5356000000002;997.5356000000002;994.7187999999996;997.5356000000002;995.1588999999997;998.2380000000012;
599.9632869459498;998.6272000000076;998.2380000000012;995.5989999999997;995.5989999999997;999.2080000000044;998.2379000000012;998.917600000006;998.2380000000012;997.5356000000002;997.5356000000002;997.5356000000002;997.5356000000002;994.7187999999996;997.5356000000002;995.1588999999997;998.2380000000012;
599.9632869459498;998.6272000000076;998.2380000000012;995.5989999999997;995.5989999999997;999.2080000000044;998.1499000000013;998.917600000006;998.2380000000012;997.5356000000002;997.5356000000002;997.5356000000002;997.5356000000002;994.7187999999996;997.5356000000002;995.1588999999997;998.2380000000012;
599.9686029459498;998.6184000000077;998.2380000000012;995.5989999999997;995.5989999999997;999.2080000000044;998.1499000000013;998.917600000006;998.2380000000012;997.5356000000002;997.5356000000002;997.5356000000002;997.5356000000002;994.7187999999996;997.5356000000002;995.1588999999997;998.2380000000012;
599.9686029459498;998.6096000000077;998.2380000000012;995.5989999999997;995.5989999999997;999.2080000000044;998.1499000000013;998.917600000006;998.2380000000012;997.5356000000002;997.5356000000002;997.5356000000002;997.5356000000002;994.7187999999996;997.5356000000002;995.1588999999997;998.2380000000012;
599.9728091847004;998.6096000000077;998.2380000000012;995.5988999999997;995.5989999999997;999.2080000000044;998.1499000000013;998.917600000006;998.2380000000012;997.5356000000002;997.5356000000002;997.5356000000002;997.5356000000002;994.7187999999996;997.5356000000002;995.1588999999997;998.2380000000012;
599.9728091847004;998.6096000000077;998.2380000000012;995.1588999999997;995.5989999999997;999.2080000000044;998.1499000000013;998.917600000006;998.2380000000012;997.5356000000002;997.5356000000002;997.5356000000002;997.5356000000002;994.7187999999996;997.5356000000002;995.1588999999997;998.2380000000012;
599.9739189459498;998.6096000000077;998.2380000000012;995.1588999999997;995.5989999999997;999.2080000000044;998.1499000000013;998.9088000000061;998.2380000000012;997.5356000000002;997.5356000000002;997.5356000000002;997.5356000000002;994.7187999999996;997.5356000000002;995.1588999999997;998.2380000000012;
599.9781251847004;998.6008000000078;998.2380000000012;995.1588999999997;995.5989999999997;999.2080000000044;998.1499000000013;998.9088000000061;998.2380000000012;997.5356000000002;997.5356000000002;997.5356000000002;997.5356000000002;994.7187999999996;997.5356000000002;995.1588999999997;998.2380000000012;
599.9865528342782;998.6008000000078;998.2380000000012;995.1588999999997;995.5989999999997;999.2080000000044;998.1499000000013;998.9088000000061;998.2380000000012;997.5355000000002;997.5356000000002;997.5356000000002;997.5356000000002;994.7187999999996;997.5356000000002;995.1588999999997;998.2380000000012;
599.9865528342782;998.6008000000078;998.2380000000012;995.1588999999997;995.5989999999997;999.2080000000044;998.1499000000013;998.9088000000061;998.2380000000012;996.9195000000002;997.5356000000002;997.5356000000002;997.5356000000002;994.7187999999996;997.5356000000002;995.1588999999997;998.2380000000012;
599.9878816007451;998.6008000000078;998.2380000000012;995.1588999999997;995.5988999999997;999.2080000000044;998.1499000000013;998.9088000000061;998.2380000000012;996.9195000000002;997.5356000000002;997.5356000000002;997.5356000000002;994.7187999999996;997.5356000000002;995.1588999999997;998.2380000000012;
599.9878816007451;998.6008000000078;998.2380000000012;995.1588999999997;995.1588999999997;999.2080000000044;998.1499000000013;998.9088000000061;998.2380000000012;996.9195000000002;997.5356000000002;997.5356000000002;997.5356000000002;994.7187999999996;997.5356000000002;995.1588999999997;998.2380000000012;
599.990435455834;998.6008000000078;998.2380000000012;995.1588999999997;995.1588999999997;999.2080000000044;998.1499000000013;998.9088000000061;998.2379000000012;996.9195000000002;997.5356000000002;997.5356000000002;997.5356000000002;994.7187999999996;997.5356000000002;995.1588999999997;998.2380000000012;
600.968626285803;998.565600000008;998.1499000000013;995.1588999999997;995.1588999999997;999.1552000000047;998.1499000000013;998.9000000000061;998.1499000000013;996.9195000000002;996.9195000000002;996.9195000000002;996.9195000000002;994.2786999999996;996.9195000000002;995.1588999999997;998.1499000000013;
601.9686496256561;998.556800000008;998.1499000000013;995.1588999999997;995.1588999999997;999.1464000000047;998.1499000000013;998.8824000000062;998.1499000000013;996.9195000000002;996.9195000000002;996.9195000000002;996.9195000000002;994.2786999999996;996.9195000000002;995.1588999999997;998.1499000000013;
602.9686729655093;998.5480000000081;998.1499000000013;995.1588999999997;995.1588999999997;999.1376000000048;998.1499000000013;998.8648000000063;998.1499000000013;996.9195000000002;996.9195000000002;996.9195000000002;996.9195000000002;994.2786999999996;996.9195000000002;995.1588999999997;998.1499000000013;
602.9686729655093;998.5392000000081;998.1499000000013;995.1588999999997;995.1588999999997;999.1376000000048;998.1499000000013;998.8648000000063;998.1499000000013;996.9195000000002;996.9195000000002;996.9195000000002;996.9195000000002;994.2786999999996;996.9195000000002;995.1588999999997;998.1499000000013;
603.9686963053624;998.5392000000081;998.1499000000013;995.1588999999997;995.1588999999997;999.1288000000048;998.1499000000013;998.8472000000064;998.1499000000013;996.9195000000002;996.9195000000002;996.9195000000002;996.9195000000002;994.2786999999996;996.9195000000002;995.1588999999997;998.1499000000013;
604.9687196452154;998.5304000000082;998.1499000000013;995.1588999999997;995.1588999999997;999.1200000000049;998.1499000000013;998.8296000000065;998.1499000000013;996.9195000000002;996.9195000000002;996.9195000000002;996.9195000000002;994.2786999999996;996.9195000000002;995.1588999999997;998.1499000000013;
604.9687196452154;998.5216000000082;998.1499000000013;995.1588999999997;995.1588999999997;999.1200000000049;998.1499000000013;998.8296000000065;998.1499000000013;996.9195000000002;996.9195000000002;996.9195000000002;996.9195000000002;994.2786999999996;996.9195000000002;995.1588999999997;998.1499000000013;
605.9687429850686;998.5216000000082;998.1499000000013;995.1588999999997;995.1588999999997;999.1200000000049;998.1499000000013;998.8208000000066;998.1499000000013;996.9195000000002;996.9195000000002;996.9195000000002;996.9195000000002;994.2786999999996;996.9195000000002;995.1588999999997;998.1499000000013;
606.9999999999992;998.5216000000082;998.1499000000013;995.1588999999997;995.1588999999997;999.1200000000049;998.1499000000013;998.8208000000066;998.1499000000013;996.9195000000002;996.9195000000002;996.9195000000002;996.9195000000002;994.2786999999996;996.9195000000002;995.1588999999997;998.1499000000013;
607.9999999999992;998.5216000000082;998.1499000000013;995.1588999999997;995.1588999999997;999.1200000000049;998.1499000000013;998.8208000000066;998.1499000000013;996.9195000000002;996.9195000000002;996.9195000000002;996.9195000000002;994.2786999999996;996.9195000000002;995.1588999999997;998.1499000000013;
608.9999999999992;998.5216000000082;998.1499000000013;995.1588999999997;995.1588999999997;999.1200000000049;998.1499000000013;998.8208000000066;998.1499000000013;996.9195000000002;996.9195000000002;996.9195000000002;996.9195000000002;994.2786999999996;996.9195000000002;995.1588999999997;998.1499000000013;
609.9999999999992;998.5216000000082;998.1499000000013;995.1588999999997;995.1588999999997;999.1200000000049;998.1499000000013;998.8208000000066;998.1499000000013;996.9195000000002;996.9195000000002;996.9195000000002;996.9195000000002;994.2786999999996;996.9195000000002;995.1588999999997;998.1499000000013;
610.9999999999992;998.5216000000082;998.1499000000013;995.1588999999997;995.1588999999997;999.1200000000049;998.1499000000013;998.8208000000066;998.1499000000013;996.9195000000002;996.9195000000002;996.9195000000002;996.9195000000002;994.2786999999996;996.9195000000002;995.1588999999997;998.1499000000013;
611.9999999999992;998.5216000000082;998.1499000000013;995.1588999999997;995.1588999999997;999.1200000000049;998.1499000000013;998.8208000000066;998.1499000000013;996.9195000000002;996.9195000000002;996.9195000000002;996.9195000000002;994.2786999999996;996.9195000000002;995.1588999999997;998.1499000000013;
612.9999999999992;998.5216000000082;998.1499000000013;995.1588999999997;995.1588999999997;999.1200000000049;998.1499000000013;998.8208000000066;998.1499000000013;996.9195000000002;996.9195000000002;996.9195000000002;996.9195000000002;994.2786999999996;996.9195000000002;995.1588999999997;998.1499000000013;
613.9999999999992;998.5216000000082;998.1499000000013;995.1588999999997;995.1588999999997;999.1200000000049;998.1499000000013;998.8208000000066;998.1499000000013;996.9195000000002;996.9195000000002;996.9195000000002;996.9195000000002;994.2786999999996;996.9195000000002;995.1588999999997;998.1499000000013;
614.9999999999992;998.5216000000082;998.1499000000013;995.1588999999997;995.1588999999997;999.1200000000049;998.1499000000013;998.8208000000066;998.1499000000013;996.9195000000002;996.9195000000002;996.9195000000002;996.9195000000002;994.2786999999996;996.9195000000002;995.1588999999997;998.1499000000013;
615.9999999999992;998.5216000000082;998.1499000000013;995.1588999999997;995.1588999999997;999.1200000000049;998.1499000000013;998.8208000000066;998.1499000000013;996.9195000000002;996.9195000000002;996.9195000000002;996.9195000000002;994.2786999999996;996.9195000000002;995.1588999999997;998.1499000000013;
616.9999999999992;998.5216000000082;998.1499000000013;995.1588999999997;995.1588999999997;999.1200000000049;998.1499000000013;998.8208000000066;998.1499000000013;996.9195000000002;996.9195000000002;996.9195000000002;996.9195000000002;994.2786999999996;996.9195000000002;995.1588999999997;998.1499000000013;
617.9999999999992;998.5216000000082;998.1499000000013;995.1588999999997;995.1588999999997;999.1200000000049;998.1499000000013;998.8208000000066;998.1499000000013;996.9195000000002;996.9195000000002;996.9195000000002;996.9195000000002;994.2786999999996;996.9195000000002;995.1588999999997;998.1499000000013;
618.9999999999992;998.5216000000082;998.1499000000013;995.1588999999997;995.1588999999997;999.1200000000049;998.1499000000013;998.8208000000066;998.1499000000013;996.9195000000002;996.9195000000002;996.9195000000002;996.9195000000002;994.2786999999996;996.9195000000002;995.1588999999997;998.1499000000013;
619.9999999999992;998.5216000000082;998.1499000000013;995.1588999999997;995.1588999999997;999.1200000000049;998.1499000000013;998.8208000000066;998.1499000000013;996.9195000000002;996.9195000000002;996.9195000000002;996.9195000000002;994.2786999999996;996.9195000000002;995.1588999999997;998.1499000000013;
620.9999999999992;998.5216000000082;998.1499000000013;995.1588999999997;995.1588999999997;999.1200000000049;998.1499000000013;998.8208000000066;998.1499000000013;996.9195000000002;996.9195000000002;996.9195000000002;996.9195000000002;994.2786999999996;996.9195000000002;995.1588999999997;998.1499000000013;
621.9999999999992;998.5216000000082;998.1499000000013;995.1588999999997;995.1588999999997;999.1200000000049;998.1499000000013;998.8208000000066;998.1499000000013;996.9195000000002;996.9195000000002;996.9195000000002;996.9195000000002;994.2786999999996;996.9195000000002;995.1588999999997;998.1499000000013;
622.9999999999992;998.5216000000082;998.1499000000013;995.1588999999997;995.1588999999997;999.1200000000049;998.1499000000013;998.8208000000066;998.1499000000013;996.9195000000002;996.9195000000002;996.9195000000002;996.9195000000002;994.2786999999996;996.9195000000002;995.1588999999997;998.1499000000013;
623.9999999999992;998.5216000000082;998.1499000000013;995.1588999999997;995.1588999999997;999.1200000000049;998.1499000000013;998.8208000000066;998.1499000000013;996.9195000000002;996.9195000000002;996.9195000000002;996.9195000000002;994.2786999999996;996.9195000000002;995.1588999999997;998.1499000000013;
624.9999999999992;998.5216000000082;998.1499000000013;995.1588999999997;995.1588999999997;999.1200000000049;998.1499000000013;998.8208000000066;998.1499000000013;996.9195000000002;996.9195000000002;996.9195000000002;996.9195000000002;994.2786999999996;996.9195000000002;995.1588999999997;998.1499000000013;
625.9999999999992;998.5216000000082;998.1499000000013;995.1588999999997;995.1588999999997;999.1200000000049;998.1499000000013;998.8208000000066;998.1499000000013;996.9195000000002;996.9195000000002;996.9195000000002;996.9195000000002;994.2786999999996;996.9195000000002;995.1588999999997;998.1499000000013;
626.9999999999992;998.5216000000082;998.1499000000013;995.1588999999997;995.1588999999997;999.1200000000049;998.1499000000013;998.8208000000066;998.1499000000013;996.9195000000002;996.9195000000002;996.9195000000002;996.9195000000002;994.2786999999996;996.9195000000002;995.1588999999997;998.1499000000013;
627.9999999999992;998.5216000000082;998.1499000000013;995.1588999999997;995.1588999999997;999.1200000000049;998.1499000000013;998.8208000000066;998.1499000000013;996.9195000000002;996.9195000000002;996.9195000000002;996.9195000000002;994.2786999999996;996.9195000000002;995.1588999999997;998.1499000000013;
628.9999999999992;998.5216000000082;998.1499000000013;995.1588999999997;995.1588999999997;999.1200000000049;998.1499000000013;998.8208000000066;998.1499000000013;996.9195000000002;996.9195000000002;996.9195000000002;996.9195000000002;994.2786999999996;996.9195000000002;995.1588999999997;998.1499000000013;
629.9613926358061;998.5216000000082;998.1499000000013;995.1588999999997;995.1588999999997;999.1200000000049;998.1498000000013;998.8208000000066;998.1499000000013;996.9195000000002;996.9195000000002;996.9195000000002;996.9195000000002;994.2786999999996;996.9195000000002;995.1588999999997;998.1499000000013;
629.9613926358061;998.5216000000082;998.1499000000013;995.1588999999997;995.1588999999997;999.1200000000049;998.0618000000013;998.8208000000066;998.1499000000013;996.9195000000002;996.9195000000002;996.9195000000002;996.9195000000002;994.2786999999996;996.9195000000002;995.1588999999997;998.1499000000013;
629.9667086358061;998.5128000000083;998.1499000000013;995.1588999999997;995.1588999999997;999.1200000000049;998.0618000000013;998.8208000000066;998.1499000000013;996.9195000000002;996.9195000000002;996.9195000000002;996.9195000000002;994.2786999999996;996.9195000000002;995.1588999999997;998.1499000000013;
629.9667086358061;998.5040000000083;998.1499000000013;995.1588999999997;995.1588999999997;999.1200000000049;998.0618000000013;998.8208000000066;998.1499000000013;996.9195000000002;996.9195000000002;996.9195000000002;996.9195000000002;994.2786999999996;996.9195000000002;995.1588999999997;998.1499000000013;
629.9720246358061;998.5040000000083;998.1499000000013;995.1588999999997;995.1588999999997;999.1200000000049;998.0618000000013;998.8120000000066;998.1499000000013;996.9195000000002;996.9195000000002;996.9195000000002;996.9195000000002;994.2786999999996;996.9195000000002;995.1588999999997;998.1499000000013;
629.9899193774943;998.5040000000083;998.1499000000013;995.1588999999997;995.1588999999997;999.1200000000049;998.0618000000013;998.8120000000066;998.1498000000013;996.9195000000002;996.9195000000002;996.9195000000002;996.9195000000002;994.2786999999996;996.9195000000002;995.1588999999997;998.1499000000013;
629.9899193774943;998.5040000000083;998.1499000000013;995.1588999999997;995.1588999999997;999.1200000000049;998.0618000000013;998.8120000000066;998.0618000000013;996.9195000000002;996.9195000000002;996.9195000000002;996.9195000000002;994.2786999999996;996.9195000000002;995.1588999999997;998.1499000000013;
629.9952353774943;998.4952000000084;998.1499000000013;995.1588999999997;995.1588999999997;999.1200000000049;998.0618000000013;998.8120000000066;998.0618000000013;996.9195000000002;996.9195000000002;996.9195000000002;996.9195000000002;994.2786999999996;996.9195000000002;995.1588999999997;998.1499000000013;
629.9999999999991;998.4952000000084;998.1499000000013;995.1588999999997;995.1588999999997;999.1200000000049;998.0618000000013;998.8120000000066;998.0618000000013;996.9195000000002;996.9195000000002;996.9195000000002;996.9195000000002;994.2786999999996;996.9195000000002;995.1588999999997;998.1499000000013;
630.0072906699883;998.4952000000084;998.1499000000013;995.1588999999997;995.1588999999997;999.1200000000049;998.0618000000013;998.8120000000066;998.0618000000013;996.9195000000002;996.9195000000002;996.9195000000002;996.9195000000002;994.2786999999996;996.9195000000002;995.1588999999997;998.1498000000013;
630.0072906699883;998.4952000000084;998.1499000000013;995.1588999999997;995.1588999999997;999.1200000000049;998.0618000000013;998.8120000000066;998.0618000000013;996.9195000000002;996.9195000000002;996.9195000000002;996.9195000000002;994.2786999999996;996.9195000000002;995.1588999999997;998.0618000000013;
630.0136454631922;998.4952000000084;998.1498000000013;995.1588999999997;995.1588999999997;999.1200000000049;998.0618000000013;998.8120000000066;998.0618000000013;996.9195000000002;996.9195000000002;996.9195000000002;996.9195000000002;994.2786999999996;996.9195000000002;995.1588999999997;998.0618000000013;
630.9667319756592;998.4864000000084;998.0618000000013;995.1588999999997;995.1588999999997;999.102400000005;998.0618000000013;998.8032000000067;998.0618000000013;996.9195000000002;996.9195000000002;996.9195000000002;996.9195000000002;994.2786999999996;996.9195000000002;994.7187999999996;998.0618000000013;
631.9667553155123;998.4776000000085;998.0618000000013;995.1588999999997;995.1588999999997;999.102400000005;998.0618000000013;998.7944000000067;998.0618000000013;996.9195000000002;996.9195000000002;996.9195000000002;996.9195000000002;994.2786999999996;996.9195000000002;994.7187999999996;998.0618000000013;
632.9667786553654;998.4688000000085;998.0618000000013;995.1588999999997;995.1588999999997;999.102400000005;998.0618000000013;998.7856000000068;998.0618000000013;996.9195000000002;996.9195000000002;996.9195000000002;996.9195000000002;994.2786999999996;996.9195000000002;994.7187999999996;998.0618000000013;
632.9999999999991;998.4688000000085;998.0618000000013;995.1588999999997;995.1588999999997;999.102400000005;998.0618000000013;998.7856000000068;998.0618000000013;996.9195000000002;996.9195000000002;996.9195000000002;996.9195000000002;994.2786999999996;996.9195000000002;994.7187999999996;998.0618000000013;
633.9999999999991;998.4688000000085;998.0618000000013;995.1588999999997;995.1588999999997;999.102400000005;998.0618000000013;998.7856000000068;998.0618000000013;996.9195000000002;996.9195000000002;996.9195000000002;996.9195000000002;994.2786999999996;996.9195000000002;994.7187999999996;998.0618000000013;
634.9999999999991;998.4688000000085;998.0618000000013;995.1588999999997;995.1588999999997;999.102400000005;998.0618000000013;998.7856000000068;998.0618000000013;996.9195000000002;996.9195000000002;996.9195000000002;996.9195000000002;994.2786999999996;996.9195000000002;994.7187999999996;998.0618000000013;
635.9999999999991;998.4688000000085;998.0618000000013;995.1588999999997;995.1588999999997;999.102400000005;998.0618000000013;998.7856000000068;998.0618000000013;996.9195000000002;996.9195000000002;996.9195000000002;996.9195000000002;994.2786999999996;996.9195000000002;994.7187999999996;998.0618000000013;
636.9999999999991;998.4688000000085;998.0618000000013;995.1588999999997;995.1588999999997;999.102400000005;998.0618000000013;998.7856000000068;998.0618000000013;996.9195000000002;996.9195000000002;996.9195000000002;996.9195000000002;994.2786999999996;996.9195000000002;994.7187999999996;998.0618000000013;
637.9999999999991;998.4688000000085;998.0618000000013;995.1588999999997;995.1588999999997;999.102400000005;998.0618000000013;998.7856000000068;998.0618000000013;996.9195000000002;996.9195000000002;996.9195000000002;996.9195000000002;994.2786999999996;996.9195000000002;994.7187999999996;998.0618000000013;
638.9999999999991;998.4688000000085;998.0618000000013;995.1588999999997;995.1588999999997;999.102400000005;998.0618000000013;998.7856000000068;998.0618000000013;996.9195000000002;996.9195000000002;996.9195000000002;996.9195000000002;994.2786999999996;996.9195000000002;994.7187999999996;998.0618000000013;
639.9999999999991;998.4688000000085;998.0618000000013;995.1588999999997;995.1588999999997;999.102400000005;998.0618000000013;998.7856000000068;998.0618000000013;996.9195000000002;996.9195000000002;996.9195000000002;996.9195000000002;994.2786999999996;996.9195000000002;994.7187999999996;998.0618000000013;
640.9999999999991;998.4688000000085;998.0618000000013;995.1588999999997;995.1588999999997;999.102400000005;998.0618000000013;998.7856000000068;998.0618000000013;996.9195000000002;996.9195000000002;996.9195000000002;996.9195000000002;994.2786999999996;996.9195000000002;994.7187999999996;998.0618000000013;
641.9999999999991;998.4688000000085;998.0618000000013;995.1588999999997;995.1588999999997;999.102400000005;998.0618000000013;998.7856000000068;998.0618000000013;996.9195000000002;996.9195000000002;996.9195000000002;996.9195000000002;994.2786999999996;996.9195000000002;994.7187999999996;998.0618000000013;
642.9999999999991;998.4688000000085;998.0618000000013;995.1588999999997;995.1588999999997;999.102400000005;998.0618000000013;998.7856000000068;998.0618000000013;996.9195000000002;996.9195000000002;996.9195000000002;996.9195000000002;994.2786999999996;996.9195000000002;994.7187999999996;998.0618000000013;
643.9999999999991;998.4688000000085;998.0618000000013;995.1588999999997;995.1588999999997;999.102400000005;998.0618000000013;998.7856000000068;998.0618000000013;996.9195000000002;996.9195000000002;996.9195000000002;996.9195000000002;994.2786999999996;996.9195000000002;994.7187999999996;998.0618000000013;
644.9999999999991;998.4688000000085;998.0618000000013;995.1588999999997;995.1588999999997;999.102400000005;998.0618000000013;998.7856000000068;998.0618000000013;996.9195000000002;996.9195000000002;996.9195000000002;996.9195000000002;994.2786999999996;996.9195000000002;994.7187999999996;998.0618000000013;
645.9999999999991;998.4688000000085;998.0618000000013;995.1588999999997;995.1588999999997;999.102400000005;998.0618000000013;998.7856000000068;998.0618000000013;996.9195000000002;996.9195000000002;996.9195000000002;996.9195000000002;994.2786999999996;996.9195000000002;994.7187999999996;998.0618000000013;
646.9999999999991;998.4688000000085;998.0618000000013;995.1588999999997;995.1588999999997;999.102400000005;998.0618000000013;998.7856000000068;998.0618000000013;996.9195000000002;996.9195000000002;996.9195000000002;996.9195000000002;994.2786999999996;996.9195000000002;994.7187999999996;998.0618000000013;
647.9999999999991;998.4688000000085;998.0618000000013;995.1588999999997;995.1588999999997;999.102400000005;998.0618000000013;998.7856000000068;998.0618000000013;996.9195000000002;996.9195000000002;996.9195000000002;996.9195000000002;994.2786999999996;996.9195000000002;994.7187999999996;998.0618000000013;
648.9999999999991;998.4688000000085;998.0618000000013;995.1588999999997;995.1588999999997;999.102400000005;998.0618000000013;998.7856000000068;998.0618000000013;996.9195000000002;996.9195000000002;996.9195000000002;996.9195000000002;994.2786999999996;996.9195000000002;994.7187999999996;998.0618000000013;
649.9999999999991;998.4688000000085;998.0618000000013;995.1588999999997;995.1588999999997;999.102400000005;998.0618000000013;998.7856000000068;998.0618000000013;996.9195000000002;996.9195000000002;996.9195000000002;996.9195000000002;994.2786999999996;996.9195000000002;994.7187999999996;998.0618000000013;
650.9999999999991;998.4688000000085;998.0618000000013;995.1588999999997;995.1588999999997;999.102400000005;998.0618000000013;998.7856000000068;998.0618000000013;996.9195000000002;996.9195000000002;996.9195000000002;996.9195000000002;994.2786999999996;996.9195000000002;994.7187999999996;998.0618000000013;
651.9999999999991;998.4688000000085;998.0618000000013;995.1588999999997;995.1588999999997;999.102400000005;998.0618000000013;998.7856000000068;998.0618000000013;996.9195000000002;996.9195000000002;996.9195000000002;996.9195000000002;994.2786999999996;996.9195000000002;994.7187999999996;998.0618000000013;
652.9999999999991;998.4688000000085;998.0618000000013;995.1588999999997;995.1588999999997;999.102400000005;998.0618000000013;998.7856000000068;998.0618000000013;996.9195000000002;996.9195000000002;996.9195000000002;996.9195000000002;994.2786999999996;996.9195000000002;994.7187999999996;998.0618000000013;
653.9999999999991;998.4688000000085;998.0618000000013;995.1588999999997;995.1588999999997;999.102400000005;998.0618000000013;998.7856000000068;998.0618000000013;996.9195000000002;996.9195000000002;996.9195000000002;996.9195000000002;994.2786999999996;996.9195000000002;994.7187999999996;998.0618000000013;
654.9999999999991;998.4688000000085;998.0618000000013;995.1588999999997;995.1588999999997;999.102400000005;998.0618000000013;998.7856000000068;998.0618000000013;996.9195000000002;996.9195000000002;996.9195000000002;996.9195000000002;994.2786999999996;996.9195000000002;994.7187999999996;998.0618000000013;
655.9999999999991;998.4688000000085;998.0618000000013;995.1588999999997;995.1588999999997;999.102400000005;998.0618000000013;998.7856000000068;998.0618000000013;996.9195000000002;996.9195000000002;996.9195000000002;996.9195000000002;994.2786999999996;996.9195000000002;994.7187999999996;998.0618000000013;
656.9999999999991;998.4688000000085;998.0618000000013;995.1588999999997;995.1588999999997;999.102400000005;998.0618000000013;998.7856000000068;998.0618000000013;996.9195000000002;996.9195000000002;996.9195000000002;996.9195000000002;994.2786999999996;996.9195000000002;994.7187999999996;998.0618000000013;
657.9999999999991;998.4688000000085;998.0618000000013;995.1588999999997;995.1588999999997;999.102400000005;998.0618000000013;998.7856000000068;998.0618000000013;996.9195000000002;996.9195000000002;996.9195000000002;996.9195000000002;994.2786999999996;996.9195000000002;994.7187999999996;998.0618000000013;
658.9999999999991;998.4688000000085;998.0618000000013;995.1588999999997;995.1588999999997;999.102400000005;998.0618000000013;998.7856000000068;998.0618000000013;996.9195000000002;996.9195000000002;996.9195000000002;996.9195000000002;994.2786999999996;996.9195000000002;994.7187999999996;998.0618000000013;
659.9594983256624;998.4688000000085;998.0618000000013;995.1588999999997;995.1588999999997;999.102400000005;998.0617000000013;998.7856000000068;998.0618000000013;996.9195000000002;996.9195000000002;996.9195000000002;996.9195000000002;994.2786999999996;996.9195000000002;994.7187999999996;998.0618000000013;
659.9594983256624;998.4688000000085;998.0618000000013;995.1588999999997;995.1588999999997;999.102400000005;997.9737000000014;998.7856000000068;998.0618000000013;996.9195000000002;996.9195000000002;996.9195000000002;996.9195000000002;994.2786999999996;996.9195000000002;994.7187999999996;998.0618000000013;
659.9648143256624;998.4600000000086;998.0618000000013;995.1588999999997;995.1588999999997;999.102400000005;997.9737000000014;998.7856000000068;998.0618000000013;996.9195000000002;996.9195000000002;996.9195000000002;996.9195000000002;994.2786999999996;996.9195000000002;994.7187999999996;998.0618000000013;
659.9648143256624;998.4512000000086;998.0618000000013;995.1588999999997;995.1588999999997;999.102400000005;997.9737000000014;998.7856000000068;998.0618000000013;996.9195000000002;996.9195000000002;996.9195000000002;996.9195000000002;994.2786999999996;996.9195000000002;994.7187999999996;998.0618000000013;
659.9694645082315;998.4512000000086;998.0618000000013;995.1587999999997;995.1588999999997;999.102400000005;997.9737000000014;998.7856000000068;998.0618000000013;996.9195000000002;996.9195000000002;996.9195000000002;996.9195000000002;994.2786999999996;996.9195000000002;994.7187999999996;998.0618000000013;
659.9694645082315;998.4512000000086;998.0618000000013;994.7187999999996;995.1588999999997;999.102400000005;997.9737000000014;998.7856000000068;998.0618000000013;996.9195000000002;996.9195000000002;996.9195000000002;996.9195000000002;994.2786999999996;996.9195000000002;994.7187999999996;998.0618000000013;
659.9701303256624;998.4512000000086;998.0618000000013;994.7187999999996;995.1588999999997;999.102400000005;997.9737000000014;998.7768000000068;998.0618000000013;996.9195000000002;996.9195000000002;996.9195000000002;996.9195000000002;994.2786999999996;996.9195000000002;994.7187999999996;998.0618000000013;
659.9747805082314;998.4424000000087;998.0618000000013;994.7187999999996;995.1588999999997;999.102400000005;997.9737000000014;998.7768000000068;998.0618000000013;996.9195000000002;996.9195000000002;996.9195000000002;996.9195000000002;994.2786999999996;996.9195000000002;994.7187999999996;998.0618000000013;
659.9866445030459;998.4424000000087;998.0618000000013;994.7187999999996;995.1587999999997;999.102400000005;997.9737000000014;998.7768000000068;998.0618000000013;996.9195000000002;996.9195000000002;996.9195000000002;996.9195000000002;994.2786999999996;996.9195000000002;994.7187999999996;998.0618000000013;
659.9866445030459;998.4424000000087;998.0618000000013;994.7187999999996;994.7187999999996;999.102400000005;997.9737000000014;998.7768000000068;998.0618000000013;996.9195000000002;996.9195000000002;996.9195000000002;996.9195000000002;994.2786999999996;996.9195000000002;994.7187999999996;998.0618000000013;
659.9894032991546;998.4424000000087;998.0618000000013;994.7187999999996;994.7187999999996;999.102400000005;997.9737000000014;998.7768000000068;998.0617000000013;996.9195000000002;996.9195000000002;996.9195000000002;996.9195000000002;994.2786999999996;996.9195000000002;994.7187999999996;998.0618000000013;
659.9894032991546;998.4424000000087;998.0618000000013;994.7187999999996;994.7187999999996;999.102400000005;997.9737000000014;998.7768000000068;997.9737000000014;996.9195000000002;996.9195000000002;996.9195000000002;996.9195000000002;994.2786999999996;996.9195000000002;994.7187999999996;998.0618000000013;
660.9648376655152;998.4248000000088;997.9737000000014;994.7187999999996;994.7187999999996;999.0672000000052;997.9737000000014;998.7680000000069;997.9737000000014;996.9195000000002;996.9195000000002;996.9195000000002;996.9195000000002;993.8385999999996;996.9195000000002;994.2786999999996;997.9737000000014;
660.9648376655152;998.4160000000088;997.9737000000014;994.7187999999996;994.7187999999996;999.0672000000052;997.9737000000014;998.7680000000069;997.9737000000014;996.9195000000002;996.9195000000002;996.9195000000002;996.9195000000002;993.8385999999996;996.9195000000002;994.2786999999996;997.9737000000014;
661.9648610053683;998.4160000000088;997.9737000000014;994.7187999999996;994.7187999999996;999.0584000000052;997.9737000000014;998.750400000007;997.9737000000014;996.9195000000002;996.9195000000002;996.9195000000002;996.9195000000002;993.8385999999996;996.9195000000002;994.2786999999996;997.9737000000014;
662.9648843452215;998.4072000000089;997.9737000000014;994.7187999999996;994.7187999999996;999.0496000000053;997.9737000000014;998.732800000007;997.9737000000014;996.9195000000002;996.9195000000002;996.9195000000002;996.9195000000002;993.8385999999996;996.9195000000002;994.2786999999996;997.9737000000014;
662.9648843452215;998.3984000000089;997.9737000000014;994.7187999999996;994.7187999999996;999.0496000000053;997.9737000000014;998.732800000007;997.9737000000014;996.9195000000002;996.9195000000002;996.9195000000002;996.9195000000002;993.8385999999996;996.9195000000002;994.2786999999996;997.9737000000014;
663.9649076850746;998.3984000000089;997.9737000000014;994.7187999999996;994.7187999999996;999.0496000000053;997.9737000000014;998.7240000000071;997.9737000000014;996.9195000000002;996.9195000000002;996.9195000000002;996.9195000000002;993.8385999999996;996.9195000000002;994.2786999999996;997.9737000000014;
664.9999999999989;998.3984000000089;997.9737000000014;994.7187999999996;994.7187999999996;999.0496000000053;997.9737000000014;998.7240000000071;997.9737000000014;996.9195000000002;996.9195000000002;996.9195000000002;996.9195000000002;993.8385999999996;996.9195000000002;994.2786999999996;997.9737000000014;
665.9999999999989;998.3984000000089;997.9737000000014;994.7187999999996;994.7187999999996;999.0496000000053;997.9737000000014;998.7240000000071;997.9737000000014;996.9195000000002;996.9195000000002;996.9195000000002;996.9195000000002;993.8385999999996;996.9195000000002;994.2786999999996;997.9737000000014;
666.9999999999989;998.3984000000089;997.9737000000014;994.7187999999996;994.7187999999996;999.0496000000053;997.9737000000014;998.7240000000071;997.9737000000014;996.9195000000002;996.9195000000002;996.9195000000002;996.9195000000002;993.8385999999996;996.9195000000002;994.2786999999996;997.9737000000014;
667.9999999999989;998.3984000000089;997.9737000000014;994.7187999999996;994.7187999999996;999.0496000000053;997.9737000000014;998.7240000000071;997.9737000000014;996.9195000000002;996.9195000000002;996.9195000000002;996.9195000000002;993.8385999999996;996.9195000000002;994.2786999999996;997.9737000000014;
668.9999999999989;998.3984000000089;997.9737000000014;994.7187999999996;994.7187999999996;999.0496000000053;997.9737000000014;998.7240000000071;997.9737000000014;996.9195000000002;996.9195000000002;996.9195000000002;996.9195000000002;993.8385999999996;996.9195000000002;994.2786999999996;997.9737000000014;
669.9999999999989;998.3984000000089;997.9737000000014;994.7187999999996;994.7187999999996;999.0496000000053;997.9737000000014;998.7240000000071;997.9737000000014;996.9195000000002;996.9195000000002;996.9195000000002;996.9195000000002;993.8385999999996;996.9195000000002;994.2786999999996;997.9737000000014;
670.9999999999989;998.3984000000089;997.9737000000014;994.7187999999996;994.7187999999996;999.0496000000053;997.9737000000014;998.7240000000071;997.9737000000014;996.9195000000002;996.9195000000002;996.9195000000002;996.9195000000002;993.8385999999996;996.9195000000002;994.2786999999996;997.9737000000014;
671.9999999999989;998.3984000000089;997.9737000000014;994.7187999999996;994.7187999999996;999.0496000000053;997.9737000000014;998.7240000000071;997.9737000000014;996.9195000000002;996.9195000000002;996.9195000000002;996.9195000000002;993.8385999999996;996.9195000000002;994.2786999999996;997.9737000000014;
672.9999999999989;998.3984000000089;997.9737000000014;994.7187999999996;994.7187999999996;999.0496000000053;997.9737000000014;998.7240000000071;997.9737000000014;996.9195000000002;996.9195000000002;996.9195000000002;996.9195000000002;993.8385999999996;996.9195000000002;994.2786999999996;997.9737000000014;
673.9999999999989;998.3984000000089;997.9737000000014;994.7187999999996;994.7187999999996;999.0496000000053;997.9737000000014;998.7240000000071;997.9737000000014;996.9195000000002;996.9195000000002;996.9195000000002;996.9195000000002;993.8385999999996;996.9195000000002;994.2786999999996;997.9737000000014;
674.9999999999989;998.3984000000089;997.9737000000014;994.7187999999996;994.7187999999996;999.0496000000053;997.9737000000014;998.7240000000071;997.9737000000014;996.9195000000002;996.9195000000002;996.9195000000002;996.9195000000002;993.8385999999996;996.9195000000002;994.2786999999996;997.9737000000014;
675.9999999999989;998.3984000000089;997.9737000000014;994.7187999999996;994.7187999999996;999.0496000000053;997.9737000000014;998.7240000000071;997.9737000000014;996.9195000000002;996.9195000000002;996.9195000000002;996.9195000000002;993.8385999999996;996.9195000000002;994.2786999999996;997.9737000000014;
676.9999999999989;998.3984000000089;997.9737000000014;994.7187999999996;994.7187999999996;999.0496000000053;997.9737000000014;998.7240000000071;997.9737000000014;996.9195000000002;996.9195000000002;996.9195000000002;996.9195000000002;993.8385999999996;996.9195000000002;994.2786999999996;997.9737000000014;
677.9999999999989;998.3984000000089;997.9737000000014;994.7187999999996;994.7187999999996;999.0496000000053;997.9737000000014;998.7240000000071;997.9737000000014;996.9195000000002;996.9195000000002;996.9195000000002;996.9195000000002;993.8385999999996;996.9195000000002;994.2786999999996;997.9737000000014;
678.9999999999989;998.3984000000089;997.9737000000014;994.7187999999996;994.7187999999996;999.0496000000053;997.9737000000014;998.7240000000071;997.9737000000014;996.9195000000002;996.9195000000002;996.9195000000002;996.9195000000002;993.8385999999996;996.9195000000002;994.2786999999996;997.9737000000014;
679.9999999999989;998.3984000000089;997.9737000000014;994.7187999999996;994.7187999999996;999.0496000000053;997.9737000000014;998.7240000000071;997.9737000000014;996.9195000000002;996.9195000000002;996.9195000000002;996.9195000000002;993.8385999999996;996.9195000000002;994.2786999999996;997.9737000000014;
680.9999999999989;998.3984000000089;997.9737000000014;994.7187999999996;994.7187999999996;999.0496000000053;997.9737000000014;998.7240000000071;997.9737000000014;996.9195000000002;996.9195000000002;996.9195000000002;996.9195000000002;993.8385999999996;996.9195000000002;994.2786999999996;997.9737000000014;
681.9999999999989;998.3984000000089;997.9737000000014;994.7187999999996;994.7187999999996;999.0496000000053;997.9737000000014;998.7240000000071;997.9737000000014;996.9195000000002;996.9195000000002;996.9195000000002;996.9195000000002;993.8385999999996;996.9195000000002;994.2786999999996;997.9737000000014;
682.9999999999989;998.3984000000089;997.9737000000014;994.7187999999996;994.7187999999996;999.0496000000053;997.9737000000014;998.7240000000071;997.9737000000014;996.9195000000002;996.9195000000002;996.9195000000002;996.9195000000002;993.8385999999996;996.9195000000002;994.2786999999996;997.9737000000014;
683.9999999999989;998.3984000000089;997.9737000000014;994.7187999999996;994.7187999999996;999.0496000000053;997.9737000000014;998.7240000000071;997.9737000000014;996.9195000000002;996.9195000000002;996.9195000000002;996.9195000000002;993.8385999999996;996.9195000000002;994.2786999999996;997.9737000000014;
684.9999999999989;998.3984000000089;997.9737000000014;994.7187999999996;994.7187999999996;999.0496000000053;997.9737000000014;998.7240000000071;997.9737000000014;996.9195000000002;996.9195000000002;996.9195000000002;996.9195000000002;993.8385999999996;996.9195000000002;994.2786999999996;997.9737000000014;
685.9999999999989;998.3984000000089;997.9737000000014;994.7187999999996;994.7187999999996;999.0496000000053;997.9737000000014;998.7240000000071;997.9737000000014;996.9195000000002;996.9195000000002;996.9195000000002;996.9195000000002;993.8385999999996;996.9195000000002;994.2786999999996;997.9737000000014;
686.9999999999989;998.3984000000089;997.9737000000014;994.7187999999996;994.7187999999996;999.0496000000053;997.9737000000014;998.7240000000071;997.9737000000014;996.9195000000002;996.9195000000002;996.9195000000002;996.9195000000002;993.8385999999996;996.9195000000002;994.2786999999996;997.9737000000014;
687.9999999999989;998.3984000000089;997.9737000000014;994.7187999999996;994.7187999999996;999.0496000000053;997.9737000000014;998.7240000000071;997.9737000000014;996.9195000000002;996.9195000000002;996.9195000000002;996.9195000000002;993.8385999999996;996.9195000000002;994.2786999999996;997.9737000000014;
688.9999999999989;998.3984000000089;997.9737000000014;994.7187999999996;994.7187999999996;999.0496000000053;997.9737000000014;998.7240000000071;997.9737000000014;996.9195000000002;996.9195000000002;996.9195000000002;996.9195000000002;993.8385999999996;996.9195000000002;994.2786999999996;997.9737000000014;
689.9576040155184;998.3984000000089;997.9737000000014;994.7187999999996;994.7187999999996;999.0496000000053;997.9736000000014;998.7240000000071;997.9737000000014;996.9195000000002;996.9195000000002;996.9195000000002;996.9195000000002;993.8385999999996;996.9195000000002;994.2786999999996;997.9737000000014;
689.9576040155184;998.3984000000089;997.9737000000014;994.7187999999996;994.7187999999996;999.0496000000053;997.8856000000014;998.7240000000071;997.9737000000014;996.9195000000002;996.9195000000002;996.9195000000002;996.9195000000002;993.8385999999996;996.9195000000002;994.2786999999996;997.9737000000014;
689.9629200155184;998.389600000009;997.9737000000014;994.7187999999996;994.7187999999996;999.0496000000053;997.8856000000014;998.7240000000071;997.9737000000014;996.9195000000002;996.9195000000002;996.9195000000002;996.9195000000002;993.8385999999996;996.9195000000002;994.2786999999996;997.9737000000014;
689.9629200155184;998.380800000009;997.9737000000014;994.7187999999996;994.7187999999996;999.0496000000053;997.8856000000014;998.7240000000071;997.9737000000014;996.9195000000002;996.9195000000002;996.9195000000002;996.9195000000002;993.8385999999996;996.9195000000002;994.2786999999996;997.9737000000014;
689.9682360155184;998.380800000009;997.9737000000014;994.7187999999996;994.7187999999996;999.0496000000053;997.8856000000014;998.7152000000071;997.9737000000014;996.9195000000002;996.9195000000002;996.9195000000002;996.9195000000002;993.8385999999996;996.9195000000002;994.2786999999996;997.9737000000014;
689.9888872208148;998.380800000009;997.9737000000014;994.7187999999996;994.7187999999996;999.0496000000053;997.8856000000014;998.7152000000071;997.9736000000014;996.9195000000002;996.9195000000002;996.9195000000002;996.9195000000002;993.8385999999996;996.9195000000002;994.2786999999996;997.9737000000014;
689.9888872208148;998.380800000009;997.9737000000014;994.7187999999996;994.7187999999996;999.0496000000053;997.8856000000014;998.7152000000071;997.8856000000014;996.9195000000002;996.9195000000002;996.9195000000002;996.9195000000002;993.8385999999996;996.9195000000002;994.2786999999996;997.9737000000014;
689.9942032208148;998.372000000009;997.9737000000014;994.7187999999996;994.7187999999996;999.0496000000053;997.8856000000014;998.7152000000071;997.8856000000014;996.9195000000002;996.9195000000002;996.9195000000002;996.9195000000002;993.8385999999996;996.9195000000002;994.2786999999996;997.9737000000014;
689.9999999999989;998.372000000009;997.9737000000014;994.7187999999996;994.7187999999996;999.0496000000053;997.8856000000014;998.7152000000071;997.8856000000014;996.9195000000002;996.9195000000002;996.9195000000002;996.9195000000002;993.8385999999996;996.9195000000002;994.2786999999996;997.9737000000014;
690.0079359502207;998.372000000009;997.9737000000014;994.7187999999996;994.7187999999996;999.0496000000053;997.8856000000014;998.7152000000071;997.8856000000014;996.9195000000002;996.9195000000002;996.9195000000002;996.9195000000002;993.8385999999996;996.9195000000002;994.2786999999996;997.9736000000014;
690.0079359502207;998.372000000009;997.9737000000014;994.7187999999996;994.7187999999996;999.0496000000053;997.8856000000014;998.7152000000071;997.8856000000014;996.9195000000002;996.9195000000002;996.9195000000002;996.9195000000002;993.8385999999996;996.9195000000002;994.2786999999996;997.8856000000014;
690.0148940265453;998.372000000009;997.9736000000014;994.7187999999996;994.7187999999996;999.0496000000053;997.8856000000014;998.7152000000071;997.8856000000014;996.9195000000002;996.9195000000002;996.9195000000002;996.9195000000002;993.8385999999996;996.9195000000002;994.2786999999996;997.8856000000014;
690.9629433553715;998.3632000000091;997.8856000000014;994.7187999999996;994.7187999999996;999.0496000000053;997.8856000000014;998.7152000000071;997.8856000000014;996.9195000000002;996.9195000000002;996.9195000000002;996.9195000000002;993.8385999999996;996.9195000000002;994.2786999999996;997.8856000000014;
690.9629433553715;998.3544000000092;997.8856000000014;994.7187999999996;994.7187999999996;999.0496000000053;997.8856000000014;998.7152000000071;997.8856000000014;996.9195000000002;996.9195000000002;996.9195000000002;996.9195000000002;993.8385999999996;996.9195000000002;994.2786999999996;997.8856000000014;
691.9629666952247;998.3544000000092;997.8856000000014;994.7187999999996;994.7187999999996;999.0496000000053;997.8856000000014;998.7064000000072;997.8856000000014;996.9195000000002;996.9195000000002;996.9195000000002;996.9195000000002;993.8385999999996;996.9195000000002;994.2786999999996;997.8856000000014;
692.9629900350778;998.3456000000092;997.8856000000014;994.7187999999996;994.7187999999996;999.0496000000053;997.8856000000014;998.6976000000072;997.8856000000014;996.9195000000002;996.9195000000002;996.9195000000002;996.9195000000002;993.8385999999996;996.9195000000002;994.2786999999996;997.8856000000014;
693.9999999999989;998.3456000000092;997.8856000000014;994.7187999999996;994.7187999999996;999.0496000000053;997.8856000000014;998.6976000000072;997.8856000000014;996.9195000000002;996.9195000000002;996.9195000000002;996.9195000000002;993.8385999999996;996.9195000000002;994.2786999999996;997.8856000000014;
694.9999999999989;998.3456000000092;997.8856000000014;994.7187999999996;994.7187999999996;999.0496000000053;997.8856000000014;998.6976000000072;997.8856000000014;996.9195000000002;996.9195000000002;996.9195000000002;996.9195000000002;993.8385999999996;996.9195000000002;994.2786999999996;997.8856000000014;
695.9999999999989;998.3456000000092;997.8856000000014;994.7187999999996;994.7187999999996;999.0496000000053;997.8856000000014;998.6976000000072;997.8856000000014;996.9195000000002;996.9195000000002;996.9195000000002;996.9195000000002;993.8385999999996;996.9195000000002;994.2786999999996;997.8856000000014;
696.9999999999989;998.3456000000092;997.8856000000014;994.7187999999996;994.7187999999996;999.0496000000053;997.8856000000014;998.6976000000072;997.8856000000014;996.9195000000002;996.9195000000002;996.9195000000002;996.9195000000002;993.8385999999996;996.9195000000002;994.2786999999996;997.8856000000014;
697.9999999999989;998.3456000000092;997.8856000000014;994.7187999999996;994.7187999999996;999.0496000000053;997.8856000000014;998.6976000000072;997.8856000000014;996.9195000000002;996.9195000000002;996.9195000000002;996.9195000000002;993.8385999999996;996.9195000000002;994.2786999999996;997.8856000000014;
698.9999999999989;998.3456000000092;997.8856000000014;994.7187999999996;994.7187999999996;999.0496000000053;997.8856000000014;998.6976000000072;997.8856000000014;996.9195000000002;996.9195000000002;996.9195000000002;996.9195000000002;993.8385999999996;996.9195000000002;994.2786999999996;997.8856000000014;
699.9999999999989;998.3456000000092;997.8856000000014;994.7187999999996;994.7187999999996;999.0496000000053;997.8856000000014;998.6976000000072;997.8856000000014;996.9195000000002;996.9195000000002;996.9195000000002;996.9195000000002;993.8385999999996;996.9195000000002;994.2786999999996;997.8856000000014;
700.9999999999989;998.3456000000092;997.8856000000014;994.7187999999996;994.7187999999996;999.0496000000053;997.8856000000014;998.6976000000072;997.8856000000014;996.9195000000002;996.9195000000002;996.9195000000002;996.9195000000002;993.8385999999996;996.9195000000002;994.2786999999996;997.8856000000014;
701.9999999999989;998.3456000000092;997.8856000000014;994.7187999999996;994.7187999999996;999.0496000000053;997.8856000000014;998.6976000000072;997.8856000000014;996.9195000000002;996.9195000000002;996.9195000000002;996.9195000000002;993.8385999999996;996.9195000000002;994.2786999999996;997.8856000000014;
702.9999999999989;998.3456000000092;997.8856000000014;994.7187999999996;994.7187999999996;999.0496000000053;997.8856000000014;998.6976000000072;997.8856000000014;996.9195000000002;996.9195000000002;996.9195000000002;996.9195000000002;993.8385999999996;996.9195000000002;994.2786999999996;997.8856000000014;
703.9999999999989;998.3456000000092;997.8856000000014;994.7187999999996;994.7187999999996;999.0496000000053;997.8856000000014;998.6976000000072;997.8856000000014;996.9195000000002;996.9195000000002;996.9195000000002;996.9195000000002;993.8385999999996;996.9195000000002;994.2786999999996;997.8856000000014;
704.9999999999989;998.3456000000092;997.8856000000014;994.7187999999996;994.7187999999996;999.0496000000053;997.8856000000014;998.6976000000072;997.8856000000014;996.9195000000002;996.9195000000002;996.9195000000002;996.9195000000002;993.8385999999996;996.9195000000002;994.2786999999996;997.8856000000014;
705.9999999999989;998.3456000000092;997.8856000000014;994.7187999999996;994.7187999999996;999.0496000000053;997.8856000000014;998.6976000000072;997.8856000000014;996.9195000000002;996.9195000000002;996.9195000000002;996.9195000000002;993.8385999999996;996.9195000000002;994.2786999999996;997.8856000000014;
706.9999999999989;998.3456000000092;997.8856000000014;994.7187999999996;994.7187999999996;999.0496000000053;997.8856000000014;998.6976000000072;997.8856000000014;996.9195000000002;996.9195000000002;996.9195000000002;996.9195000000002;993.8385999999996;996.9195000000002;994.2786999999996;997.8856000000014;
707.9999999999989;998.3456000000092;997.8856000000014;994.7187999999996;994.7187999999996;999.0496000000053;997.8856000000014;998.6976000000072;997.8856000000014;996.9195000000002;996.9195000000002;996.9195000000002;996.9195000000002;993.8385999999996;996.9195000000002;994.2786999999996;997.8856000000014;
708.9999999999989;998.3456000000092;997.8856000000014;994.7187999999996;994.7187999999996;999.0496000000053;997.8856000000014;998.6976000000072;997.8856000000014;996.9195000000002;996.9195000000002;996.9195000000002;996.9195000000002;993.8385999999996;996.9195000000002;994.2786999999996;997.8856000000014;
709.9999999999989;998.3456000000092;997.8856000000014;994.7187999999996;994.7187999999996;999.0496000000053;997.8856000000014;998.6976000000072;997.8856000000014;996.9195000000002;996.9195000000002;996.9195000000002;996.9195000000002;993.8385999999996;996.9195000000002;994.2786999999996;997.8856000000014;
710.9999999999989;998.3456000000092;997.8856000000014;994.7187999999996;994.7187999999996;999.0496000000053;997.8856000000014;998.6976000000072;997.8856000000014;996.9195000000002;996.9195000000002;996.9195000000002;996.9195000000002;993.8385999999996;996.9195000000002;994.2786999999996;997.8856000000014;
711.9999999999989;998.3456000000092;997.8856000000014;994.7187999999996;994.7187999999996;999.0496000000053;997.8856000000014;998.6976000000072;997.8856000000014;996.9195000000002;996.9195000000002;996.9195000000002;996.9195000000002;993.8385999999996;996.9195000000002;994.2786999999996;997.8856000000014;
712.9999999999989;998.3456000000092;997.8856000000014;994.7187999999996;994.7187999999996;999.0496000000053;997.8856000000014;998.6976000000072;997.8856000000014;996.9195000000002;996.9195000000002;996.9195000000002;996.9195000000002;993.8385999999996;996.9195000000002;994.2786999999996;997.8856000000014;
713.9999999999989;998.3456000000092;997.8856000000014;994.7187999999996;994.7187999999996;999.0496000000053;997.8856000000014;998.6976000000072;997.8856000000014;996.9195000000002;996.9195000000002;996.9195000000002;996.9195000000002;993.8385999999996;996.9195000000002;994.2786999999996;997.8856000000014;
714.9999999999989;998.3456000000092;997.8856000000014;994.7187999999996;994.7187999999996;999.0496000000053;997.8856000000014;998.6976000000072;997.8856000000014;996.9195000000002;996.9195000000002;996.9195000000002;996.9195000000002;993.8385999999996;996.9195000000002;994.2786999999996;997.8856000000014;
715.9999999999989;998.3456000000092;997.8856000000014;994.7187999999996;994.7187999999996;999.0496000000053;997.8856000000014;998.6976000000072;997.8856000000014;996.9195000000002;996.9195000000002;996.9195000000002;996.9195000000002;993.8385999999996;996.9195000000002;994.2786999999996;997.8856000000014;
716.9999999999989;998.3456000000092;997.8856000000014;994.7187999999996;994.7187999999996;999.0496000000053;997.8856000000014;998.6976000000072;997.8856000000014;996.9195000000002;996.9195000000002;996.9195000000002;996.9195000000002;993.8385999999996;996.9195000000002;994.2786999999996;997.8856000000014;
717.9999999999989;998.3456000000092;997.8856000000014;994.7187999999996;994.7187999999996;999.0496000000053;997.8856000000014;998.6976000000072;997.8856000000014;996.9195000000002;996.9195000000002;996.9195000000002;996.9195000000002;993.8385999999996;996.9195000000002;994.2786999999996;997.8856000000014;
718.9999999999989;998.3456000000092;997.8856000000014;994.7187999999996;994.7187999999996;999.0496000000053;997.8856000000014;998.6976000000072;997.8856000000014;996.9195000000002;996.9195000000002;996.9195000000002;996.9195000000002;993.8385999999996;996.9195000000002;994.2786999999996;997.8856000000014;
719.9557097053747;998.3456000000092;997.8856000000014;994.7187999999996;994.7187999999996;999.0496000000053;997.8855000000015;998.6976000000072;997.8856000000014;996.9195000000002;996.9195000000002;996.9195000000002;996.9195000000002;993.8385999999996;996.9195000000002;994.2786999999996;997.8856000000014;
719.9557097053747;998.3456000000092;997.8856000000014;994.7187999999996;994.7187999999996;999.0496000000053;997.7975000000015;998.6976000000072;997.8856000000014;996.9195000000002;996.9195000000002;996.9195000000002;996.9195000000002;993.8385999999996;996.9195000000002;994.2786999999996;997.8856000000014;
719.9610257053747;998.3368000000092;997.8856000000014;994.7187999999996;994.7187999999996;999.0496000000053;997.7975000000015;998.6976000000072;997.8856000000014;996.9195000000002;996.9195000000002;996.9195000000002;996.9195000000002;993.8385999999996;996.9195000000002;994.2786999999996;997.8856000000014;
719.9610257053747;998.3280000000093;997.8856000000014;994.7187999999996;994.7187999999996;999.0496000000053;997.7975000000015;998.6976000000072;997.8856000000014;996.9195000000002;996.9195000000002;996.9195000000002;996.9195000000002;993.8385999999996;996.9195000000002;994.2786999999996;997.8856000000014;
719.9661198317623;998.3280000000093;997.8856000000014;994.7186999999997;994.7187999999996;999.0496000000053;997.7975000000015;998.6976000000072;997.8856000000014;996.9195000000002;996.9195000000002;996.9195000000002;996.9195000000002;993.8385999999996;996.9195000000002;994.2786999999996;997.8856000000014;
719.9661198317623;998.3280000000093;997.8856000000014;994.2786999999996;994.7187999999996;999.0496000000053;997.7975000000015;998.6976000000072;997.8856000000014;996.9195000000002;996.9195000000002;996.9195000000002;996.9195000000002;993.8385999999996;996.9195000000002;994.2786999999996;997.8856000000014;
719.9663417053747;998.3280000000093;997.8856000000014;994.2786999999996;994.7187999999996;999.0496000000053;997.7975000000015;998.6888000000073;997.8856000000014;996.9195000000002;996.9195000000002;996.9195000000002;996.9195000000002;993.8385999999996;996.9195000000002;994.2786999999996;997.8856000000014;
719.9714358317623;998.3192000000093;997.8856000000014;994.2786999999996;994.7187999999996;999.0496000000053;997.7975000000015;998.6888000000073;997.8856000000014;996.9195000000002;996.9195000000002;996.9195000000002;996.9195000000002;993.8385999999996;996.9195000000002;994.2786999999996;997.8856000000014;
719.9854074053466;998.3192000000093;997.8856000000014;994.2786999999996;994.7186999999997;999.0496000000053;997.7975000000015;998.6888000000073;997.8856000000014;996.9195000000002;996.9195000000002;996.9195000000002;996.9195000000002;993.8385999999996;996.9195000000002;994.2786999999996;997.8856000000014;
719.9854074053466;998.3192000000093;997.8856000000014;994.2786999999996;994.2786999999996;999.0496000000053;997.7975000000015;998.6888000000073;997.8856000000014;996.9195000000002;996.9195000000002;996.9195000000002;996.9195000000002;993.8385999999996;996.9195000000002;994.2786999999996;997.8856000000014;
719.988371142475;998.3192000000093;997.8856000000014;994.2786999999996;994.2786999999996;999.0496000000053;997.7975000000015;998.6888000000073;997.8855000000015;996.9195000000002;996.9195000000002;996.9195000000002;996.9195000000002;993.8385999999996;996.9195000000002;994.2786999999996;997.8856000000014;
719.988371142475;998.3192000000093;997.8856000000014;994.2786999999996;994.2786999999996;999.0496000000053;997.7975000000015;998.6888000000073;997.7975000000015;996.9195000000002;996.9195000000002;996.9195000000002;996.9195000000002;993.8385999999996;996.9195000000002;994.2786999999996;997.8856000000014;
719.9900844200895;998.3192000000093;997.8856000000014;994.2786999999996;994.2786999999996;999.0496000000053;997.7975000000015;998.6888000000073;997.7975000000015;996.9195000000002;996.9195000000002;996.9195000000002;996.9195000000002;993.8384999999996;996.9195000000002;994.2786999999996;997.8856000000014;
720.9610490452279;998.3016000000094;997.7975000000015;994.2786999999996;994.2786999999996;999.0144000000055;997.7975000000015;998.6800000000073;997.7975000000015;996.9195000000002;996.9195000000002;996.9195000000002;996.9195000000002;993.3984999999996;996.9195000000002;993.8385999999996;997.7975000000015;
721.961072385081;998.2928000000095;997.7975000000015;994.2786999999996;994.2786999999996;999.0056000000055;997.7975000000015;998.6624000000074;997.7975000000015;996.9195000000002;996.9195000000002;996.9195000000002;996.9195000000002;993.3984999999996;996.9195000000002;993.8385999999996;997.7975000000015;
721.961072385081;998.2840000000095;997.7975000000015;994.2786999999996;994.2786999999996;999.0056000000055;997.7975000000015;998.6624000000074;997.7975000000015;996.9195000000002;996.9195000000002;996.9195000000002;996.9195000000002;993.3984999999996;996.9195000000002;993.8385999999996;997.7975000000015;
722.9610957249342;998.2840000000095;997.7975000000015;994.2786999999996;994.2786999999996;998.9968000000056;997.7975000000015;998.6448000000075;997.7975000000015;996.9195000000002;996.9195000000002;996.9195000000002;996.9195000000002;993.3984999999996;996.9195000000002;993.8385999999996;997.7975000000015;
723.9611190647873;998.2752000000096;997.7975000000015;994.2786999999996;994.2786999999996;998.9968000000056;997.7975000000015;998.6360000000076;997.7975000000015;996.9195000000002;996.9195000000002;996.9195000000002;996.9195000000002;993.3984999999996;996.9195000000002;993.8385999999996;997.7975000000015;
723.9999999999989;998.2752000000096;997.7975000000015;994.2786999999996;994.2786999999996;998.9968000000056;997.7975000000015;998.6360000000076;997.7975000000015;996.9195000000002;996.9195000000002;996.9195000000002;996.9195000000002;993.3984999999996;996.9195000000002;993.8385999999996;997.7975000000015;
724.9999999999989;998.2752000000096;997.7975000000015;994.2786999999996;994.2786999999996;998.9968000000056;997.7975000000015;998.6360000000076;997.7975000000015;996.9195000000002;996.9195000000002;996.9195000000002;996.9195000000002;993.3984999999996;996.9195000000002;993.8385999999996;997.7975000000015;
725.9999999999989;998.2752000000096;997.7975000000015;994.2786999999996;994.2786999999996;998.9968000000056;997.7975000000015;998.6360000000076;997.7975000000015;996.9195000000002;996.9195000000002;996.9195000000002;996.9195000000002;993.3984999999996;996.9195000000002;993.8385999999996;997.7975000000015;
726.9999999999989;998.2752000000096;997.7975000000015;994.2786999999996;994.2786999999996;998.9968000000056;997.7975000000015;998.6360000000076;997.7975000000015;996.9195000000002;996.9195000000002;996.9195000000002;996.9195000000002;993.3984999999996;996.9195000000002;993.8385999999996;997.7975000000015;
727.9999999999989;998.2752000000096;997.7975000000015;994.2786999999996;994.2786999999996;998.9968000000056;997.7975000000015;998.6360000000076;997.7975000000015;996.9195000000002;996.9195000000002;996.9195000000002;996.9195000000002;993.3984999999996;996.9195000000002;993.8385999999996;997.7975000000015;
728.9999999999989;998.2752000000096;997.7975000000015;994.2786999999996;994.2786999999996;998.9968000000056;997.7975000000015;998.6360000000076;997.7975000000015;996.9195000000002;996.9195000000002;996.9195000000002;996.9195000000002;993.3984999999996;996.9195000000002;993.8385999999996;997.7975000000015;
729.9999999999989;998.2752000000096;997.7975000000015;994.2786999999996;994.2786999999996;998.9968000000056;997.7975000000015;998.6360000000076;997.7975000000015;996.9195000000002;996.9195000000002;996.9195000000002;996.9195000000002;993.3984999999996;996.9195000000002;993.8385999999996;997.7975000000015;
730.9999999999989;998.2752000000096;997.7975000000015;994.2786999999996;994.2786999999996;998.9968000000056;997.7975000000015;998.6360000000076;997.7975000000015;996.9195000000002;996.9195000000002;996.9195000000002;996.9195000000002;993.3984999999996;996.9195000000002;993.8385999999996;997.7975000000015;
731.9999999999989;998.2752000000096;997.7975000000015;994.2786999999996;994.2786999999996;998.9968000000056;997.7975000000015;998.6360000000076;997.7975000000015;996.9195000000002;996.9195000000002;996.9195000000002;996.9195000000002;993.3984999999996;996.9195000000002;993.8385999999996;997.7975000000015;
732.9999999999989;998.2752000000096;997.7975000000015;994.2786999999996;994.2786999999996;998.9968000000056;997.7975000000015;998.6360000000076;997.7975000000015;996.9195000000002;996.9195000000002;996.9195000000002;996.9195000000002;993.3984999999996;996.9195000000002;993.8385999999996;997.7975000000015;
733.9999999999989;998.2752000000096;997.7975000000015;994.2786999999996;994.2786999999996;998.9968000000056;997.7975000000015;998.6360000000076;997.7975000000015;996.9195000000002;996.9195000000002;996.9195000000002;996.9195000000002;993.3984999999996;996.9195000000002;993.8385999999996;997.7975000000015;
734.9999999999989;998.2752000000096;997.7975000000015;994.2786999999996;994.2786999999996;998.9968000000056;997.7975000000015;998.6360000000076;997.7975000000015;996.9195000000002;996.9195000000002;996.9195000000002;996.9195000000002;993.3984999999996;996.9195000000002;993.8385999999996;997.7975000000015;
735.9999999999989;998.2752000000096;997.7975000000015;994.2786999999996;994.2786999999996;998.9968000000056;997.7975000000015;998.6360000000076;997.7975000000015;996.9195000000002;996.9195000000002;996.9195000000002;996.9195000000002;993.3984999999996;996.9195000000002;993.8385999999996;997.7975000000015;
736.9999999999989;998.2752000000096;997.7975000000015;994.2786999999996;994.2786999999996;998.9968000000056;997.7975000000015;998.6360000000076;997.7975000000015;996.9195000000002;996.9195000000002;996.9195000000002;996.9195000000002;993.3984999999996;996.9195000000002;993.8385999999996;997.7975000000015;
737.9999999999989;998.2752000000096;997.7975000000015;994.2786999999996;994.2786999999996;998.9968000000056;997.7975000000015;998.6360000000076;997.7975000000015;996.9195000000002;996.9195000000002;996.9195000000002;996.9195000000002;993.3984999999996;996.9195000000002;993.8385999999996;997.7975000000015;
738.9999999999989;998.2752000000096;997.7975000000015;994.2786999999996;994.2786999999996;998.9968000000056;997.7975000000015;998.6360000000076;997.7975000000015;996.9195000000002;996.9195000000002;996.9195000000002;996.9195000000002;993.3984999999996;996.9195000000002;993.8385999999996;997.7975000000015;
739.9999999999989;998.2752000000096;997.7975000000015;994.2786999999996;994.2786999999996;998.9968000000056;997.7975000000015;998.6360000000076;997.7975000000015;996.9195000000002;996.9195000000002;996.9195000000002;996.9195000000002;993.3984999999996;996.9195000000002;993.8385999999996;997.7975000000015;
740.9999999999989;998.2752000000096;997.7975000000015;994.2786999999996;994.2786999999996;998.9968000000056;997.7975000000015;998.6360000000076;997.7975000000015;996.9195000000002;996.9195000000002;996.9195000000002;996.9195000000002;993.3984999999996;996.9195000000002;993.8385999999996;997.7975000000015;
741.9999999999989;998.2752000000096;997.7975000000015;994.2786999999996;994.2786999999996;998.9968000000056;997.7975000000015;998.6360000000076;997.7975000000015;996.9195000000002;996.9195000000002;996.9195000000002;996.9195000000002;993.3984999999996;996.9195000000002;993.8385999999996;997.7975000000015;
742.9999999999989;998.2752000000096;997.7975000000015;994.2786999999996;994.2786999999996;998.9968000000056;997.7975000000015;998.6360000000076;997.7975000000015;996.9195000000002;996.9195000000002;996.9195000000002;996.9195000000002;993.3984999999996;996.9195000000002;993.8385999999996;997.7975000000015;
743.9999999999989;998.2752000000096;997.7975000000015;994.2786999999996;994.2786999999996;998.9968000000056;997.7975000000015;998.6360000000076;997.7975000000015;996.9195000000002;996.9195000000002;996.9195000000002;996.9195000000002;993.3984999999996;996.9195000000002;993.8385999999996;997.7975000000015;
744.9999999999989;998.2752000000096;997.7975000000015;994.2786999999996;994.2786999999996;998.9968000000056;997.7975000000015;998.6360000000076;997.7975000000015;996.9195000000002;996.9195000000002;996.9195000000002;996.9195000000002;993.3984999999996;996.9195000000002;993.8385999999996;997.7975000000015;
745.9999999999989;998.2752000000096;997.7975000000015;994.2786999999996;994.2786999999996;998.9968000000056;997.7975000000015;998.6360000000076;997.7975000000015;996.9195000000002;996.9195000000002;996.9195000000002;996.9195000000002;993.3984999999996;996.9195000000002;993.8385999999996;997.7975000000015;
746.9999999999989;998.2752000000096;997.7975000000015;994.2786999999996;994.2786999999996;998.9968000000056;997.7975000000015;998.6360000000076;997.7975000000015;996.9195000000002;996.9195000000002;996.9195000000002;996.9195000000002;993.3984999999996;996.9195000000002;993.8385999999996;997.7975000000015;
747.9999999999989;998.2752000000096;997.7975000000015;994.2786999999996;994.2786999999996;998.9968000000056;997.7975000000015;998.6360000000076;997.7975000000015;996.9195000000002;996.9195000000002;996.9195000000002;996.9195000000002;993.3984999999996;996.9195000000002;993.8385999999996;997.7975000000015;
748.9999999999989;998.2752000000096;997.7975000000015;994.2786999999996;994.2786999999996;998.9968000000056;997.7975000000015;998.6360000000076;997.7975000000015;996.9195000000002;996.9195000000002;996.9195000000002;996.9195000000002;993.3984999999996;996.9195000000002;993.8385999999996;997.7975000000015;
749.9538153952311;998.2752000000096;997.7975000000015;994.2786999999996;994.2786999999996;998.9968000000056;997.7974000000015;998.6360000000076;997.7975000000015;996.9195000000002;996.9195000000002;996.9195000000002;996.9195000000002;993.3984999999996;996.9195000000002;993.8385999999996;997.7975000000015;
749.9538153952311;998.2752000000096;997.7975000000015;994.2786999999996;994.2786999999996;998.9968000000056;997.7094000000016;998.6360000000076;997.7975000000015;996.9195000000002;996.9195000000002;996.9195000000002;996.9195000000002;993.3984999999996;996.9195000000002;993.8385999999996;997.7975000000015;
749.9591313952311;998.2664000000096;997.7975000000015;994.2786999999996;994.2786999999996;998.9968000000056;997.7094000000016;998.6360000000076;997.7975000000015;996.9195000000002;996.9195000000002;996.9195000000002;996.9195000000002;993.3984999999996;996.9195000000002;993.8385999999996;997.7975000000015;
749.9591313952311;998.2576000000097;997.7975000000015;994.2786999999996;994.2786999999996;998.9968000000056;997.7094000000016;998.6360000000076;997.7975000000015;996.9195000000002;996.9195000000002;996.9195000000002;996.9195000000002;993.3984999999996;996.9195000000002;993.8385999999996;997.7975000000015;
749.9644473952311;998.2576000000097;997.7975000000015;994.2786999999996;994.2786999999996;998.9968000000056;997.7094000000016;998.6272000000076;997.7975000000015;996.9195000000002;996.9195000000002;996.9195000000002;996.9195000000002;993.3984999999996;996.9195000000002;993.8385999999996;997.7975000000015;
749.9836538606512;998.2576000000097;997.7975000000015;994.2786999999996;994.2786999999996;998.9968000000056;997.7094000000016;998.6272000000076;997.7975000000015;996.9194000000002;996.9195000000002;996.9195000000002;996.9195000000002;993.3984999999996;996.9195000000002;993.8385999999996;997.7975000000015;
749.9836538606512;998.2576000000097;997.7975000000015;994.2786999999996;994.2786999999996;998.9968000000056;997.7094000000016;998.6272000000076;997.7975000000015;996.3034000000002;996.9195000000002;996.9195000000002;996.9195000000002;993.3984999999996;996.9195000000002;993.8385999999996;997.7975000000015;
749.9878550641355;998.2576000000097;997.7975000000015;994.2786999999996;994.2786999999996;998.9968000000056;997.7094000000016;998.6272000000076;997.7974000000015;996.3034000000002;996.9195000000002;996.9195000000002;996.9195000000002;993.3984999999996;996.9195000000002;993.8385999999996;997.7975000000015;
749.9878550641355;998.2576000000097;997.7975000000015;994.2786999999996;994.2786999999996;998.9968000000056;997.7094000000016;998.6272000000076;997.7094000000016;996.3034000000002;996.9195000000002;996.9195000000002;996.9195000000002;993.3984999999996;996.9195000000002;993.8385999999996;997.7975000000015;
749.9889698606512;998.2488000000097;997.7975000000015;994.2786999999996;994.2786999999996;998.9968000000056;997.7094000000016;998.6272000000076;997.7094000000016;996.3034000000002;996.9195000000002;996.9195000000002;996.9195000000002;993.3984999999996;996.9195000000002;993.8385999999996;997.7975000000015;
749.9931710641355;998.2400000000098;997.7975000000015;994.2786999999996;994.2786999999996;998.9968000000056;997.7094000000016;998.6272000000076;997.7094000000016;996.3034000000002;996.9195000000002;996.9195000000002;996.9195000000002;993.3984999999996;996.9195000000002;993.8385999999996;997.7975000000015;
749.998924586417;998.2400000000098;997.7975000000015;994.2786999999996;994.2786999999996;998.9968000000056;997.7094000000016;998.6272000000076;997.7094000000016;996.3034000000002;996.9195000000002;996.9195000000002;996.9195000000002;993.3984999999996;996.9194000000002;993.8385999999996;997.7975000000015;
750.959154735084;998.2224000000099;997.7094000000016;994.2786999999996;994.2786999999996;998.9616000000058;997.7094000000016;998.6184000000077;997.7094000000016;996.3034000000002;996.3034000000002;996.3034000000002;996.3034000000002;993.3984999999996;996.3034000000002;993.8385999999996;997.7094000000016;
751.9591780749371;998.2136000000099;997.7094000000016;994.2786999999996;994.2786999999996;998.9528000000058;997.7094000000016;998.6008000000078;997.7094000000016;996.3034000000002;996.3034000000002;996.3034000000002;996.3034000000002;993.3984999999996;996.3034000000002;993.8385999999996;997.7094000000016;
751.9591780749371;998.20480000001;997.7094000000016;994.2786999999996;994.2786999999996;998.9528000000058;997.7094000000016;998.6008000000078;997.7094000000016;996.3034000000002;996.3034000000002;996.3034000000002;996.3034000000002;993.3984999999996;996.3034000000002;993.8385999999996;997.7094000000016;
752.9592014147902;998.20480000001;997.7094000000016;994.2786999999996;994.2786999999996;998.9440000000059;997.7094000000016;998.5832000000079;997.7094000000016;996.3034000000002;996.3034000000002;996.3034000000002;996.3034000000002;993.3984999999996;996.3034000000002;993.8385999999996;997.7094000000016;
753.9592247546433;998.19600000001;997.7094000000016;994.2786999999996;994.2786999999996;998.9440000000059;997.7094000000016;998.5744000000079;997.7094000000016;996.3034000000002;996.3034000000002;996.3034000000002;996.3034000000002;993.3984999999996;996.3034000000002;993.8385999999996;997.7094000000016;
753.9592247546433;998.1872000000101;997.7094000000016;994.2786999999996;994.2786999999996;998.9440000000059;997.7094000000016;998.5744000000079;997.7094000000016;996.3034000000002;996.3034000000002;996.3034000000002;996.3034000000002;993.3984999999996;996.3034000000002;993.8385999999996;997.7094000000016;
754.9592480944965;998.1872000000101;997.7094000000016;994.2786999999996;994.2786999999996;998.9440000000059;997.7094000000016;998.565600000008;997.7094000000016;996.3034000000002;996.3034000000002;996.3034000000002;996.3034000000002;993.3984999999996;996.3034000000002;993.8385999999996;997.7094000000016;
755.9999999999985;998.1872000000101;997.7094000000016;994.2786999999996;994.2786999999996;998.9440000000059;997.7094000000016;998.565600000008;997.7094000000016;996.3034000000002;996.3034000000002;996.3034000000002;996.3034000000002;993.3984999999996;996.3034000000002;993.8385999999996;997.7094000000016;
756.9999999999985;998.1872000000101;997.7094000000016;994.2786999999996;994.2786999999996;998.9440000000059;997.7094000000016;998.565600000008;997.7094000000016;996.3034000000002;996.3034000000002;996.3034000000002;996.3034000000002;993.3984999999996;996.3034000000002;993.8385999999996;997.7094000000016;
757.9999999999985;998.1872000000101;997.7094000000016;994.2786999999996;994.2786999999996;998.9440000000059;997.7094000000016;998.565600000008;997.7094000000016;996.3034000000002;996.3034000000002;996.3034000000002;996.3034000000002;993.3984999999996;996.3034000000002;993.8385999999996;997.7094000000016;
758.9999999999985;998.1872000000101;997.7094000000016;994.2786999999996;994.2786999999996;998.9440000000059;997.7094000000016;998.565600000008;997.7094000000016;996.3034000000002;996.3034000000002;996.3034000000002;996.3034000000002;993.3984999999996;996.3034000000002;993.8385999999996;997.7094000000016;
759.9999999999985;998.1872000000101;997.7094000000016;994.2786999999996;994.2786999999996;998.9440000000059;997.7094000000016;998.565600000008;997.7094000000016;996.3034000000002;996.3034000000002;996.3034000000002;996.3034000000002;993.3984999999996;996.3034000000002;993.8385999999996;997.7094000000016;
760.9999999999985;998.1872000000101;997.7094000000016;994.2786999999996;994.2786999999996;998.9440000000059;997.7094000000016;998.565600000008;997.7094000000016;996.3034000000002;996.3034000000002;996.3034000000002;996.3034000000002;993.3984999999996;996.3034000000002;993.8385999999996;997.7094000000016;
761.9999999999985;998.1872000000101;997.7094000000016;994.2786999999996;994.2786999999996;998.9440000000059;997.7094000000016;998.565600000008;997.7094000000016;996.3034000000002;996.3034000000002;996.3034000000002;996.3034000000002;993.3984999999996;996.3034000000002;993.8385999999996;997.7094000000016;
762.9999999999985;998.1872000000101;997.7094000000016;994.2786999999996;994.2786999999996;998.9440000000059;997.7094000000016;998.565600000008;997.7094000000016;996.3034000000002;996.3034000000002;996.3034000000002;996.3034000000002;993.3984999999996;996.3034000000002;993.8385999999996;997.7094000000016;
763.9999999999985;998.1872000000101;997.7094000000016;994.2786999999996;994.2786999999996;998.9440000000059;997.7094000000016;998.565600000008;997.7094000000016;996.3034000000002;996.3034000000002;996.3034000000002;996.3034000000002;993.3984999999996;996.3034000000002;993.8385999999996;997.7094000000016;
764.9999999999985;998.1872000000101;997.7094000000016;994.2786999999996;994.2786999999996;998.9440000000059;997.7094000000016;998.565600000008;997.7094000000016;996.3034000000002;996.3034000000002;996.3034000000002;996.3034000000002;993.3984999999996;996.3034000000002;993.8385999999996;997.7094000000016;
765.9999999999985;998.1872000000101;997.7094000000016;994.2786999999996;994.2786999999996;998.9440000000059;997.7094000000016;998.565600000008;997.7094000000016;996.3034000000002;996.3034000000002;996.3034000000002;996.3034000000002;993.3984999999996;996.3034000000002;993.8385999999996;997.7094000000016;
766.9999999999985;998.1872000000101;997.7094000000016;994.2786999999996;994.2786999999996;998.9440000000059;997.7094000000016;998.565600000008;997.7094000000016;996.3034000000002;996.3034000000002;996.3034000000002;996.3034000000002;993.3984999999996;996.3034000000002;993.8385999999996;997.7094000000016;
767.9999999999985;998.1872000000101;997.7094000000016;994.2786999999996;994.2786999999996;998.9440000000059;997.7094000000016;998.565600000008;997.7094000000016;996.3034000000002;996.3034000000002;996.3034000000002;996.3034000000002;993.3984999999996;996.3034000000002;993.8385999999996;997.7094000000016;
768.9999999999985;998.1872000000101;997.7094000000016;994.2786999999996;994.2786999999996;998.9440000000059;997.7094000000016;998.565600000008;997.7094000000016;996.3034000000002;996.3034000000002;996.3034000000002;996.3034000000002;993.3984999999996;996.3034000000002;993.8385999999996;997.7094000000016;
769.9999999999985;998.1872000000101;997.7094000000016;994.2786999999996;994.2786999999996;998.9440000000059;997.7094000000016;998.565600000008;997.7094000000016;996.3034000000002;996.3034000000002;996.3034000000002;996.3034000000002;993.3984999999996;996.3034000000002;993.8385999999996;997.7094000000016;
770.9999999999985;998.1872000000101;997.7094000000016;994.2786999999996;994.2786999999996;998.9440000000059;997.7094000000016;998.565600000008;997.7094000000016;996.3034000000002;996.3034000000002;996.3034000000002;996.3034000000002;993.3984999999996;996.3034000000002;993.8385999999996;997.7094000000016;
771.9999999999985;998.1872000000101;997.7094000000016;994.2786999999996;994.2786999999996;998.9440000000059;997.7094000000016;998.565600000008;997.7094000000016;996.3034000000002;996.3034000000002;996.3034000000002;996.3034000000002;993.3984999999996;996.3034000000002;993.8385999999996;997.7094000000016;
772.9999999999985;998.1872000000101;997.7094000000016;994.2786999999996;994.2786999999996;998.9440000000059;997.7094000000016;998.565600000008;997.7094000000016;996.3034000000002;996.3034000000002;996.3034000000002;996.3034000000002;993.3984999999996;996.3034000000002;993.8385999999996;997.7094000000016;
773.9999999999985;998.1872000000101;997.7094000000016;994.2786999999996;994.2786999999996;998.9440000000059;997.7094000000016;998.565600000008;997.7094000000016;996.3034000000002;996.3034000000002;996.3034000000002;996.3034000000002;993.3984999999996;996.3034000000002;993.8385999999996;997.7094000000016;
774.9999999999985;998.1872000000101;997.7094000000016;994.2786999999996;994.2786999999996;998.9440000000059;997.7094000000016;998.565600000008;997.7094000000016;996.3034000000002;996.3034000000002;996.3034000000002;996.3034000000002;993.3984999999996;996.3034000000002;993.8385999999996;997.7094000000016;
775.9999999999985;998.1872000000101;997.7094000000016;994.2786999999996;994.2786999999996;998.9440000000059;997.7094000000016;998.565600000008;997.7094000000016;996.3034000000002;996.3034000000002;996.3034000000002;996.3034000000002;993.3984999999996;996.3034000000002;993.8385999999996;997.7094000000016;
776.9999999999985;998.1872000000101;997.7094000000016;994.2786999999996;994.2786999999996;998.9440000000059;997.7094000000016;998.565600000008;997.7094000000016;996.3034000000002;996.3034000000002;996.3034000000002;996.3034000000002;993.3984999999996;996.3034000000002;993.8385999999996;997.7094000000016;
777.9999999999985;998.1872000000101;997.7094000000016;994.2786999999996;994.2786999999996;998.9440000000059;997.7094000000016;998.565600000008;997.7094000000016;996.3034000000002;996.3034000000002;996.3034000000002;996.3034000000002;993.3984999999996;996.3034000000002;993.8385999999996;997.7094000000016;
778.9999999999985;998.1872000000101;997.7094000000016;994.2786999999996;994.2786999999996;998.9440000000059;997.7094000000016;998.565600000008;997.7094000000016;996.3034000000002;996.3034000000002;996.3034000000002;996.3034000000002;993.3984999999996;996.3034000000002;993.8385999999996;997.7094000000016;
779.9519210850871;998.1872000000101;997.7094000000016;994.2786999999996;994.2786999999996;998.9440000000059;997.7093000000016;998.565600000008;997.7094000000016;996.3034000000002;996.3034000000002;996.3034000000002;996.3034000000002;993.3984999999996;996.3034000000002;993.8385999999996;997.7094000000016;
779.9519210850871;998.1872000000101;997.7094000000016;994.2786999999996;994.2786999999996;998.9440000000059;997.6213000000016;998.565600000008;997.7094000000016;996.3034000000002;996.3034000000002;996.3034000000002;996.3034000000002;993.3984999999996;996.3034000000002;993.8385999999996;997.7094000000016;
779.9572370850871;998.1784000000101;997.7094000000016;994.2786999999996;994.2786999999996;998.9440000000059;997.6213000000016;998.565600000008;997.7094000000016;996.3034000000002;996.3034000000002;996.3034000000002;996.3034000000002;993.3984999999996;996.3034000000002;993.8385999999996;997.7094000000016;
779.9572370850871;998.1696000000102;997.7094000000016;994.2786999999996;994.2786999999996;998.9440000000059;997.6213000000016;998.565600000008;997.7094000000016;996.3034000000002;996.3034000000002;996.3034000000002;996.3034000000002;993.3984999999996;996.3034000000002;993.8385999999996;997.7094000000016;
779.962553085087;998.1696000000102;997.7094000000016;994.2786999999996;994.2786999999996;998.9440000000059;997.6213000000016;998.556800000008;997.7094000000016;996.3034000000002;996.3034000000002;996.3034000000002;996.3034000000002;993.3984999999996;996.3034000000002;993.8385999999996;997.7094000000016;
779.9627751552932;998.1696000000102;997.7094000000016;994.2785999999996;994.2786999999996;998.9440000000059;997.6213000000016;998.556800000008;997.7094000000016;996.3034000000002;996.3034000000002;996.3034000000002;996.3034000000002;993.3984999999996;996.3034000000002;993.8385999999996;997.7094000000016;
779.9627751552932;998.1696000000102;997.7094000000016;993.8385999999996;994.2786999999996;998.9440000000059;997.6213000000016;998.556800000008;997.7094000000016;996.3034000000002;996.3034000000002;996.3034000000002;996.3034000000002;993.3984999999996;996.3034000000002;993.8385999999996;997.7094000000016;
779.9680911552932;998.1608000000102;997.7094000000016;993.8385999999996;994.2786999999996;998.9440000000059;997.6213000000016;998.556800000008;997.7094000000016;996.3034000000002;996.3034000000002;996.3034000000002;996.3034000000002;993.3984999999996;996.3034000000002;993.8385999999996;997.7094000000016;
779.9841703076473;998.1608000000102;997.7094000000016;993.8385999999996;994.2785999999996;998.9440000000059;997.6213000000016;998.556800000008;997.7094000000016;996.3034000000002;996.3034000000002;996.3034000000002;996.3034000000002;993.3984999999996;996.3034000000002;993.8385999999996;997.7094000000016;
779.9841703076473;998.1608000000102;997.7094000000016;993.8385999999996;993.8385999999996;998.9440000000059;997.6213000000016;998.556800000008;997.7094000000016;996.3034000000002;996.3034000000002;996.3034000000002;996.3034000000002;993.3984999999996;996.3034000000002;993.8385999999996;997.7094000000016;
779.9873389857955;998.1608000000102;997.7094000000016;993.8385999999996;993.8385999999996;998.9440000000059;997.6213000000016;998.556800000008;997.7093000000016;996.3034000000002;996.3034000000002;996.3034000000002;996.3034000000002;993.3984999999996;996.3034000000002;993.8385999999996;997.7094000000016;
779.9873389857955;998.1608000000102;997.7094000000016;993.8385999999996;993.8385999999996;998.9440000000059;997.6213000000016;998.556800000008;997.6213000000016;996.3034000000002;996.3034000000002;996.3034000000002;996.3034000000002;993.3984999999996;996.3034000000002;993.8385999999996;997.7094000000016;
780.9572604249402;998.1432000000103;997.6213000000016;993.8385999999996;993.8385999999996;998.9088000000061;997.6213000000016;998.5480000000081;997.6213000000016;996.3034000000002;996.3034000000002;996.3034000000002;996.3034000000002;992.9583999999995;996.3034000000002;993.3984999999996;997.6213000000016;
781.9572837647933;998.1344000000104;997.6213000000016;993.8385999999996;993.8385999999996;998.9000000000061;997.6213000000016;998.5304000000082;997.6213000000016;996.3034000000002;996.3034000000002;996.3034000000002;996.3034000000002;992.9583999999995;996.3034000000002;993.3984999999996;997.6213000000016;
781.9572837647933;998.1256000000104;997.6213000000016;993.8385999999996;993.8385999999996;998.9000000000061;997.6213000000016;998.5304000000082;997.6213000000016;996.3034000000002;996.3034000000002;996.3034000000002;996.3034000000002;992.9583999999995;996.3034000000002;993.3984999999996;997.6213000000016;
782.9573071046462;998.1256000000104;997.6213000000016;993.8385999999996;993.8385999999996;998.8912000000062;997.6213000000016;998.5128000000083;997.6213000000016;996.3034000000002;996.3034000000002;996.3034000000002;996.3034000000002;992.9583999999995;996.3034000000002;993.3984999999996;997.6213000000016;
783.9573304444995;998.1168000000105;997.6213000000016;993.8385999999996;993.8385999999996;998.8912000000062;997.6213000000016;998.5040000000083;997.6213000000016;996.3034000000002;996.3034000000002;996.3034000000002;996.3034000000002;992.9583999999995;996.3034000000002;993.3984999999996;997.6213000000016;
784.9999999999983;998.1168000000105;997.6213000000016;993.8385999999996;993.8385999999996;998.8912000000062;997.6213000000016;998.5040000000083;997.6213000000016;996.3034000000002;996.3034000000002;996.3034000000002;996.3034000000002;992.9583999999995;996.3034000000002;993.3984999999996;997.6213000000016;
785.9999999999983;998.1168000000105;997.6213000000016;993.8385999999996;993.8385999999996;998.8912000000062;997.6213000000016;998.5040000000083;997.6213000000016;996.3034000000002;996.3034000000002;996.3034000000002;996.3034000000002;992.9583999999995;996.3034000000002;993.3984999999996;997.6213000000016;
786.9999999999983;998.1168000000105;997.6213000000016;993.8385999999996;993.8385999999996;998.8912000000062;997.6213000000016;998.5040000000083;997.6213000000016;996.3034000000002;996.3034000000002;996.3034000000002;996.3034000000002;992.9583999999995;996.3034000000002;993.3984999999996;997.6213000000016;
787.9999999999983;998.1168000000105;997.6213000000016;993.8385999999996;993.8385999999996;998.8912000000062;997.6213000000016;998.5040000000083;997.6213000000016;996.3034000000002;996.3034000000002;996.3034000000002;996.3034000000002;992.9583999999995;996.3034000000002;993.3984999999996;997.6213000000016;
788.9999999999983;998.1168000000105;997.6213000000016;993.8385999999996;993.8385999999996;998.8912000000062;997.6213000000016;998.5040000000083;997.6213000000016;996.3034000000002;996.3034000000002;996.3034000000002;996.3034000000002;992.9583999999995;996.3034000000002;993.3984999999996;997.6213000000016;
789.9999999999983;998.1168000000105;997.6213000000016;993.8385999999996;993.8385999999996;998.8912000000062;997.6213000000016;998.5040000000083;997.6213000000016;996.3034000000002;996.3034000000002;996.3034000000002;996.3034000000002;992.9583999999995;996.3034000000002;993.3984999999996;997.6213000000016;
790.9999999999983;998.1168000000105;997.6213000000016;993.8385999999996;993.8385999999996;998.8912000000062;997.6213000000016;998.5040000000083;997.6213000000016;996.3034000000002;996.3034000000002;996.3034000000002;996.3034000000002;992.9583999999995;996.3034000000002;993.3984999999996;997.6213000000016;
791.9999999999983;998.1168000000105;997.6213000000016;993.8385999999996;993.8385999999996;998.8912000000062;997.6213000000016;998.5040000000083;997.6213000000016;996.3034000000002;996.3034000000002;996.3034000000002;996.3034000000002;992.9583999999995;996.3034000000002;993.3984999999996;997.6213000000016;
792.9999999999983;998.1168000000105;997.6213000000016;993.8385999999996;993.8385999999996;998.8912000000062;997.6213000000016;998.5040000000083;997.6213000000016;996.3034000000002;996.3034000000002;996.3034000000002;996.3034000000002;992.9583999999995;996.3034000000002;993.3984999999996;997.6213000000016;
793.9999999999983;998.1168000000105;997.6213000000016;993.8385999999996;993.8385999999996;998.8912000000062;997.6213000000016;998.5040000000083;997.6213000000016;996.3034000000002;996.3034000000002;996.3034000000002;996.3034000000002;992.9583999999995;996.3034000000002;993.3984999999996;997.6213000000016;
794.9999999999983;998.1168000000105;997.6213000000016;993.8385999999996;993.8385999999996;998.8912000000062;997.6213000000016;998.5040000000083;997.6213000000016;996.3034000000002;996.3034000000002;996.3034000000002;996.3034000000002;992.9583999999995;996.3034000000002;993.3984999999996;997.6213000000016;
795.9999999999983;998.1168000000105;997.6213000000016;993.8385999999996;993.8385999999996;998.8912000000062;997.6213000000016;998.5040000000083;997.6213000000016;996.3034000000002;996.3034000000002;996.3034000000002;996.3034000000002;992.9583999999995;996.3034000000002;993.3984999999996;997.6213000000016;
796.9999999999983;998.1168000000105;997.6213000000016;993.8385999999996;993.8385999999996;998.8912000000062;997.6213000000016;998.5040000000083;997.6213000000016;996.3034000000002;996.3034000000002;996.3034000000002;996.3034000000002;992.9583999999995;996.3034000000002;993.3984999999996;997.6213000000016;
797.9999999999983;998.1168000000105;997.6213000000016;993.8385999999996;993.8385999999996;998.8912000000062;997.6213000000016;998.5040000000083;997.6213000000016;996.3034000000002;996.3034000000002;996.3034000000002;996.3034000000002;992.9583999999995;996.3034000000002;993.3984999999996;997.6213000000016;
798.9999999999983;998.1168000000105;997.6213000000016;993.8385999999996;993.8385999999996;998.8912000000062;997.6213000000016;998.5040000000083;997.6213000000016;996.3034000000002;996.3034000000002;996.3034000000002;996.3034000000002;992.9583999999995;996.3034000000002;993.3984999999996;997.6213000000016;
799.9999999999983;998.1168000000105;997.6213000000016;993.8385999999996;993.8385999999996;998.8912000000062;997.6213000000016;998.5040000000083;997.6213000000016;996.3034000000002;996.3034000000002;996.3034000000002;996.3034000000002;992.9583999999995;996.3034000000002;993.3984999999996;997.6213000000016;
800.9999999999983;998.1168000000105;997.6213000000016;993.8385999999996;993.8385999999996;998.8912000000062;997.6213000000016;998.5040000000083;997.6213000000016;996.3034000000002;996.3034000000002;996.3034000000002;996.3034000000002;992.9583999999995;996.3034000000002;993.3984999999996;997.6213000000016;
801.9999999999983;998.1168000000105;997.6213000000016;993.8385999999996;993.8385999999996;998.8912000000062;997.6213000000016;998.5040000000083;997.6213000000016;996.3034000000002;996.3034000000002;996.3034000000002;996.3034000000002;992.9583999999995;996.3034000000002;993.3984999999996;997.6213000000016;
802.9999999999983;998.1168000000105;997.6213000000016;993.8385999999996;993.8385999999996;998.8912000000062;997.6213000000016;998.5040000000083;997.6213000000016;996.3034000000002;996.3034000000002;996.3034000000002;996.3034000000002;992.9583999999995;996.3034000000002;993.3984999999996;997.6213000000016;
803.9999999999983;998.1168000000105;997.6213000000016;993.8385999999996;993.8385999999996;998.8912000000062;997.6213000000016;998.5040000000083;997.6213000000016;996.3034000000002;996.3034000000002;996.3034000000002;996.3034000000002;992.9583999999995;996.3034000000002;993.3984999999996;997.6213000000016;
804.9999999999983;998.1168000000105;997.6213000000016;993.8385999999996;993.8385999999996;998.8912000000062;997.6213000000016;998.5040000000083;997.6213000000016;996.3034000000002;996.3034000000002;996.3034000000002;996.3034000000002;992.9583999999995;996.3034000000002;993.3984999999996;997.6213000000016;
805.9999999999983;998.1168000000105;997.6213000000016;993.8385999999996;993.8385999999996;998.8912000000062;997.6213000000016;998.5040000000083;997.6213000000016;996.3034000000002;996.3034000000002;996.3034000000002;996.3034000000002;992.9583999999995;996.3034000000002;993.3984999999996;997.6213000000016;
806.9999999999983;998.1168000000105;997.6213000000016;993.8385999999996;993.8385999999996;998.8912000000062;997.6213000000016;998.5040000000083;997.6213000000016;996.3034000000002;996.3034000000002;996.3034000000002;996.3034000000002;992.9583999999995;996.3034000000002;993.3984999999996;997.6213000000016;
807.9999999999983;998.1168000000105;997.6213000000016;993.8385999999996;993.8385999999996;998.8912000000062;997.6213000000016;998.5040000000083;997.6213000000016;996.3034000000002;996.3034000000002;996.3034000000002;996.3034000000002;992.9583999999995;996.3034000000002;993.3984999999996;997.6213000000016;
808.9999999999983;998.1168000000105;997.6213000000016;993.8385999999996;993.8385999999996;998.8912000000062;997.6213000000016;998.5040000000083;997.6213000000016;996.3034000000002;996.3034000000002;996.3034000000002;996.3034000000002;992.9583999999995;996.3034000000002;993.3984999999996;997.6213000000016;
809.9500267749432;998.1168000000105;997.6213000000016;993.8385999999996;993.8385999999996;998.8912000000062;997.6212000000016;998.5040000000083;997.6213000000016;996.3034000000002;996.3034000000002;996.3034000000002;996.3034000000002;992.9583999999995;996.3034000000002;993.3984999999996;997.6213000000016;
809.9500267749432;998.1168000000105;997.6213000000016;993.8385999999996;993.8385999999996;998.8912000000062;997.5332000000017;998.5040000000083;997.6213000000016;996.3034000000002;996.3034000000002;996.3034000000002;996.3034000000002;992.9583999999995;996.3034000000002;993.3984999999996;997.6213000000016;
809.9553427749432;998.1080000000105;997.6213000000016;993.8385999999996;993.8385999999996;998.8912000000062;997.5332000000017;998.5040000000083;997.6213000000016;996.3034000000002;996.3034000000002;996.3034000000002;996.3034000000002;992.9583999999995;996.3034000000002;993.3984999999996;997.6213000000016;
809.9553427749432;998.0992000000106;997.6213000000016;993.8385999999996;993.8385999999996;998.8912000000062;997.5332000000017;998.5040000000083;997.6213000000016;996.3034000000002;996.3034000000002;996.3034000000002;996.3034000000002;992.9583999999995;996.3034000000002;993.3984999999996;997.6213000000016;
809.9606587749432;998.0992000000106;997.6213000000016;993.8385999999996;993.8385999999996;998.8912000000062;997.5332000000017;998.4952000000084;997.6213000000016;996.3034000000002;996.3034000000002;996.3034000000002;996.3034000000002;992.9583999999995;996.3034000000002;993.3984999999996;997.6213000000016;
809.9868229074558;998.0992000000106;997.6213000000016;993.8385999999996;993.8385999999996;998.8912000000062;997.5332000000017;998.4952000000084;997.6212000000016;996.3034000000002;996.3034000000002;996.3034000000002;996.3034000000002;992.9583999999995;996.3034000000002;993.3984999999996;997.6213000000016;
809.9868229074558;998.0992000000106;997.6213000000016;993.8385999999996;993.8385999999996;998.8912000000062;997.5332000000017;998.4952000000084;997.5332000000017;996.3034000000002;996.3034000000002;996.3034000000002;996.3034000000002;992.9583999999995;996.3034000000002;993.3984999999996;997.6213000000016;
809.9921389074558;998.0904000000106;997.6213000000016;993.8385999999996;993.8385999999996;998.8912000000062;997.5332000000017;998.4952000000084;997.5332000000017;996.3034000000002;996.3034000000002;996.3034000000002;996.3034000000002;992.9583999999995;996.3034000000002;993.3984999999996;997.6213000000016;
809.9999999999983;998.0904000000106;997.6213000000016;993.8385999999996;993.8385999999996;998.8912000000062;997.5332000000017;998.4952000000084;997.5332000000017;996.3034000000002;996.3034000000002;996.3034000000002;996.3034000000002;992.9583999999995;996.3034000000002;993.3984999999996;997.6213000000016;
810.0092265106855;998.0904000000106;997.6213000000016;993.8385999999996;993.8385999999996;998.8912000000062;997.5332000000017;998.4952000000084;997.5332000000017;996.3034000000002;996.3034000000002;996.3034000000002;996.3034000000002;992.9583999999995;996.3034000000002;993.3984999999996;997.6212000000016;
810.0092265106855;998.0904000000106;997.6213000000016;993.8385999999996;993.8385999999996;998.8912000000062;997.5332000000017;998.4952000000084;997.5332000000017;996.3034000000002;996.3034000000002;996.3034000000002;996.3034000000002;992.9583999999995;996.3034000000002;993.3984999999996;997.5332000000017;
810.0173911532517;998.0904000000106;997.6212000000016;993.8385999999996;993.8385999999996;998.8912000000062;997.5332000000017;998.4952000000084;997.5332000000017;996.3034000000002;996.3034000000002;996.3034000000002;996.3034000000002;992.9583999999995;996.3034000000002;993.3984999999996;997.5332000000017;
810.0173911532517;998.0904000000106;997.5332000000017;993.8385999999996;993.8385999999996;998.8912000000062;997.5332000000017;998.4952000000084;997.5332000000017;996.3034000000002;996.3034000000002;996.3034000000002;996.3034000000002;992.9583999999995;996.3034000000002;993.3984999999996;997.5332000000017;
810.9553661147964;998.0816000000107;997.5332000000017;993.8385999999996;993.8385999999996;998.8912000000062;997.5332000000017;998.4952000000084;997.5332000000017;996.3034000000002;996.3034000000002;996.3034000000002;996.3034000000002;992.9583999999995;996.3034000000002;993.3984999999996;997.5332000000017;
811.9553894546497;998.0728000000107;997.5332000000017;993.8385999999996;993.8385999999996;998.8912000000062;997.5332000000017;998.4864000000084;997.5332000000017;996.3034000000002;996.3034000000002;996.3034000000002;996.3034000000002;992.9583999999995;996.3034000000002;993.3984999999996;997.5332000000017;
812.9554127945028;998.0640000000108;997.5332000000017;993.8385999999996;993.8385999999996;998.8912000000062;997.5332000000017;998.4776000000085;997.5332000000017;996.3034000000002;996.3034000000002;996.3034000000002;996.3034000000002;992.9583999999995;996.3034000000002;993.3984999999996;997.5332000000017;
812.9999999999984;998.0640000000108;997.5332000000017;993.8385999999996;993.8385999999996;998.8912000000062;997.5332000000017;998.4776000000085;997.5332000000017;996.3034000000002;996.3034000000002;996.3034000000002;996.3034000000002;992.9583999999995;996.3034000000002;993.3984999999996;997.5332000000017;
813.9999999999984;998.0640000000108;997.5332000000017;993.8385999999996;993.8385999999996;998.8912000000062;997.5332000000017;998.4776000000085;997.5332000000017;996.3034000000002;996.3034000000002;996.3034000000002;996.3034000000002;992.9583999999995;996.3034000000002;993.3984999999996;997.5332000000017;
814.9999999999984;998.0640000000108;997.5332000000017;993.8385999999996;993.8385999999996;998.8912000000062;997.5332000000017;998.4776000000085;997.5332000000017;996.3034000000002;996.3034000000002;996.3034000000002;996.3034000000002;992.9583999999995;996.3034000000002;993.3984999999996;997.5332000000017;
815.9999999999984;998.0640000000108;997.5332000000017;993.8385999999996;993.8385999999996;998.8912000000062;997.5332000000017;998.4776000000085;997.5332000000017;996.3034000000002;996.3034000000002;996.3034000000002;996.3034000000002;992.9583999999995;996.3034000000002;993.3984999999996;997.5332000000017;
816.9999999999984;998.0640000000108;997.5332000000017;993.8385999999996;993.8385999999996;998.8912000000062;997.5332000000017;998.4776000000085;997.5332000000017;996.3034000000002;996.3034000000002;996.3034000000002;996.3034000000002;992.9583999999995;996.3034000000002;993.3984999999996;997.5332000000017;
817.9999999999984;998.0640000000108;997.5332000000017;993.8385999999996;993.8385999999996;998.8912000000062;997.5332000000017;998.4776000000085;997.5332000000017;996.3034000000002;996.3034000000002;996.3034000000002;996.3034000000002;992.9583999999995;996.3034000000002;993.3984999999996;997.5332000000017;
818.9999999999984;998.0640000000108;997.5332000000017;993.8385999999996;993.8385999999996;998.8912000000062;997.5332000000017;998.4776000000085;997.5332000000017;996.3034000000002;996.3034000000002;996.3034000000002;996.3034000000002;992.9583999999995;996.3034000000002;993.3984999999996;997.5332000000017;
819.9999999999984;998.0640000000108;997.5332000000017;993.8385999999996;993.8385999999996;998.8912000000062;997.5332000000017;998.4776000000085;997.5332000000017;996.3034000000002;996.3034000000002;996.3034000000002;996.3034000000002;992.9583999999995;996.3034000000002;993.3984999999996;997.5332000000017;
820.9999999999984;998.0640000000108;997.5332000000017;993.8385999999996;993.8385999999996;998.8912000000062;997.5332000000017;998.4776000000085;997.5332000000017;996.3034000000002;996.3034000000002;996.3034000000002;996.3034000000002;992.9583999999995;996.3034000000002;993.3984999999996;997.5332000000017;
821.9999999999984;998.0640000000108;997.5332000000017;993.8385999999996;993.8385999999996;998.8912000000062;997.5332000000017;998.4776000000085;997.5332000000017;996.3034000000002;996.3034000000002;996.3034000000002;996.3034000000002;992.9583999999995;996.3034000000002;993.3984999999996;997.5332000000017;
822.9999999999984;998.0640000000108;997.5332000000017;993.8385999999996;993.8385999999996;998.8912000000062;997.5332000000017;998.4776000000085;997.5332000000017;996.3034000000002;996.3034000000002;996.3034000000002;996.3034000000002;992.9583999999995;996.3034000000002;993.3984999999996;997.5332000000017;
823.9999999999984;998.0640000000108;997.5332000000017;993.8385999999996;993.8385999999996;998.8912000000062;997.5332000000017;998.4776000000085;997.5332000000017;996.3034000000002;996.3034000000002;996.3034000000002;996.3034000000002;992.9583999999995;996.3034000000002;993.3984999999996;997.5332000000017;
824.9999999999984;998.0640000000108;997.5332000000017;993.8385999999996;993.8385999999996;998.8912000000062;997.5332000000017;998.4776000000085;997.5332000000017;996.3034000000002;996.3034000000002;996.3034000000002;996.3034000000002;992.9583999999995;996.3034000000002;993.3984999999996;997.5332000000017;
825.9999999999984;998.0640000000108;997.5332000000017;993.8385999999996;993.8385999999996;998.8912000000062;997.5332000000017;998.4776000000085;997.5332000000017;996.3034000000002;996.3034000000002;996.3034000000002;996.3034000000002;992.9583999999995;996.3034000000002;993.3984999999996;997.5332000000017;
826.9999999999984;998.0640000000108;997.5332000000017;993.8385999999996;993.8385999999996;998.8912000000062;997.5332000000017;998.4776000000085;997.5332000000017;996.3034000000002;996.3034000000002;996.3034000000002;996.3034000000002;992.9583999999995;996.3034000000002;993.3984999999996;997.5332000000017;
827.9999999999984;998.0640000000108;997.5332000000017;993.8385999999996;993.8385999999996;998.8912000000062;997.5332000000017;998.4776000000085;997.5332000000017;996.3034000000002;996.3034000000002;996.3034000000002;996.3034000000002;992.9583999999995;996.3034000000002;993.3984999999996;997.5332000000017;
828.9999999999984;998.0640000000108;997.5332000000017;993.8385999999996;993.8385999999996;998.8912000000062;997.5332000000017;998.4776000000085;997.5332000000017;996.3034000000002;996.3034000000002;996.3034000000002;996.3034000000002;992.9583999999995;996.3034000000002;993.3984999999996;997.5332000000017;
829.9999999999984;998.0640000000108;997.5332000000017;993.8385999999996;993.8385999999996;998.8912000000062;997.5332000000017;998.4776000000085;997.5332000000017;996.3034000000002;996.3034000000002;996.3034000000002;996.3034000000002;992.9583999999995;996.3034000000002;993.3984999999996;997.5332000000017;
830.9999999999984;998.0640000000108;997.5332000000017;993.8385999999996;993.8385999999996;998.8912000000062;997.5332000000017;998.4776000000085;997.5332000000017;996.3034000000002;996.3034000000002;996.3034000000002;996.3034000000002;992.9583999999995;996.3034000000002;993.3984999999996;997.5332000000017;
831.9999999999984;998.0640000000108;997.5332000000017;993.8385999999996;993.8385999999996;998.8912000000062;997.5332000000017;998.4776000000085;997.5332000000017;996.3034000000002;996.3034000000002;996.3034000000002;996.3034000000002;992.9583999999995;996.3034000000002;993.3984999999996;997.5332000000017;
832.9999999999984;998.0640000000108;997.5332000000017;993.8385999999996;993.8385999999996;998.8912000000062;997.5332000000017;998.4776000000085;997.5332000000017;996.3034000000002;996.3034000000002;996.3034000000002;996.3034000000002;992.9583999999995;996.3034000000002;993.3984999999996;997.5332000000017;
833.9999999999984;998.0640000000108;997.5332000000017;993.8385999999996;993.8385999999996;998.8912000000062;997.5332000000017;998.4776000000085;997.5332000000017;996.3034000000002;996.3034000000002;996.3034000000002;996.3034000000002;992.9583999999995;996.3034000000002;993.3984999999996;997.5332000000017;
834.9999999999984;998.0640000000108;997.5332000000017;993.8385999999996;993.8385999999996;998.8912000000062;997.5332000000017;998.4776000000085;997.5332000000017;996.3034000000002;996.3034000000002;996.3034000000002;996.3034000000002;992.9583999999995;996.3034000000002;993.3984999999996;997.5332000000017;
835.9999999999984;998.0640000000108;997.5332000000017;993.8385999999996;993.8385999999996;998.8912000000062;997.5332000000017;998.4776000000085;997.5332000000017;996.3034000000002;996.3034000000002;996.3034000000002;996.3034000000002;992.9583999999995;996.3034000000002;993.3984999999996;997.5332000000017;
836.9999999999984;998.0640000000108;997.5332000000017;993.8385999999996;993.8385999999996;998.8912000000062;997.5332000000017;998.4776000000085;997.5332000000017;996.3034000000002;996.3034000000002;996.3034000000002;996.3034000000002;992.9583999999995;996.3034000000002;993.3984999999996;997.5332000000017;
837.9999999999984;998.0640000000108;997.5332000000017;993.8385999999996;993.8385999999996;998.8912000000062;997.5332000000017;998.4776000000085;997.5332000000017;996.3034000000002;996.3034000000002;996.3034000000002;996.3034000000002;992.9583999999995;996.3034000000002;993.3984999999996;997.5332000000017;
838.9999999999984;998.0640000000108;997.5332000000017;993.8385999999996;993.8385999999996;998.8912000000062;997.5332000000017;998.4776000000085;997.5332000000017;996.3034000000002;996.3034000000002;996.3034000000002;996.3034000000002;992.9583999999995;996.3034000000002;993.3984999999996;997.5332000000017;
839.9481324647996;998.0640000000108;997.5332000000017;993.8385999999996;993.8385999999996;998.8912000000062;997.5331000000017;998.4776000000085;997.5332000000017;996.3034000000002;996.3034000000002;996.3034000000002;996.3034000000002;992.9583999999995;996.3034000000002;993.3984999999996;997.5332000000017;
839.9481324647996;998.0640000000108;997.5332000000017;993.8385999999996;993.8385999999996;998.8912000000062;997.4451000000017;998.4776000000085;997.5332000000017;996.3034000000002;996.3034000000002;996.3034000000002;996.3034000000002;992.9583999999995;996.3034000000002;993.3984999999996;997.5332000000017;
839.9534484647996;998.0552000000108;997.5332000000017;993.8385999999996;993.8385999999996;998.8912000000062;997.4451000000017;998.4776000000085;997.5332000000017;996.3034000000002;996.3034000000002;996.3034000000002;996.3034000000002;992.9583999999995;996.3034000000002;993.3984999999996;997.5332000000017;
839.9534484647996;998.0464000000109;997.5332000000017;993.8385999999996;993.8385999999996;998.8912000000062;997.4451000000017;998.4776000000085;997.5332000000017;996.3034000000002;996.3034000000002;996.3034000000002;996.3034000000002;992.9583999999995;996.3034000000002;993.3984999999996;997.5332000000017;
839.9587644647996;998.0464000000109;997.5332000000017;993.8385999999996;993.8385999999996;998.8912000000062;997.4451000000017;998.4688000000085;997.5332000000017;996.3034000000002;996.3034000000002;996.3034000000002;996.3034000000002;992.9583999999995;996.3034000000002;993.3984999999996;997.5332000000017;
839.9594304788243;998.0464000000109;997.5332000000017;993.8384999999996;993.8385999999996;998.8912000000062;997.4451000000017;998.4688000000085;997.5332000000017;996.3034000000002;996.3034000000002;996.3034000000002;996.3034000000002;992.9583999999995;996.3034000000002;993.3984999999996;997.5332000000017;
839.9594304788243;998.0464000000109;997.5332000000017;993.3984999999996;993.8385999999996;998.8912000000062;997.4451000000017;998.4688000000085;997.5332000000017;996.3034000000002;996.3034000000002;996.3034000000002;996.3034000000002;992.9583999999995;996.3034000000002;993.3984999999996;997.5332000000017;
839.9647464788243;998.0376000000109;997.5332000000017;993.3984999999996;993.8385999999996;998.8912000000062;997.4451000000017;998.4688000000085;997.5332000000017;996.3034000000002;996.3034000000002;996.3034000000002;996.3034000000002;992.9583999999995;996.3034000000002;993.3984999999996;997.5332000000017;
839.9829332099482;998.0376000000109;997.5332000000017;993.3984999999996;993.8384999999996;998.8912000000062;997.4451000000017;998.4688000000085;997.5332000000017;996.3034000000002;996.3034000000002;996.3034000000002;996.3034000000002;992.9583999999995;996.3034000000002;993.3984999999996;997.5332000000017;
839.9829332099482;998.0376000000109;997.5332000000017;993.3984999999996;993.3984999999996;998.8912000000062;997.4451000000017;998.4688000000085;997.5332000000017;996.3034000000002;996.3034000000002;996.3034000000002;996.3034000000002;992.9583999999995;996.3034000000002;993.3984999999996;997.5332000000017;
839.9863068291162;998.0376000000109;997.5332000000017;993.3984999999996;993.3984999999996;998.8912000000062;997.4451000000017;998.4688000000085;997.5331000000017;996.3034000000002;996.3034000000002;996.3034000000002;996.3034000000002;992.9583999999995;996.3034000000002;993.3984999999996;997.5332000000017;
839.9863068291162;998.0376000000109;997.5332000000017;993.3984999999996;993.3984999999996;998.8912000000062;997.4451000000017;998.4688000000085;997.4451000000017;996.3034000000002;996.3034000000002;996.3034000000002;996.3034000000002;992.9583999999995;996.3034000000002;993.3984999999996;997.5332000000017;
840.0095491508016;998.028800000011;997.5332000000017;993.3984999999996;993.3984999999996;998.8648000000063;997.4451000000017;998.4600000000086;997.4451000000017;996.3034000000002;996.3034000000002;996.3034000000002;996.3034000000002;992.5182999999995;996.3034000000002;993.3984999999996;997.5331000000017;
840.9534718046525;998.020000000011;997.4451000000017;993.3984999999996;993.3984999999996;998.8560000000064;997.4451000000017;998.4600000000086;997.4451000000017;996.3034000000002;996.3034000000002;996.3034000000002;996.3034000000002;992.5182999999995;996.3034000000002;992.9583999999995;997.4451000000017;
841.9534951445056;998.0112000000111;997.4451000000017;993.3984999999996;993.3984999999996;998.8472000000064;997.4451000000017;998.4424000000087;997.4451000000017;996.3034000000002;996.3034000000002;996.3034000000002;996.3034000000002;992.5182999999995;996.3034000000002;992.9583999999995;997.4451000000017;
842.9535184843586;998.0024000000111;997.4451000000017;993.3984999999996;993.3984999999996;998.8384000000065;997.4451000000017;998.4248000000088;997.4451000000017;996.3034000000002;996.3034000000002;996.3034000000002;996.3034000000002;992.5182999999995;996.3034000000002;992.9583999999995;997.4451000000017;
842.9535184843586;997.9936000000112;997.4451000000017;993.3984999999996;993.3984999999996;998.8384000000065;997.4451000000017;998.4248000000088;997.4451000000017;996.3034000000002;996.3034000000002;996.3034000000002;996.3034000000002;992.5182999999995;996.3034000000002;992.9583999999995;997.4451000000017;
843.9535418242118;997.9936000000112;997.4451000000017;993.3984999999996;993.3984999999996;998.8384000000065;997.4451000000017;998.4160000000088;997.4451000000017;996.3034000000002;996.3034000000002;996.3034000000002;996.3034000000002;992.5182999999995;996.3034000000002;992.9583999999995;997.4451000000017;
844.999999999998;997.9936000000112;997.4451000000017;993.3984999999996;993.3984999999996;998.8384000000065;997.4451000000017;998.4160000000088;997.4451000000017;996.3034000000002;996.3034000000002;996.3034000000002;996.3034000000002;992.5182999999995;996.3034000000002;992.9583999999995;997.4451000000017;
845.999999999998;997.9936000000112;997.4451000000017;993.3984999999996;993.3984999999996;998.8384000000065;997.4451000000017;998.4160000000088;997.4451000000017;996.3034000000002;996.3034000000002;996.3034000000002;996.3034000000002;992.5182999999995;996.3034000000002;992.9583999999995;997.4451000000017;
846.999999999998;997.9936000000112;997.4451000000017;993.3984999999996;993.3984999999996;998.8384000000065;997.4451000000017;998.4160000000088;997.4451000000017;996.3034000000002;996.3034000000002;996.3034000000002;996.3034000000002;992.5182999999995;996.3034000000002;992.9583999999995;997.4451000000017;
847.999999999998;997.9936000000112;997.4451000000017;993.3984999999996;993.3984999999996;998.8384000000065;997.4451000000017;998.4160000000088;997.4451000000017;996.3034000000002;996.3034000000002;996.3034000000002;996.3034000000002;992.5182999999995;996.3034000000002;992.9583999999995;997.4451000000017;
848.999999999998;997.9936000000112;997.4451000000017;993.3984999999996;993.3984999999996;998.8384000000065;997.4451000000017;998.4160000000088;997.4451000000017;996.3034000000002;996.3034000000002;996.3034000000002;996.3034000000002;992.5182999999995;996.3034000000002;992.9583999999995;997.4451000000017;
849.999999999998;997.9936000000112;997.4451000000017;993.3984999999996;993.3984999999996;998.8384000000065;997.4451000000017;998.4160000000088;997.4451000000017;996.3034000000002;996.3034000000002;996.3034000000002;996.3034000000002;992.5182999999995;996.3034000000002;992.9583999999995;997.4451000000017;
850.999999999998;997.9936000000112;997.4451000000017;993.3984999999996;993.3984999999996;998.8384000000065;997.4451000000017;998.4160000000088;997.4451000000017;996.3034000000002;996.3034000000002;996.3034000000002;996.3034000000002;992.5182999999995;996.3034000000002;992.9583999999995;997.4451000000017;
851.999999999998;997.9936000000112;997.4451000000017;993.3984999999996;993.3984999999996;998.8384000000065;997.4451000000017;998.4160000000088;997.4451000000017;996.3034000000002;996.3034000000002;996.3034000000002;996.3034000000002;992.5182999999995;996.3034000000002;992.9583999999995;997.4451000000017;
852.999999999998;997.9936000000112;997.4451000000017;993.3984999999996;993.3984999999996;998.8384000000065;997.4451000000017;998.4160000000088;997.4451000000017;996.3034000000002;996.3034000000002;996.3034000000002;996.3034000000002;992.5182999999995;996.3034000000002;992.9583999999995;997.4451000000017;
853.999999999998;997.9936000000112;997.4451000000017;993.3984999999996;993.3984999999996;998.8384000000065;997.4451000000017;998.4160000000088;997.4451000000017;996.3034000000002;996.3034000000002;996.3034000000002;996.3034000000002;992.5182999999995;996.3034000000002;992.9583999999995;997.4451000000017;
854.999999999998;997.9936000000112;997.4451000000017;993.3984999999996;993.3984999999996;998.8384000000065;997.4451000000017;998.4160000000088;997.4451000000017;996.3034000000002;996.3034000000002;996.3034000000002;996.3034000000002;992.5182999999995;996.3034000000002;992.9583999999995;997.4451000000017;
855.999999999998;997.9936000000112;997.4451000000017;993.3984999999996;993.3984999999996;998.8384000000065;997.4451000000017;998.4160000000088;997.4451000000017;996.3034000000002;996.3034000000002;996.3034000000002;996.3034000000002;992.5182999999995;996.3034000000002;992.9583999999995;997.4451000000017;
856.999999999998;997.9936000000112;997.4451000000017;993.3984999999996;993.3984999999996;998.8384000000065;997.4451000000017;998.4160000000088;997.4451000000017;996.3034000000002;996.3034000000002;996.3034000000002;996.3034000000002;992.5182999999995;996.3034000000002;992.9583999999995;997.4451000000017;
857.999999999998;997.9936000000112;997.4451000000017;993.3984999999996;993.3984999999996;998.8384000000065;997.4451000000017;998.4160000000088;997.4451000000017;996.3034000000002;996.3034000000002;996.3034000000002;996.3034000000002;992.5182999999995;996.3034000000002;992.9583999999995;997.4451000000017;
858.999999999998;997.9936000000112;997.4451000000017;993.3984999999996;993.3984999999996;998.8384000000065;997.4451000000017;998.4160000000088;997.4451000000017;996.3034000000002;996.3034000000002;996.3034000000002;996.3034000000002;992.5182999999995;996.3034000000002;992.9583999999995;997.4451000000017;
859.999999999998;997.9936000000112;997.4451000000017;993.3984999999996;993.3984999999996;998.8384000000065;997.4451000000017;998.4160000000088;997.4451000000017;996.3034000000002;996.3034000000002;996.3034000000002;996.3034000000002;992.5182999999995;996.3034000000002;992.9583999999995;997.4451000000017;
860.999999999998;997.9936000000112;997.4451000000017;993.3984999999996;993.3984999999996;998.8384000000065;997.4451000000017;998.4160000000088;997.4451000000017;996.3034000000002;996.3034000000002;996.3034000000002;996.3034000000002;992.5182999999995;996.3034000000002;992.9583999999995;997.4451000000017;
861.999999999998;997.9936000000112;997.4451000000017;993.3984999999996;993.3984999999996;998.8384000000065;997.4451000000017;998.4160000000088;997.4451000000017;996.3034000000002;996.3034000000002;996.3034000000002;996.3034000000002;992.5182999999995;996.3034000000002;992.9583999999995;997.4451000000017;
862.999999999998;997.9936000000112;997.4451000000017;993.3984999999996;993.3984999999996;998.8384000000065;997.4451000000017;998.4160000000088;997.4451000000017;996.3034000000002;996.3034000000002;996.3034000000002;996.3034000000002;992.5182999999995;996.3034000000002;992.9583999999995;997.4451000000017;
863.999999999998;997.9936000000112;997.4451000000017;993.3984999999996;993.3984999999996;998.8384000000065;997.4451000000017;998.4160000000088;997.4451000000017;996.3034000000002;996.3034000000002;996.3034000000002;996.3034000000002;992.5182999999995;996.3034000000002;992.9583999999995;997.4451000000017;
864.999999999998;997.9936000000112;997.4451000000017;993.3984999999996;993.3984999999996;998.8384000000065;997.4451000000017;998.4160000000088;997.4451000000017;996.3034000000002;996.3034000000002;996.3034000000002;996.3034000000002;992.5182999999995;996.3034000000002;992.9583999999995;997.4451000000017;
865.999999999998;997.9936000000112;997.4451000000017;993.3984999999996;993.3984999999996;998.8384000000065;997.4451000000017;998.4160000000088;997.4451000000017;996.3034000000002;996.3034000000002;996.3034000000002;996.3034000000002;992.5182999999995;996.3034000000002;992.9583999999995;997.4451000000017;
866.999999999998;997.9936000000112;997.4451000000017;993.3984999999996;993.3984999999996;998.8384000000065;997.4451000000017;998.4160000000088;997.4451000000017;996.3034000000002;996.3034000000002;996.3034000000002;996.3034000000002;992.5182999999995;996.3034000000002;992.9583999999995;997.4451000000017;
867.999999999998;997.9936000000112;997.4451000000017;993.3984999999996;993.3984999999996;998.8384000000065;997.4451000000017;998.4160000000088;997.4451000000017;996.3034000000002;996.3034000000002;996.3034000000002;996.3034000000002;992.5182999999995;996.3034000000002;992.9583999999995;997.4451000000017;
868.999999999998;997.9936000000112;997.4451000000017;993.3984999999996;993.3984999999996;998.8384000000065;997.4451000000017;998.4160000000088;997.4451000000017;996.3034000000002;996.3034000000002;996.3034000000002;996.3034000000002;992.5182999999995;996.3034000000002;992.9583999999995;997.4451000000017;
869.9462381546556;997.9936000000112;997.4451000000017;993.3984999999996;993.3984999999996;998.8384000000065;997.4450000000018;998.4160000000088;997.4451000000017;996.3034000000002;996.3034000000002;996.3034000000002;996.3034000000002;992.5182999999995;996.3034000000002;992.9583999999995;997.4451000000017;
869.9462381546556;997.9936000000112;997.4451000000017;993.3984999999996;993.3984999999996;998.8384000000065;997.3570000000018;998.4160000000088;997.4451000000017;996.3034000000002;996.3034000000002;996.3034000000002;996.3034000000002;992.5182999999995;996.3034000000002;992.9583999999995;997.4451000000017;
869.9515541546556;997.9848000000112;997.4451000000017;993.3984999999996;993.3984999999996;998.8384000000065;997.3570000000018;998.4160000000088;997.4451000000017;996.3034000000002;996.3034000000002;996.3034000000002;996.3034000000002;992.5182999999995;996.3034000000002;992.9583999999995;997.4451000000017;
869.9515541546556;997.9760000000113;997.4451000000017;993.3984999999996;993.3984999999996;998.8384000000065;997.3570000000018;998.4160000000088;997.4451000000017;996.3034000000002;996.3034000000002;996.3034000000002;996.3034000000002;992.5182999999995;996.3034000000002;992.9583999999995;997.4451000000017;
869.9568701546556;997.9760000000113;997.4451000000017;993.3984999999996;993.3984999999996;998.8384000000065;997.3570000000018;998.4072000000089;997.4451000000017;996.3034000000002;996.3034000000002;996.3034000000002;996.3034000000002;992.5182999999995;996.3034000000002;992.9583999999995;997.4451000000017;
869.9857907507762;997.9760000000113;997.4451000000017;993.3984999999996;993.3984999999996;998.8384000000065;997.3570000000018;998.4072000000089;997.4450000000018;996.3034000000002;996.3034000000002;996.3034000000002;996.3034000000002;992.5182999999995;996.3034000000002;992.9583999999995;997.4451000000017;
869.9857907507762;997.9760000000113;997.4451000000017;993.3984999999996;993.3984999999996;998.8384000000065;997.3570000000018;998.4072000000089;997.3570000000018;996.3034000000002;996.3034000000002;996.3034000000002;996.3034000000002;992.5182999999995;996.3034000000002;992.9583999999995;997.4451000000017;
869.9911067507762;997.9672000000113;997.4451000000017;993.3984999999996;993.3984999999996;998.8384000000065;997.3570000000018;998.4072000000089;997.3570000000018;996.3034000000002;996.3034000000002;996.3034000000002;996.3034000000002;992.5182999999995;996.3034000000002;992.9583999999995;997.4451000000017;
869.999999999998;997.9672000000113;997.4451000000017;993.3984999999996;993.3984999999996;998.8384000000065;997.3570000000018;998.4072000000089;997.3570000000018;996.3034000000002;996.3034000000002;996.3034000000002;996.3034000000002;992.5182999999995;996.3034000000002;992.9583999999995;997.4451000000017;
870.0098717909177;997.9672000000113;997.4451000000017;993.3984999999996;993.3984999999996;998.8384000000065;997.3570000000018;998.4072000000089;997.3570000000018;996.3034000000002;996.3034000000002;996.3034000000002;996.3034000000002;992.5182999999995;996.3034000000002;992.9583999999995;997.4450000000018;
870.0098717909177;997.9672000000113;997.4451000000017;993.3984999999996;993.3984999999996;998.8384000000065;997.3570000000018;998.4072000000089;997.3570000000018;996.3034000000002;996.3034000000002;996.3034000000002;996.3034000000002;992.5182999999995;996.3034000000002;992.9583999999995;997.3570000000018;
870.0186397166045;997.9672000000113;997.4450000000018;993.3984999999996;993.3984999999996;998.8384000000065;997.3570000000018;998.4072000000089;997.3570000000018;996.3034000000002;996.3034000000002;996.3034000000002;996.3034000000002;992.5182999999995;996.3034000000002;992.9583999999995;997.3570000000018;
870.9515774945087;997.9584000000114;997.3570000000018;993.3984999999996;993.3984999999996;998.8384000000065;997.3570000000018;998.4072000000089;997.3570000000018;996.3034000000002;996.3034000000002;996.3034000000002;996.3034000000002;992.5182999999995;996.3034000000002;992.9583999999995;997.3570000000018;
870.9515774945087;997.9496000000114;997.3570000000018;993.3984999999996;993.3984999999996;998.8384000000065;997.3570000000018;998.4072000000089;997.3570000000018;996.3034000000002;996.3034000000002;996.3034000000002;996.3034000000002;992.5182999999995;996.3034000000002;992.9583999999995;997.3570000000018;
871.9516008343618;997.9496000000114;997.3570000000018;993.3984999999996;993.3984999999996;998.8384000000065;997.3570000000018;998.3984000000089;997.3570000000018;996.3034000000002;996.3034000000002;996.3034000000002;996.3034000000002;992.5182999999995;996.3034000000002;992.9583999999995;997.3570000000018;
872.9516241742149;997.9408000000114;997.3570000000018;993.3984999999996;993.3984999999996;998.8384000000065;997.3570000000018;998.389600000009;997.3570000000018;996.3034000000002;996.3034000000002;996.3034000000002;996.3034000000002;992.5182999999995;996.3034000000002;992.9583999999995;997.3570000000018;
872.9999999999978;997.9408000000114;997.3570000000018;993.3984999999996;993.3984999999996;998.8384000000065;997.3570000000018;998.389600000009;997.3570000000018;996.3034000000002;996.3034000000002;996.3034000000002;996.3034000000002;992.5182999999995;996.3034000000002;992.9583999999995;997.3570000000018;
873.9999999999978;997.9408000000114;997.3570000000018;993.3984999999996;993.3984999999996;998.8384000000065;997.3570000000018;998.389600000009;997.3570000000018;996.3034000000002;996.3034000000002;996.3034000000002;996.3034000000002;992.5182999999995;996.3034000000002;992.9583999999995;997.3570000000018;
874.9999999999978;997.9408000000114;997.3570000000018;993.3984999999996;993.3984999999996;998.8384000000065;997.3570000000018;998.389600000009;997.3570000000018;996.3034000000002;996.3034000000002;996.3034000000002;996.3034000000002;992.5182999999995;996.3034000000002;992.9583999999995;997.3570000000018;
875.9999999999978;997.9408000000114;997.3570000000018;993.3984999999996;993.3984999999996;998.8384000000065;997.3570000000018;998.389600000009;997.3570000000018;996.3034000000002;996.3034000000002;996.3034000000002;996.3034000000002;992.5182999999995;996.3034000000002;992.9583999999995;997.3570000000018;
876.9999999999978;997.9408000000114;997.3570000000018;993.3984999999996;993.3984999999996;998.8384000000065;997.3570000000018;998.389600000009;997.3570000000018;996.3034000000002;996.3034000000002;996.3034000000002;996.3034000000002;992.5182999999995;996.3034000000002;992.9583999999995;997.3570000000018;
877.9999999999978;997.9408000000114;997.3570000000018;993.3984999999996;993.3984999999996;998.8384000000065;997.3570000000018;998.389600000009;997.3570000000018;996.3034000000002;996.3034000000002;996.3034000000002;996.3034000000002;992.5182999999995;996.3034000000002;992.9583999999995;997.3570000000018;
878.9999999999978;997.9408000000114;997.3570000000018;993.3984999999996;993.3984999999996;998.8384000000065;997.3570000000018;998.389600000009;997.3570000000018;996.3034000000002;996.3034000000002;996.3034000000002;996.3034000000002;992.5182999999995;996.3034000000002;992.9583999999995;997.3570000000018;
879.9999999999978;997.9408000000114;997.3570000000018;993.3984999999996;993.3984999999996;998.8384000000065;997.3570000000018;998.389600000009;997.3570000000018;996.3034000000002;996.3034000000002;996.3034000000002;996.3034000000002;992.5182999999995;996.3034000000002;992.9583999999995;997.3570000000018;
880.9999999999978;997.9408000000114;997.3570000000018;993.3984999999996;993.3984999999996;998.8384000000065;997.3570000000018;998.389600000009;997.3570000000018;996.3034000000002;996.3034000000002;996.3034000000002;996.3034000000002;992.5182999999995;996.3034000000002;992.9583999999995;997.3570000000018;
881.9999999999978;997.9408000000114;997.3570000000018;993.3984999999996;993.3984999999996;998.8384000000065;997.3570000000018;998.389600000009;997.3570000000018;996.3034000000002;996.3034000000002;996.3034000000002;996.3034000000002;992.5182999999995;996.3034000000002;992.9583999999995;997.3570000000018;
882.9999999999978;997.9408000000114;997.3570000000018;993.3984999999996;993.3984999999996;998.8384000000065;997.3570000000018;998.389600000009;997.3570000000018;996.3034000000002;996.3034000000002;996.3034000000002;996.3034000000002;992.5182999999995;996.3034000000002;992.9583999999995;997.3570000000018;
883.9999999999978;997.9408000000114;997.3570000000018;993.3984999999996;993.3984999999996;998.8384000000065;997.3570000000018;998.389600000009;997.3570000000018;996.3034000000002;996.3034000000002;996.3034000000002;996.3034000000002;992.5182999999995;996.3034000000002;992.9583999999995;997.3570000000018;
884.9999999999978;997.9408000000114;997.3570000000018;993.3984999999996;993.3984999999996;998.8384000000065;997.3570000000018;998.389600000009;997.3570000000018;996.3034000000002;996.3034000000002;996.3034000000002;996.3034000000002;992.5182999999995;996.3034000000002;992.9583999999995;997.3570000000018;
885.9999999999978;997.9408000000114;997.3570000000018;993.3984999999996;993.3984999999996;998.8384000000065;997.3570000000018;998.389600000009;997.3570000000018;996.3034000000002;996.3034000000002;996.3034000000002;996.3034000000002;992.5182999999995;996.3034000000002;992.9583999999995;997.3570000000018;
886.9999999999978;997.9408000000114;997.3570000000018;993.3984999999996;993.3984999999996;998.8384000000065;997.3570000000018;998.389600000009;997.3570000000018;996.3034000000002;996.3034000000002;996.3034000000002;996.3034000000002;992.5182999999995;996.3034000000002;992.9583999999995;997.3570000000018;
887.9999999999978;997.9408000000114;997.3570000000018;993.3984999999996;993.3984999999996;998.8384000000065;997.3570000000018;998.389600000009;997.3570000000018;996.3034000000002;996.3034000000002;996.3034000000002;996.3034000000002;992.5182999999995;996.3034000000002;992.9583999999995;997.3570000000018;
888.9999999999978;997.9408000000114;997.3570000000018;993.3984999999996;993.3984999999996;998.8384000000065;997.3570000000018;998.389600000009;997.3570000000018;996.3034000000002;996.3034000000002;996.3034000000002;996.3034000000002;992.5182999999995;996.3034000000002;992.9583999999995;997.3570000000018;
889.9999999999978;997.9408000000114;997.3570000000018;993.3984999999996;993.3984999999996;998.8384000000065;997.3570000000018;998.389600000009;997.3570000000018;996.3034000000002;996.3034000000002;996.3034000000002;996.3034000000002;992.5182999999995;996.3034000000002;992.9583999999995;997.3570000000018;
890.9999999999978;997.9408000000114;997.3570000000018;993.3984999999996;993.3984999999996;998.8384000000065;997.3570000000018;998.389600000009;997.3570000000018;996.3034000000002;996.3034000000002;996.3034000000002;996.3034000000002;992.5182999999995;996.3034000000002;992.9583999999995;997.3570000000018;
891.9999999999978;997.9408000000114;997.3570000000018;993.3984999999996;993.3984999999996;998.8384000000065;997.3570000000018;998.389600000009;997.3570000000018;996.3034000000002;996.3034000000002;996.3034000000002;996.3034000000002;992.5182999999995;996.3034000000002;992.9583999999995;997.3570000000018;
892.9999999999978;997.9408000000114;997.3570000000018;993.3984999999996;993.3984999999996;998.8384000000065;997.3570000000018;998.389600000009;997.3570000000018;996.3034000000002;996.3034000000002;996.3034000000002;996.3034000000002;992.5182999999995;996.3034000000002;992.9583999999995;997.3570000000018;
893.9999999999978;997.9408000000114;997.3570000000018;993.3984999999996;993.3984999999996;998.8384000000065;997.3570000000018;998.389600000009;997.3570000000018;996.3034000000002;996.3034000000002;996.3034000000002;996.3034000000002;992.5182999999995;996.3034000000002;992.9583999999995;997.3570000000018;
894.9999999999978;997.9408000000114;997.3570000000018;993.3984999999996;993.3984999999996;998.8384000000065;997.3570000000018;998.389600000009;997.3570000000018;996.3034000000002;996.3034000000002;996.3034000000002;996.3034000000002;992.5182999999995;996.3034000000002;992.9583999999995;997.3570000000018;
895.9999999999978;997.9408000000114;997.3570000000018;993.3984999999996;993.3984999999996;998.8384000000065;997.3570000000018;998.389600000009;997.3570000000018;996.3034000000002;996.3034000000002;996.3034000000002;996.3034000000002;992.5182999999995;996.3034000000002;992.9583999999995;997.3570000000018;
896.9999999999978;997.9408000000114;997.3570000000018;993.3984999999996;993.3984999999996;998.8384000000065;997.3570000000018;998.389600000009;997.3570000000018;996.3034000000002;996.3034000000002;996.3034000000002;996.3034000000002;992.5182999999995;996.3034000000002;992.9583999999995;997.3570000000018;
897.9999999999978;997.9408000000114;997.3570000000018;993.3984999999996;993.3984999999996;998.8384000000065;997.3570000000018;998.389600000009;997.3570000000018;996.3034000000002;996.3034000000002;996.3034000000002;996.3034000000002;992.5182999999995;996.3034000000002;992.9583999999995;997.3570000000018;
898.9999999999978;997.9408000000114;997.3570000000018;993.3984999999996;993.3984999999996;998.8384000000065;997.3570000000018;998.389600000009;997.3570000000018;996.3034000000002;996.3034000000002;996.3034000000002;996.3034000000002;992.5182999999995;996.3034000000002;992.9583999999995;997.3570000000018;
899.9443438445118;997.9408000000114;997.3570000000018;993.3984999999996;993.3984999999996;998.8384000000065;997.3569000000018;998.389600000009;997.3570000000018;996.3034000000002;996.3034000000002;996.3034000000002;996.3034000000002;992.5182999999995;996.3034000000002;992.9583999999995;997.3570000000018;
899.9443438445118;997.9408000000114;997.3570000000018;993.3984999999996;993.3984999999996;998.8384000000065;997.2689000000018;998.389600000009;997.3570000000018;996.3034000000002;996.3034000000002;996.3034000000002;996.3034000000002;992.5182999999995;996.3034000000002;992.9583999999995;997.3570000000018;
899.9496598445118;997.9320000000115;997.3570000000018;993.3984999999996;993.3984999999996;998.8384000000065;997.2689000000018;998.389600000009;997.3570000000018;996.3034000000002;996.3034000000002;996.3034000000002;996.3034000000002;992.5182999999995;996.3034000000002;992.9583999999995;997.3570000000018;
899.9496598445118;997.9232000000115;997.3570000000018;993.3984999999996;993.3984999999996;998.8384000000065;997.2689000000018;998.389600000009;997.3570000000018;996.3034000000002;996.3034000000002;996.3034000000002;996.3034000000002;992.5182999999995;996.3034000000002;992.9583999999995;997.3570000000018;
899.9549758445118;997.9232000000115;997.3570000000018;993.3984999999996;993.3984999999996;998.8384000000065;997.2689000000018;998.380800000009;997.3570000000018;996.3034000000002;996.3034000000002;996.3034000000002;996.3034000000002;992.5182999999995;996.3034000000002;992.9583999999995;997.3570000000018;
899.9560858023549;997.9232000000115;997.3570000000018;993.3983999999996;993.3984999999996;998.8384000000065;997.2689000000018;998.380800000009;997.3570000000018;996.3034000000002;996.3034000000002;996.3034000000002;996.3034000000002;992.5182999999995;996.3034000000002;992.9583999999995;997.3570000000018;
899.9560858023549;997.9232000000115;997.3570000000018;992.9583999999995;993.3984999999996;998.8384000000065;997.2689000000018;998.380800000009;997.3570000000018;996.3034000000002;996.3034000000002;996.3034000000002;996.3034000000002;992.5182999999995;996.3034000000002;992.9583999999995;997.3570000000018;
899.9614018023549;997.9144000000116;997.3570000000018;992.9583999999995;993.3984999999996;998.8384000000065;997.2689000000018;998.380800000009;997.3570000000018;996.3034000000002;996.3034000000002;996.3034000000002;996.3034000000002;992.5182999999995;996.3034000000002;992.9583999999995;997.3570000000018;
899.9807548870236;997.9144000000116;997.3570000000018;992.9583999999995;993.3984999999996;998.8384000000065;997.2689000000018;998.380800000009;997.3570000000018;996.3033000000003;996.3034000000002;996.3034000000002;996.3034000000002;992.5182999999995;996.3034000000002;992.9583999999995;997.3570000000018;
899.9807548870236;997.9144000000116;997.3570000000018;992.9583999999995;993.3984999999996;998.8384000000065;997.2689000000018;998.380800000009;997.3570000000018;995.6873000000003;996.3034000000002;996.3034000000002;996.3034000000002;992.5182999999995;996.3034000000002;992.9583999999995;997.3570000000018;
899.9816961122486;997.9144000000116;997.3570000000018;992.9583999999995;993.3983999999996;998.8384000000065;997.2689000000018;998.380800000009;997.3570000000018;995.6873000000003;996.3034000000002;996.3034000000002;996.3034000000002;992.5182999999995;996.3034000000002;992.9583999999995;997.3570000000018;
899.9816961122486;997.9144000000116;997.3570000000018;992.9583999999995;992.9583999999995;998.8384000000065;997.2689000000018;998.380800000009;997.3570000000018;995.6873000000003;996.3034000000002;996.3034000000002;996.3034000000002;992.5182999999995;996.3034000000002;992.9583999999995;997.3570000000018;
900.9496831843647;997.8792000000118;997.2689000000018;992.9583999999995;992.9583999999995;998.7768000000068;997.2689000000018;998.372000000009;997.2689000000018;995.6873000000003;995.6873000000003;995.6873000000003;995.6873000000003;992.0781999999995;995.6873000000003;992.5182999999995;997.2689000000018;
900.9496831843647;997.8704000000118;997.2689000000018;992.9583999999995;992.9583999999995;998.7768000000068;997.2689000000018;998.372000000009;997.2689000000018;995.6873000000003;995.6873000000003;995.6873000000003;995.6873000000003;992.0781999999995;995.6873000000003;992.5182999999995;997.2689000000018;
901.9497065242178;997.8704000000118;997.2689000000018;992.9583999999995;992.9583999999995;998.7680000000069;997.2689000000018;998.3544000000092;997.2689000000018;995.6873000000003;995.6873000000003;995.6873000000003;995.6873000000003;992.0781999999995;995.6873000000003;992.5182999999995;997.2689000000018;
902.949729864071;997.8616000000119;997.2689000000018;992.9583999999995;992.9583999999995;998.7592000000069;997.2689000000018;998.3368000000092;997.2689000000018;995.6873000000003;995.6873000000003;995.6873000000003;995.6873000000003;992.0781999999995;995.6873000000003;992.5182999999995;997.2689000000018;
903.9497532039242;997.8528000000119;997.2689000000018;992.9583999999995;992.9583999999995;998.750400000007;997.2689000000018;998.3192000000093;997.2689000000018;995.6873000000003;995.6873000000003;995.6873000000003;995.6873000000003;992.0781999999995;995.6873000000003;992.5182999999995;997.2689000000018;
903.9497532039242;997.844000000012;997.2689000000018;992.9583999999995;992.9583999999995;998.750400000007;997.2689000000018;998.3192000000093;997.2689000000018;995.6873000000003;995.6873000000003;995.6873000000003;995.6873000000003;992.0781999999995;995.6873000000003;992.5182999999995;997.2689000000018;
904.9497765437773;997.844000000012;997.2689000000018;992.9583999999995;992.9583999999995;998.741600000007;997.2689000000018;998.3016000000094;997.2689000000018;995.6873000000003;995.6873000000003;995.6873000000003;995.6873000000003;992.0781999999995;995.6873000000003;992.5182999999995;997.2689000000018;
905.9497998836304;997.835200000012;997.2689000000018;992.9583999999995;992.9583999999995;998.732800000007;997.2689000000018;998.2840000000095;997.2689000000018;995.6873000000003;995.6873000000003;995.6873000000003;995.6873000000003;992.0781999999995;995.6873000000003;992.5182999999995;997.2689000000018;
905.9871203193023;997.835200000012;997.2689000000018;992.9583999999995;992.9583999999995;998.732800000007;997.2689000000018;998.2840000000095;997.2689000000018;995.6873000000003;995.6873000000003;995.6873000000003;995.6873000000003;992.0781999999995;995.6873000000003;992.5182999999995;997.2689000000018;
906.9999999999976;997.835200000012;997.2689000000018;992.9583999999995;992.9583999999995;998.732800000007;997.2689000000018;998.2840000000095;997.2689000000018;995.6873000000003;995.6873000000003;995.6873000000003;995.6873000000003;992.0781999999995;995.6873000000003;992.5182999999995;997.2689000000018;
907.9999999999976;997.835200000012;997.2689000000018;992.9583999999995;992.9583999999995;998.732800000007;997.2689000000018;998.2840000000095;997.2689000000018;995.6873000000003;995.6873000000003;995.6873000000003;995.6873000000003;992.0781999999995;995.6873000000003;992.5182999999995;997.2689000000018;
908.9999999999976;997.835200000012;997.2689000000018;992.9583999999995;992.9583999999995;998.732800000007;997.2689000000018;998.2840000000095;997.2689000000018;995.6873000000003;995.6873000000003;995.6873000000003;995.6873000000003;992.0781999999995;995.6873000000003;992.5182999999995;997.2689000000018;
909.9999999999976;997.835200000012;997.2689000000018;992.9583999999995;992.9583999999995;998.732800000007;997.2689000000018;998.2840000000095;997.2689000000018;995.6873000000003;995.6873000000003;995.6873000000003;995.6873000000003;992.0781999999995;995.6873000000003;992.5182999999995;997.2689000000018;
910.9999999999976;997.835200000012;997.2689000000018;992.9583999999995;992.9583999999995;998.732800000007;997.2689000000018;998.2840000000095;997.2689000000018;995.6873000000003;995.6873000000003;995.6873000000003;995.6873000000003;992.0781999999995;995.6873000000003;992.5182999999995;997.2689000000018;
911.9999999999976;997.835200000012;997.2689000000018;992.9583999999995;992.9583999999995;998.732800000007;997.2689000000018;998.2840000000095;997.2689000000018;995.6873000000003;995.6873000000003;995.6873000000003;995.6873000000003;992.0781999999995;995.6873000000003;992.5182999999995;997.2689000000018;
912.9999999999976;997.835200000012;997.2689000000018;992.9583999999995;992.9583999999995;998.732800000007;997.2689000000018;998.2840000000095;997.2689000000018;995.6873000000003;995.6873000000003;995.6873000000003;995.6873000000003;992.0781999999995;995.6873000000003;992.5182999999995;997.2689000000018;
913.9999999999976;997.835200000012;997.2689000000018;992.9583999999995;992.9583999999995;998.732800000007;997.2689000000018;998.2840000000095;997.2689000000018;995.6873000000003;995.6873000000003;995.6873000000003;995.6873000000003;992.0781999999995;995.6873000000003;992.5182999999995;997.2689000000018;
914.9999999999976;997.835200000012;997.2689000000018;992.9583999999995;992.9583999999995;998.732800000007;997.2689000000018;998.2840000000095;997.2689000000018;995.6873000000003;995.6873000000003;995.6873000000003;995.6873000000003;992.0781999999995;995.6873000000003;992.5182999999995;997.2689000000018;
915.9999999999976;997.835200000012;997.2689000000018;992.9583999999995;992.9583999999995;998.732800000007;997.2689000000018;998.2840000000095;997.2689000000018;995.6873000000003;995.6873000000003;995.6873000000003;995.6873000000003;992.0781999999995;995.6873000000003;992.5182999999995;997.2689000000018;
916.9999999999976;997.835200000012;997.2689000000018;992.9583999999995;992.9583999999995;998.732800000007;997.2689000000018;998.2840000000095;997.2689000000018;995.6873000000003;995.6873000000003;995.6873000000003;995.6873000000003;992.0781999999995;995.6873000000003;992.5182999999995;997.2689000000018;
917.9999999999976;997.835200000012;997.2689000000018;992.9583999999995;992.9583999999995;998.732800000007;997.2689000000018;998.2840000000095;997.2689000000018;995.6873000000003;995.6873000000003;995.6873000000003;995.6873000000003;992.0781999999995;995.6873000000003;992.5182999999995;997.2689000000018;
918.9999999999976;997.835200000012;997.2689000000018;992.9583999999995;992.9583999999995;998.732800000007;997.2689000000018;998.2840000000095;997.2689000000018;995.6873000000003;995.6873000000003;995.6873000000003;995.6873000000003;992.0781999999995;995.6873000000003;992.5182999999995;997.2689000000018;
919.9999999999976;997.835200000012;997.2689000000018;992.9583999999995;992.9583999999995;998.732800000007;997.2689000000018;998.2840000000095;997.2689000000018;995.6873000000003;995.6873000000003;995.6873000000003;995.6873000000003;992.0781999999995;995.6873000000003;992.5182999999995;997.2689000000018;
920.9999999999976;997.835200000012;997.2689000000018;992.9583999999995;992.9583999999995;998.732800000007;997.2689000000018;998.2840000000095;997.2689000000018;995.6873000000003;995.6873000000003;995.6873000000003;995.6873000000003;992.0781999999995;995.6873000000003;992.5182999999995;997.2689000000018;
921.9999999999976;997.835200000012;997.2689000000018;992.9583999999995;992.9583999999995;998.732800000007;997.2689000000018;998.2840000000095;997.2689000000018;995.6873000000003;995.6873000000003;995.6873000000003;995.6873000000003;992.0781999999995;995.6873000000003;992.5182999999995;997.2689000000018;
922.9999999999976;997.835200000012;997.2689000000018;992.9583999999995;992.9583999999995;998.732800000007;997.2689000000018;998.2840000000095;997.2689000000018;995.6873000000003;995.6873000000003;995.6873000000003;995.6873000000003;992.0781999999995;995.6873000000003;992.5182999999995;997.2689000000018;
923.9999999999976;997.835200000012;997.2689000000018;992.9583999999995;992.9583999999995;998.732800000007;997.2689000000018;998.2840000000095;997.2689000000018;995.6873000000003;995.6873000000003;995.6873000000003;995.6873000000003;992.0781999999995;995.6873000000003;992.5182999999995;997.2689000000018;
924.9999999999976;997.835200000012;997.2689000000018;992.9583999999995;992.9583999999995;998.732800000007;997.2689000000018;998.2840000000095;997.2689000000018;995.6873000000003;995.6873000000003;995.6873000000003;995.6873000000003;992.0781999999995;995.6873000000003;992.5182999999995;997.2689000000018;
925.9999999999976;997.835200000012;997.2689000000018;992.9583999999995;992.9583999999995;998.732800000007;997.2689000000018;998.2840000000095;997.2689000000018;995.6873000000003;995.6873000000003;995.6873000000003;995.6873000000003;992.0781999999995;995.6873000000003;992.5182999999995;997.2689000000018;
926.9999999999976;997.835200000012;997.2689000000018;992.9583999999995;992.9583999999995;998.732800000007;997.2689000000018;998.2840000000095;997.2689000000018;995.6873000000003;995.6873000000003;995.6873000000003;995.6873000000003;992.0781999999995;995.6873000000003;992.5182999999995;997.2689000000018;
927.9999999999976;997.835200000012;997.2689000000018;992.9583999999995;992.9583999999995;998.732800000007;997.2689000000018;998.2840000000095;997.2689000000018;995.6873000000003;995.6873000000003;995.6873000000003;995.6873000000003;992.0781999999995;995.6873000000003;992.5182999999995;997.2689000000018;
928.9999999999976;997.835200000012;997.2689000000018;992.9583999999995;992.9583999999995;998.732800000007;997.2689000000018;998.2840000000095;997.2689000000018;995.6873000000003;995.6873000000003;995.6873000000003;995.6873000000003;992.0781999999995;995.6873000000003;992.5182999999995;997.2689000000018;
929.9424495343679;997.835200000012;997.2689000000018;992.9583999999995;992.9583999999995;998.732800000007;997.2688000000019;998.2840000000095;997.2689000000018;995.6873000000003;995.6873000000003;995.6873000000003;995.6873000000003;992.0781999999995;995.6873000000003;992.5182999999995;997.2689000000018;
929.9424495343679;997.835200000012;997.2689000000018;992.9583999999995;992.9583999999995;998.732800000007;997.1808000000019;998.2840000000095;997.2689000000018;995.6873000000003;995.6873000000003;995.6873000000003;995.6873000000003;992.0781999999995;995.6873000000003;992.5182999999995;997.2689000000018;
929.9477655343679;997.8264000000121;997.2689000000018;992.9583999999995;992.9583999999995;998.732800000007;997.1808000000019;998.2840000000095;997.2689000000018;995.6873000000003;995.6873000000003;995.6873000000003;995.6873000000003;992.0781999999995;995.6873000000003;992.5182999999995;997.2689000000018;
929.9477655343679;997.8176000000121;997.2689000000018;992.9583999999995;992.9583999999995;998.732800000007;997.1808000000019;998.2840000000095;997.2689000000018;995.6873000000003;995.6873000000003;995.6873000000003;995.6873000000003;992.0781999999995;995.6873000000003;992.5182999999995;997.2689000000018;
929.9530815343679;997.8176000000121;997.2689000000018;992.9583999999995;992.9583999999995;998.732800000007;997.1808000000019;998.2752000000096;997.2689000000018;995.6873000000003;995.6873000000003;995.6873000000003;995.6873000000003;992.0781999999995;995.6873000000003;992.5182999999995;997.2689000000018;
929.981077563399;997.8176000000121;997.2689000000018;992.9583999999995;992.9582999999996;998.732800000007;997.1808000000019;998.2752000000096;997.2689000000018;995.6873000000003;995.6873000000003;995.6873000000003;995.6873000000003;992.0781999999995;995.6873000000003;992.5182999999995;997.2689000000018;
929.981077563399;997.8176000000121;997.2689000000018;992.9583999999995;992.5182999999995;998.732800000007;997.1808000000019;998.2752000000096;997.2689000000018;995.6873000000003;995.6873000000003;995.6873000000003;995.6873000000003;992.0781999999995;995.6873000000003;992.5182999999995;997.2689000000018;
929.9847585940967;997.8176000000121;997.2689000000018;992.9583999999995;992.5182999999995;998.732800000007;997.1808000000019;998.2752000000096;997.2688000000019;995.6873000000003;995.6873000000003;995.6873000000003;995.6873000000003;992.0781999999995;995.6873000000003;992.5182999999995;997.2689000000018;
929.9847585940967;997.8176000000121;997.2689000000018;992.9583999999995;992.5182999999995;998.732800000007;997.1808000000019;998.2752000000096;997.1808000000019;995.6873000000003;995.6873000000003;995.6873000000003;995.6873000000003;992.0781999999995;995.6873000000003;992.5182999999995;997.2689000000018;
929.986393563399;997.8176000000121;997.2689000000018;992.9583999999995;992.5182999999995;998.7240000000071;997.1808000000019;998.2752000000096;997.1808000000019;995.6873000000003;995.6873000000003;995.6873000000003;995.6873000000003;992.0781999999995;995.6873000000003;992.5182999999995;997.2689000000018;
929.986393563399;997.8176000000121;997.2689000000018;992.9583999999995;992.5182999999995;998.7152000000071;997.1808000000019;998.2752000000096;997.1808000000019;995.6873000000003;995.6873000000003;995.6873000000003;995.6873000000003;992.0781999999995;995.6873000000003;992.5182999999995;997.2689000000018;
930.9477888742209;997.8000000000122;997.1808000000019;992.9583999999995;992.5182999999995;998.7152000000071;997.1808000000019;998.2664000000096;997.1808000000019;995.6873000000003;995.6873000000003;995.6873000000003;995.6873000000003;992.0781999999995;995.6873000000003;992.5182999999995;997.1808000000019;
931.947812214074;997.7912000000123;997.1808000000019;992.9583999999995;992.5182999999995;998.7152000000071;997.1808000000019;998.2576000000097;997.1808000000019;995.6873000000003;995.6873000000003;995.6873000000003;995.6873000000003;992.0781999999995;995.6873000000003;992.5182999999995;997.1808000000019;
931.947812214074;997.7824000000123;997.1808000000019;992.9583999999995;992.5182999999995;998.7152000000071;997.1808000000019;998.2576000000097;997.1808000000019;995.6873000000003;995.6873000000003;995.6873000000003;995.6873000000003;992.0781999999995;995.6873000000003;992.5182999999995;997.1808000000019;
932.9478355539272;997.7824000000123;997.1808000000019;992.9583999999995;992.5182999999995;998.7152000000071;997.1808000000019;998.2488000000097;997.1808000000019;995.6873000000003;995.6873000000003;995.6873000000003;995.6873000000003;992.0781999999995;995.6873000000003;992.5182999999995;997.1808000000019;
933.9999999999975;997.7824000000123;997.1808000000019;992.9583999999995;992.5182999999995;998.7152000000071;997.1808000000019;998.2488000000097;997.1808000000019;995.6873000000003;995.6873000000003;995.6873000000003;995.6873000000003;992.0781999999995;995.6873000000003;992.5182999999995;997.1808000000019;
934.9999999999975;997.7824000000123;997.1808000000019;992.9583999999995;992.5182999999995;998.7152000000071;997.1808000000019;998.2488000000097;997.1808000000019;995.6873000000003;995.6873000000003;995.6873000000003;995.6873000000003;992.0781999999995;995.6873000000003;992.5182999999995;997.1808000000019;
935.9999999999975;997.7824000000123;997.1808000000019;992.9583999999995;992.5182999999995;998.7152000000071;997.1808000000019;998.2488000000097;997.1808000000019;995.6873000000003;995.6873000000003;995.6873000000003;995.6873000000003;992.0781999999995;995.6873000000003;992.5182999999995;997.1808000000019;
936.9999999999975;997.7824000000123;997.1808000000019;992.9583999999995;992.5182999999995;998.7152000000071;997.1808000000019;998.2488000000097;997.1808000000019;995.6873000000003;995.6873000000003;995.6873000000003;995.6873000000003;992.0781999999995;995.6873000000003;992.5182999999995;997.1808000000019;
937.9999999999975;997.7824000000123;997.1808000000019;992.9583999999995;992.5182999999995;998.7152000000071;997.1808000000019;998.2488000000097;997.1808000000019;995.6873000000003;995.6873000000003;995.6873000000003;995.6873000000003;992.0781999999995;995.6873000000003;992.5182999999995;997.1808000000019;
938.9999999999975;997.7824000000123;997.1808000000019;992.9583999999995;992.5182999999995;998.7152000000071;997.1808000000019;998.2488000000097;997.1808000000019;995.6873000000003;995.6873000000003;995.6873000000003;995.6873000000003;992.0781999999995;995.6873000000003;992.5182999999995;997.1808000000019;
939.9999999999975;997.7824000000123;997.1808000000019;992.9583999999995;992.5182999999995;998.7152000000071;997.1808000000019;998.2488000000097;997.1808000000019;995.6873000000003;995.6873000000003;995.6873000000003;995.6873000000003;992.0781999999995;995.6873000000003;992.5182999999995;997.1808000000019;
940.9999999999975;997.7824000000123;997.1808000000019;992.9583999999995;992.5182999999995;998.7152000000071;997.1808000000019;998.2488000000097;997.1808000000019;995.6873000000003;995.6873000000003;995.6873000000003;995.6873000000003;992.0781999999995;995.6873000000003;992.5182999999995;997.1808000000019;
941.9999999999975;997.7824000000123;997.1808000000019;992.9583999999995;992.5182999999995;998.7152000000071;997.1808000000019;998.2488000000097;997.1808000000019;995.6873000000003;995.6873000000003;995.6873000000003;995.6873000000003;992.0781999999995;995.6873000000003;992.5182999999995;997.1808000000019;
942.9999999999975;997.7824000000123;997.1808000000019;992.9583999999995;992.5182999999995;998.7152000000071;997.1808000000019;998.2488000000097;997.1808000000019;995.6873000000003;995.6873000000003;995.6873000000003;995.6873000000003;992.0781999999995;995.6873000000003;992.5182999999995;997.1808000000019;
943.9999999999975;997.7824000000123;997.1808000000019;992.9583999999995;992.5182999999995;998.7152000000071;997.1808000000019;998.2488000000097;997.1808000000019;995.6873000000003;995.6873000000003;995.6873000000003;995.6873000000003;992.0781999999995;995.6873000000003;992.5182999999995;997.1808000000019;
944.9999999999975;997.7824000000123;997.1808000000019;992.9583999999995;992.5182999999995;998.7152000000071;997.1808000000019;998.2488000000097;997.1808000000019;995.6873000000003;995.6873000000003;995.6873000000003;995.6873000000003;992.0781999999995;995.6873000000003;992.5182999999995;997.1808000000019;
945.9999999999975;997.7824000000123;997.1808000000019;992.9583999999995;992.5182999999995;998.7152000000071;997.1808000000019;998.2488000000097;997.1808000000019;995.6873000000003;995.6873000000003;995.6873000000003;995.6873000000003;992.0781999999995;995.6873000000003;992.5182999999995;997.1808000000019;
946.9999999999975;997.7824000000123;997.1808000000019;992.9583999999995;992.5182999999995;998.7152000000071;997.1808000000019;998.2488000000097;997.1808000000019;995.6873000000003;995.6873000000003;995.6873000000003;995.6873000000003;992.0781999999995;995.6873000000003;992.5182999999995;997.1808000000019;
947.9999999999975;997.7824000000123;997.1808000000019;992.9583999999995;992.5182999999995;998.7152000000071;997.1808000000019;998.2488000000097;997.1808000000019;995.6873000000003;995.6873000000003;995.6873000000003;995.6873000000003;992.0781999999995;995.6873000000003;992.5182999999995;997.1808000000019;
948.9999999999975;997.7824000000123;997.1808000000019;992.9583999999995;992.5182999999995;998.7152000000071;997.1808000000019;998.2488000000097;997.1808000000019;995.6873000000003;995.6873000000003;995.6873000000003;995.6873000000003;992.0781999999995;995.6873000000003;992.5182999999995;997.1808000000019;
949.9999999999975;997.7824000000123;997.1808000000019;992.9583999999995;992.5182999999995;998.7152000000071;997.1808000000019;998.2488000000097;997.1808000000019;995.6873000000003;995.6873000000003;995.6873000000003;995.6873000000003;992.0781999999995;995.6873000000003;992.5182999999995;997.1808000000019;
950.9999999999975;997.7824000000123;997.1808000000019;992.9583999999995;992.5182999999995;998.7152000000071;997.1808000000019;998.2488000000097;997.1808000000019;995.6873000000003;995.6873000000003;995.6873000000003;995.6873000000003;992.0781999999995;995.6873000000003;992.5182999999995;997.1808000000019;
951.9999999999975;997.7824000000123;997.1808000000019;992.9583999999995;992.5182999999995;998.7152000000071;997.1808000000019;998.2488000000097;997.1808000000019;995.6873000000003;995.6873000000003;995.6873000000003;995.6873000000003;992.0781999999995;995.6873000000003;992.5182999999995;997.1808000000019;
952.9999999999975;997.7824000000123;997.1808000000019;992.9583999999995;992.5182999999995;998.7152000000071;997.1808000000019;998.2488000000097;997.1808000000019;995.6873000000003;995.6873000000003;995.6873000000003;995.6873000000003;992.0781999999995;995.6873000000003;992.5182999999995;997.1808000000019;
953.9999999999975;997.7824000000123;997.1808000000019;992.9583999999995;992.5182999999995;998.7152000000071;997.1808000000019;998.2488000000097;997.1808000000019;995.6873000000003;995.6873000000003;995.6873000000003;995.6873000000003;992.0781999999995;995.6873000000003;992.5182999999995;997.1808000000019;
954.9999999999975;997.7824000000123;997.1808000000019;992.9583999999995;992.5182999999995;998.7152000000071;997.1808000000019;998.2488000000097;997.1808000000019;995.6873000000003;995.6873000000003;995.6873000000003;995.6873000000003;992.0781999999995;995.6873000000003;992.5182999999995;997.1808000000019;
955.9999999999975;997.7824000000123;997.1808000000019;992.9583999999995;992.5182999999995;998.7152000000071;997.1808000000019;998.2488000000097;997.1808000000019;995.6873000000003;995.6873000000003;995.6873000000003;995.6873000000003;992.0781999999995;995.6873000000003;992.5182999999995;997.1808000000019;
956.9999999999975;997.7824000000123;997.1808000000019;992.9583999999995;992.5182999999995;998.7152000000071;997.1808000000019;998.2488000000097;997.1808000000019;995.6873000000003;995.6873000000003;995.6873000000003;995.6873000000003;992.0781999999995;995.6873000000003;992.5182999999995;997.1808000000019;
957.9999999999975;997.7824000000123;997.1808000000019;992.9583999999995;992.5182999999995;998.7152000000071;997.1808000000019;998.2488000000097;997.1808000000019;995.6873000000003;995.6873000000003;995.6873000000003;995.6873000000003;992.0781999999995;995.6873000000003;992.5182999999995;997.1808000000019;
958.9999999999975;997.7824000000123;997.1808000000019;992.9583999999995;992.5182999999995;998.7152000000071;997.1808000000019;998.2488000000097;997.1808000000019;995.6873000000003;995.6873000000003;995.6873000000003;995.6873000000003;992.0781999999995;995.6873000000003;992.5182999999995;997.1808000000019;
959.9405552242241;997.7824000000123;997.1808000000019;992.9583999999995;992.5182999999995;998.7152000000071;997.1807000000019;998.2488000000097;997.1808000000019;995.6873000000003;995.6873000000003;995.6873000000003;995.6873000000003;992.0781999999995;995.6873000000003;992.5182999999995;997.1808000000019;
959.9405552242241;997.7824000000123;997.1808000000019;992.9583999999995;992.5182999999995;998.7152000000071;997.092700000002;998.2488000000097;997.1808000000019;995.6873000000003;995.6873000000003;995.6873000000003;995.6873000000003;992.0781999999995;995.6873000000003;992.5182999999995;997.1808000000019;
959.9458712242241;997.7736000000124;997.1808000000019;992.9583999999995;992.5182999999995;998.7152000000071;997.092700000002;998.2488000000097;997.1808000000019;995.6873000000003;995.6873000000003;995.6873000000003;995.6873000000003;992.0781999999995;995.6873000000003;992.5182999999995;997.1808000000019;
959.9458712242241;997.7648000000124;997.1808000000019;992.9583999999995;992.5182999999995;998.7152000000071;997.092700000002;998.2488000000097;997.1808000000019;995.6873000000003;995.6873000000003;995.6873000000003;995.6873000000003;992.0781999999995;995.6873000000003;992.5182999999995;997.1808000000019;
959.9511872242241;997.7648000000124;997.1808000000019;992.9583999999995;992.5182999999995;998.7152000000071;997.092700000002;998.2400000000098;997.1808000000019;995.6873000000003;995.6873000000003;995.6873000000003;995.6873000000003;992.0781999999995;995.6873000000003;992.5182999999995;997.1808000000019;
959.9527411258858;997.7648000000124;997.1808000000019;992.9582999999996;992.5182999999995;998.7152000000071;997.092700000002;998.2400000000098;997.1808000000019;995.6873000000003;995.6873000000003;995.6873000000003;995.6873000000003;992.0781999999995;995.6873000000003;992.5182999999995;997.1808000000019;
959.9527411258858;997.7648000000124;997.1808000000019;992.5182999999995;992.5182999999995;998.7152000000071;997.092700000002;998.2400000000098;997.1808000000019;995.6873000000003;995.6873000000003;995.6873000000003;995.6873000000003;992.0781999999995;995.6873000000003;992.5182999999995;997.1808000000019;
959.9580571258858;997.7560000000125;997.1808000000019;992.5182999999995;992.5182999999995;998.7152000000071;997.092700000002;998.2400000000098;997.1808000000019;995.6873000000003;995.6873000000003;995.6873000000003;995.6873000000003;992.0781999999995;995.6873000000003;992.5182999999995;997.1808000000019;
959.9842425157569;997.7560000000125;997.1808000000019;992.5182999999995;992.5182999999995;998.7152000000071;997.092700000002;998.2400000000098;997.1807000000019;995.6873000000003;995.6873000000003;995.6873000000003;995.6873000000003;992.0781999999995;995.6873000000003;992.5182999999995;997.1808000000019;
959.9842425157569;997.7560000000125;997.1808000000019;992.5182999999995;992.5182999999995;998.7152000000071;997.092700000002;998.2400000000098;997.092700000002;995.6873000000003;995.6873000000003;995.6873000000003;995.6873000000003;992.0781999999995;995.6873000000003;992.5182999999995;997.1808000000019;
959.986273415382;997.7560000000125;997.1808000000019;992.5182999999995;992.5182999999995;998.7152000000071;997.092700000002;998.2400000000098;997.092700000002;995.6873000000003;995.6873000000003;995.6873000000003;995.6873000000003;992.0780999999995;995.6873000000003;992.5182999999995;997.1808000000019;
959.986273415382;997.7560000000125;997.1808000000019;992.5182999999995;992.5182999999995;998.7152000000071;997.092700000002;998.2400000000098;997.092700000002;995.6873000000003;995.6873000000003;995.6873000000003;995.6873000000003;991.6380999999994;995.6873000000003;992.5182999999995;997.1808000000019;
959.9895585157569;997.7472000000125;997.1808000000019;992.5182999999995;992.5182999999995;998.7152000000071;997.092700000002;998.2400000000098;997.092700000002;995.6873000000003;995.6873000000003;995.6873000000003;995.6873000000003;991.6380999999994;995.6873000000003;992.5182999999995;997.1808000000019;
960.9458945640773;997.7384000000126;997.092700000002;992.5182999999995;992.5182999999995;998.6888000000073;997.092700000002;998.2312000000098;997.092700000002;995.6873000000003;995.6873000000003;995.6873000000003;995.6873000000003;991.6380999999994;995.6873000000003;992.0781999999995;997.092700000002;
961.9459179039305;997.7296000000126;997.092700000002;992.5182999999995;992.5182999999995;998.6800000000073;997.092700000002;998.2136000000099;997.092700000002;995.6873000000003;995.6873000000003;995.6873000000003;995.6873000000003;991.6380999999994;995.6873000000003;992.0781999999995;997.092700000002;
961.9459179039305;997.7208000000127;997.092700000002;992.5182999999995;992.5182999999995;998.6800000000073;997.092700000002;998.2136000000099;997.092700000002;995.6873000000003;995.6873000000003;995.6873000000003;995.6873000000003;991.6380999999994;995.6873000000003;992.0781999999995;997.092700000002;
962.9459412437836;997.7208000000127;997.092700000002;992.5182999999995;992.5182999999995;998.6800000000073;997.092700000002;998.20480000001;997.092700000002;995.6873000000003;995.6873000000003;995.6873000000003;995.6873000000003;991.6380999999994;995.6873000000003;992.0781999999995;997.092700000002;
963.9459645836369;997.7120000000127;997.092700000002;992.5182999999995;992.5182999999995;998.6800000000073;997.092700000002;998.19600000001;997.092700000002;995.6873000000003;995.6873000000003;995.6873000000003;995.6873000000003;991.6380999999994;995.6873000000003;992.0781999999995;997.092700000002;
963.9999999999976;997.7120000000127;997.092700000002;992.5182999999995;992.5182999999995;998.6800000000073;997.092700000002;998.19600000001;997.092700000002;995.6873000000003;995.6873000000003;995.6873000000003;995.6873000000003;991.6380999999994;995.6873000000003;992.0781999999995;997.092700000002;
964.9999999999976;997.7120000000127;997.092700000002;992.5182999999995;992.5182999999995;998.6800000000073;997.092700000002;998.19600000001;997.092700000002;995.6873000000003;995.6873000000003;995.6873000000003;995.6873000000003;991.6380999999994;995.6873000000003;992.0781999999995;997.092700000002;
965.9999999999976;997.7120000000127;997.092700000002;992.5182999999995;992.5182999999995;998.6800000000073;997.092700000002;998.19600000001;997.092700000002;995.6873000000003;995.6873000000003;995.6873000000003;995.6873000000003;991.6380999999994;995.6873000000003;992.0781999999995;997.092700000002;
966.9999999999976;997.7120000000127;997.092700000002;992.5182999999995;992.5182999999995;998.6800000000073;997.092700000002;998.19600000001;997.092700000002;995.6873000000003;995.6873000000003;995.6873000000003;995.6873000000003;991.6380999999994;995.6873000000003;992.0781999999995;997.092700000002;
967.9999999999976;997.7120000000127;997.092700000002;992.5182999999995;992.5182999999995;998.6800000000073;997.092700000002;998.19600000001;997.092700000002;995.6873000000003;995.6873000000003;995.6873000000003;995.6873000000003;991.6380999999994;995.6873000000003;992.0781999999995;997.092700000002;
968.9999999999976;997.7120000000127;997.092700000002;992.5182999999995;992.5182999999995;998.6800000000073;997.092700000002;998.19600000001;997.092700000002;995.6873000000003;995.6873000000003;995.6873000000003;995.6873000000003;991.6380999999994;995.6873000000003;992.0781999999995;997.092700000002;
969.9999999999976;997.7120000000127;997.092700000002;992.5182999999995;992.5182999999995;998.6800000000073;997.092700000002;998.19600000001;997.092700000002;995.6873000000003;995.6873000000003;995.6873000000003;995.6873000000003;991.6380999999994;995.6873000000003;992.0781999999995;997.092700000002;
970.9999999999976;997.7120000000127;997.092700000002;992.5182999999995;992.5182999999995;998.6800000000073;997.092700000002;998.19600000001;997.092700000002;995.6873000000003;995.6873000000003;995.6873000000003;995.6873000000003;991.6380999999994;995.6873000000003;992.0781999999995;997.092700000002;
971.9999999999976;997.7120000000127;997.092700000002;992.5182999999995;992.5182999999995;998.6800000000073;997.092700000002;998.19600000001;997.092700000002;995.6873000000003;995.6873000000003;995.6873000000003;995.6873000000003;991.6380999999994;995.6873000000003;992.0781999999995;997.092700000002;
972.9999999999976;997.7120000000127;997.092700000002;992.5182999999995;992.5182999999995;998.6800000000073;997.092700000002;998.19600000001;997.092700000002;995.6873000000003;995.6873000000003;995.6873000000003;995.6873000000003;991.6380999999994;995.6873000000003;992.0781999999995;997.092700000002;
973.9999999999976;997.7120000000127;997.092700000002;992.5182999999995;992.5182999999995;998.6800000000073;997.092700000002;998.19600000001;997.092700000002;995.6873000000003;995.6873000000003;995.6873000000003;995.6873000000003;991.6380999999994;995.6873000000003;992.0781999999995;997.092700000002;
974.9999999999976;997.7120000000127;997.092700000002;992.5182999999995;992.5182999999995;998.6800000000073;997.092700000002;998.19600000001;997.092700000002;995.6873000000003;995.6873000000003;995.6873000000003;995.6873000000003;991.6380999999994;995.6873000000003;992.0781999999995;997.092700000002;
975.9999999999976;997.7120000000127;997.092700000002;992.5182999999995;992.5182999999995;998.6800000000073;997.092700000002;998.19600000001;997.092700000002;995.6873000000003;995.6873000000003;995.6873000000003;995.6873000000003;991.6380999999994;995.6873000000003;992.0781999999995;997.092700000002;
976.9999999999976;997.7120000000127;997.092700000002;992.5182999999995;992.5182999999995;998.6800000000073;997.092700000002;998.19600000001;997.092700000002;995.6873000000003;995.6873000000003;995.6873000000003;995.6873000000003;991.6380999999994;995.6873000000003;992.0781999999995;997.092700000002;
977.9999999999976;997.7120000000127;997.092700000002;992.5182999999995;992.5182999999995;998.6800000000073;997.092700000002;998.19600000001;997.092700000002;995.6873000000003;995.6873000000003;995.6873000000003;995.6873000000003;991.6380999999994;995.6873000000003;992.0781999999995;997.092700000002;
978.9999999999976;997.7120000000127;997.092700000002;992.5182999999995;992.5182999999995;998.6800000000073;997.092700000002;998.19600000001;997.092700000002;995.6873000000003;995.6873000000003;995.6873000000003;995.6873000000003;991.6380999999994;995.6873000000003;992.0781999999995;997.092700000002;
979.9999999999976;997.7120000000127;997.092700000002;992.5182999999995;992.5182999999995;998.6800000000073;997.092700000002;998.19600000001;997.092700000002;995.6873000000003;995.6873000000003;995.6873000000003;995.6873000000003;991.6380999999994;995.6873000000003;992.0781999999995;997.092700000002;
980.9999999999976;997.7120000000127;997.092700000002;992.5182999999995;992.5182999999995;998.6800000000073;997.092700000002;998.19600000001;997.092700000002;995.6873000000003;995.6873000000003;995.6873000000003;995.6873000000003;991.6380999999994;995.6873000000003;992.0781999999995;997.092700000002;
981.9999999999976;997.7120000000127;997.092700000002;992.5182999999995;992.5182999999995;998.6800000000073;997.092700000002;998.19600000001;997.092700000002;995.6873000000003;995.6873000000003;995.6873000000003;995.6873000000003;991.6380999999994;995.6873000000003;992.0781999999995;997.092700000002;
982.9999999999976;997.7120000000127;997.092700000002;992.5182999999995;992.5182999999995;998.6800000000073;997.092700000002;998.19600000001;997.092700000002;995.6873000000003;995.6873000000003;995.6873000000003;995.6873000000003;991.6380999999994;995.6873000000003;992.0781999999995;997.092700000002;
983.9999999999976;997.7120000000127;997.092700000002;992.5182999999995;992.5182999999995;998.6800000000073;997.092700000002;998.19600000001;997.092700000002;995.6873000000003;995.6873000000003;995.6873000000003;995.6873000000003;991.6380999999994;995.6873000000003;992.0781999999995;997.092700000002;
984.9999999999976;997.7120000000127;997.092700000002;992.5182999999995;992.5182999999995;998.6800000000073;997.092700000002;998.19600000001;997.092700000002;995.6873000000003;995.6873000000003;995.6873000000003;995.6873000000003;991.6380999999994;995.6873000000003;992.0781999999995;997.092700000002;
985.9999999999976;997.7120000000127;997.092700000002;992.5182999999995;992.5182999999995;998.6800000000073;997.092700000002;998.19600000001;997.092700000002;995.6873000000003;995.6873000000003;995.6873000000003;995.6873000000003;991.6380999999994;995.6873000000003;992.0781999999995;997.092700000002;
986.9999999999976;997.7120000000127;997.092700000002;992.5182999999995;992.5182999999995;998.6800000000073;997.092700000002;998.19600000001;997.092700000002;995.6873000000003;995.6873000000003;995.6873000000003;995.6873000000003;991.6380999999994;995.6873000000003;992.0781999999995;997.092700000002;
987.9999999999976;997.7120000000127;997.092700000002;992.5182999999995;992.5182999999995;998.6800000000073;997.092700000002;998.19600000001;997.092700000002;995.6873000000003;995.6873000000003;995.6873000000003;995.6873000000003;991.6380999999994;995.6873000000003;992.0781999999995;997.092700000002;
988.9999999999976;997.7120000000127;997.092700000002;992.5182999999995;992.5182999999995;998.6800000000073;997.092700000002;998.19600000001;997.092700000002;995.6873000000003;995.6873000000003;995.6873000000003;995.6873000000003;991.6380999999994;995.6873000000003;992.0781999999995;997.092700000002;
989.9386609140806;997.7120000000127;997.092700000002;992.5182999999995;992.5182999999995;998.6800000000073;997.092600000002;998.19600000001;997.092700000002;995.6873000000003;995.6873000000003;995.6873000000003;995.6873000000003;991.6380999999994;995.6873000000003;992.0781999999995;997.092700000002;
989.9386609140806;997.7120000000127;997.092700000002;992.5182999999995;992.5182999999995;998.6800000000073;997.004600000002;998.19600000001;997.092700000002;995.6873000000003;995.6873000000003;995.6873000000003;995.6873000000003;991.6380999999994;995.6873000000003;992.0781999999995;997.092700000002;
989.9439769140806;997.7032000000128;997.092700000002;992.5182999999995;992.5182999999995;998.6800000000073;997.004600000002;998.19600000001;997.092700000002;995.6873000000003;995.6873000000003;995.6873000000003;995.6873000000003;991.6380999999994;995.6873000000003;992.0781999999995;997.092700000002;
989.9439769140806;997.6944000000128;997.092700000002;992.5182999999995;992.5182999999995;998.6800000000073;997.004600000002;998.19600000001;997.092700000002;995.6873000000003;995.6873000000003;995.6873000000003;995.6873000000003;991.6380999999994;995.6873000000003;992.0781999999995;997.092700000002;
989.9492929140806;997.6944000000128;997.092700000002;992.5182999999995;992.5182999999995;998.6800000000073;997.004600000002;998.1872000000101;997.092700000002;995.6873000000003;995.6873000000003;995.6873000000003;995.6873000000003;991.6380999999994;995.6873000000003;992.0781999999995;997.092700000002;
989.9798404657;997.6944000000128;997.092700000002;992.5182999999995;992.5181999999995;998.6800000000073;997.004600000002;998.1872000000101;997.092700000002;995.6873000000003;995.6873000000003;995.6873000000003;995.6873000000003;991.6380999999994;995.6873000000003;992.0781999999995;997.092700000002;
989.9798404657;997.6944000000128;997.092700000002;992.5182999999995;992.0781999999995;998.6800000000073;997.004600000002;998.1872000000101;997.092700000002;995.6873000000003;995.6873000000003;995.6873000000003;995.6873000000003;991.6380999999994;995.6873000000003;992.0781999999995;997.092700000002;
989.9837264374174;997.6944000000128;997.092700000002;992.5182999999995;992.0781999999995;998.6800000000073;997.004600000002;998.1872000000101;997.092600000002;995.6873000000003;995.6873000000003;995.6873000000003;995.6873000000003;991.6380999999994;995.6873000000003;992.0781999999995;997.092700000002;
989.9837264374174;997.6944000000128;997.092700000002;992.5182999999995;992.0781999999995;998.6800000000073;997.004600000002;998.1872000000101;997.004600000002;995.6873000000003;995.6873000000003;995.6873000000003;995.6873000000003;991.6380999999994;995.6873000000003;992.0781999999995;997.092700000002;
989.9851564657;997.6944000000128;997.092700000002;992.5182999999995;992.0781999999995;998.6712000000074;997.004600000002;998.1872000000101;997.004600000002;995.6873000000003;995.6873000000003;995.6873000000003;995.6873000000003;991.6380999999994;995.6873000000003;992.0781999999995;997.092700000002;
989.9851564657;997.6944000000128;997.092700000002;992.5182999999995;992.0781999999995;998.6624000000074;997.004600000002;998.1872000000101;997.004600000002;995.6873000000003;995.6873000000003;995.6873000000003;995.6873000000003;991.6380999999994;995.6873000000003;992.0781999999995;997.092700000002;
989.9890424374174;997.6856000000129;997.092700000002;992.5182999999995;992.0781999999995;998.6624000000074;997.004600000002;998.1872000000101;997.004600000002;995.6873000000003;995.6873000000003;995.6873000000003;995.6873000000003;991.6380999999994;995.6873000000003;992.0781999999995;997.092700000002;
990.9440002539337;997.6768000000129;997.004600000002;992.5182999999995;992.0781999999995;998.6624000000074;997.004600000002;998.1784000000101;997.004600000002;995.6873000000003;995.6873000000003;995.6873000000003;995.6873000000003;991.6380999999994;995.6873000000003;992.0781999999995;997.004600000002;
991.9440235937868;997.668000000013;997.004600000002;992.5182999999995;992.0781999999995;998.6624000000074;997.004600000002;998.1696000000102;997.004600000002;995.6873000000003;995.6873000000003;995.6873000000003;995.6873000000003;991.6380999999994;995.6873000000003;992.0781999999995;997.004600000002;
991.9440235937868;997.659200000013;997.004600000002;992.5182999999995;992.0781999999995;998.6624000000074;997.004600000002;998.1696000000102;997.004600000002;995.6873000000003;995.6873000000003;995.6873000000003;995.6873000000003;991.6380999999994;995.6873000000003;992.0781999999995;997.004600000002;
992.94404693364;997.659200000013;997.004600000002;992.5182999999995;992.0781999999995;998.6624000000074;997.004600000002;998.1608000000102;997.004600000002;995.6873000000003;995.6873000000003;995.6873000000003;995.6873000000003;991.6380999999994;995.6873000000003;992.0781999999995;997.004600000002;
993.9999999999976;997.659200000013;997.004600000002;992.5182999999995;992.0781999999995;998.6624000000074;997.004600000002;998.1608000000102;997.004600000002;995.6873000000003;995.6873000000003;995.6873000000003;995.6873000000003;991.6380999999994;995.6873000000003;992.0781999999995;997.004600000002;
994.9999999999976;997.659200000013;997.004600000002;992.5182999999995;992.0781999999995;998.6624000000074;997.004600000002;998.1608000000102;997.004600000002;995.6873000000003;995.6873000000003;995.6873000000003;995.6873000000003;991.6380999999994;995.6873000000003;992.0781999999995;997.004600000002;
995.9999999999976;997.659200000013;997.004600000002;992.5182999999995;992.0781999999995;998.6624000000074;997.004600000002;998.1608000000102;997.004600000002;995.6873000000003;995.6873000000003;995.6873000000003;995.6873000000003;991.6380999999994;995.6873000000003;992.0781999999995;997.004600000002;
996.9999999999976;997.659200000013;997.004600000002;992.5182999999995;992.0781999999995;998.6624000000074;997.004600000002;998.1608000000102;997.004600000002;995.6873000000003;995.6873000000003;995.6873000000003;995.6873000000003;991.6380999999994;995.6873000000003;992.0781999999995;997.004600000002;
997.9999999999976;997.659200000013;997.004600000002;992.5182999999995;992.0781999999995;998.6624000000074;997.004600000002;998.1608000000102;997.004600000002;995.6873000000003;995.6873000000003;995.6873000000003;995.6873000000003;991.6380999999994;995.6873000000003;992.0781999999995;997.004600000002;
998.9999999999976;997.659200000013;997.004600000002;992.5182999999995;992.0781999999995;998.6624000000074;997.004600000002;998.1608000000102;997.004600000002;995.6873000000003;995.6873000000003;995.6873000000003;995.6873000000003;991.6380999999994;995.6873000000003;992.0781999999995;997.004600000002;
999.9999999999976;997.659200000013;997.004600000002;992.5182999999995;992.0781999999995;998.6624000000074;997.004600000002;998.1608000000102;997.004600000002;995.6873000000003;995.6873000000003;995.6873000000003;995.6873000000003;991.6380999999994;995.6873000000003;992.0781999999995;997.004600000002;
1000.9999999999976;997.659200000013;997.004600000002;992.5182999999995;992.0781999999995;998.6624000000074;997.004600000002;998.1608000000102;997.004600000002;995.6873000000003;995.6873000000003;995.6873000000003;995.6873000000003;991.6380999999994;995.6873000000003;992.0781999999995;997.004600000002;
1001.9999999999976;997.659200000013;997.004600000002;992.5182999999995;992.0781999999995;998.6624000000074;997.004600000002;998.1608000000102;997.004600000002;995.6873000000003;995.6873000000003;995.6873000000003;995.6873000000003;991.6380999999994;995.6873000000003;992.0781999999995;997.004600000002;
1002.9999999999976;997.659200000013;997.004600000002;992.5182999999995;992.0781999999995;998.6624000000074;997.004600000002;998.1608000000102;997.004600000002;995.6873000000003;995.6873000000003;995.6873000000003;995.6873000000003;991.6380999999994;995.6873000000003;992.0781999999995;997.004600000002;
1003.9999999999976;997.659200000013;997.004600000002;992.5182999999995;992.0781999999995;998.6624000000074;997.004600000002;998.1608000000102;997.004600000002;995.6873000000003;995.6873000000003;995.6873000000003;995.6873000000003;991.6380999999994;995.6873000000003;992.0781999999995;997.004600000002;
1004.9999999999976;997.659200000013;997.004600000002;992.5182999999995;992.0781999999995;998.6624000000074;997.004600000002;998.1608000000102;997.004600000002;995.6873000000003;995.6873000000003;995.6873000000003;995.6873000000003;991.6380999999994;995.6873000000003;992.0781999999995;997.004600000002;
1005.9999999999976;997.659200000013;997.004600000002;992.5182999999995;992.0781999999995;998.6624000000074;997.004600000002;998.1608000000102;997.004600000002;995.6873000000003;995.6873000000003;995.6873000000003;995.6873000000003;991.6380999999994;995.6873000000003;992.0781999999995;997.004600000002;
1006.9999999999976;997.659200000013;997.004600000002;992.5182999999995;992.0781999999995;998.6624000000074;997.004600000002;998.1608000000102;997.004600000002;995.6873000000003;995.6873000000003;995.6873000000003;995.6873000000003;991.6380999999994;995.6873000000003;992.0781999999995;997.004600000002;
1007.9999999999976;997.659200000013;997.004600000002;992.5182999999995;992.0781999999995;998.6624000000074;997.004600000002;998.1608000000102;997.004600000002;995.6873000000003;995.6873000000003;995.6873000000003;995.6873000000003;991.6380999999994;995.6873000000003;992.0781999999995;997.004600000002;
1008.9999999999976;997.659200000013;997.004600000002;992.5182999999995;992.0781999999995;998.6624000000074;997.004600000002;998.1608000000102;997.004600000002;995.6873000000003;995.6873000000003;995.6873000000003;995.6873000000003;991.6380999999994;995.6873000000003;992.0781999999995;997.004600000002;
1009.9999999999976;997.659200000013;997.004600000002;992.5182999999995;992.0781999999995;998.6624000000074;997.004600000002;998.1608000000102;997.004600000002;995.6873000000003;995.6873000000003;995.6873000000003;995.6873000000003;991.6380999999994;995.6873000000003;992.0781999999995;997.004600000002;
1010.9999999999976;997.659200000013;997.004600000002;992.5182999999995;992.0781999999995;998.6624000000074;997.004600000002;998.1608000000102;997.004600000002;995.6873000000003;995.6873000000003;995.6873000000003;995.6873000000003;991.6380999999994;995.6873000000003;992.0781999999995;997.004600000002;
1011.9999999999976;997.659200000013;997.004600000002;992.5182999999995;992.0781999999995;998.6624000000074;997.004600000002;998.1608000000102;997.004600000002;995.6873000000003;995.6873000000003;995.6873000000003;995.6873000000003;991.6380999999994;995.6873000000003;992.0781999999995;997.004600000002;
1012.9999999999976;997.659200000013;997.004600000002;992.5182999999995;992.0781999999995;998.6624000000074;997.004600000002;998.1608000000102;997.004600000002;995.6873000000003;995.6873000000003;995.6873000000003;995.6873000000003;991.6380999999994;995.6873000000003;992.0781999999995;997.004600000002;
1013.9999999999976;997.659200000013;997.004600000002;992.5182999999995;992.0781999999995;998.6624000000074;997.004600000002;998.1608000000102;997.004600000002;995.6873000000003;995.6873000000003;995.6873000000003;995.6873000000003;991.6380999999994;995.6873000000003;992.0781999999995;997.004600000002;
1014.9999999999976;997.659200000013;997.004600000002;992.5182999999995;992.0781999999995;998.6624000000074;997.004600000002;998.1608000000102;997.004600000002;995.6873000000003;995.6873000000003;995.6873000000003;995.6873000000003;991.6380999999994;995.6873000000003;992.0781999999995;997.004600000002;
1015.9999999999976;997.659200000013;997.004600000002;992.5182999999995;992.0781999999995;998.6624000000074;997.004600000002;998.1608000000102;997.004600000002;995.6873000000003;995.6873000000003;995.6873000000003;995.6873000000003;991.6380999999994;995.6873000000003;992.0781999999995;997.004600000002;
1016.9999999999976;997.659200000013;997.004600000002;992.5182999999995;992.0781999999995;998.6624000000074;997.004600000002;998.1608000000102;997.004600000002;995.6873000000003;995.6873000000003;995.6873000000003;995.6873000000003;991.6380999999994;995.6873000000003;992.0781999999995;997.004600000002;
1017.9999999999976;997.659200000013;997.004600000002;992.5182999999995;992.0781999999995;998.6624000000074;997.004600000002;998.1608000000102;997.004600000002;995.6873000000003;995.6873000000003;995.6873000000003;995.6873000000003;991.6380999999994;995.6873000000003;992.0781999999995;997.004600000002;
1018.9999999999976;997.659200000013;997.004600000002;992.5182999999995;992.0781999999995;998.6624000000074;997.004600000002;998.1608000000102;997.004600000002;995.6873000000003;995.6873000000003;995.6873000000003;995.6873000000003;991.6380999999994;995.6873000000003;992.0781999999995;997.004600000002;
1019.9367666039369;997.659200000013;997.004600000002;992.5182999999995;992.0781999999995;998.6624000000074;997.004500000002;998.1608000000102;997.004600000002;995.6873000000003;995.6873000000003;995.6873000000003;995.6873000000003;991.6380999999994;995.6873000000003;992.0781999999995;997.004600000002;
1019.9367666039369;997.659200000013;997.004600000002;992.5182999999995;992.0781999999995;998.6624000000074;996.9165000000021;998.1608000000102;997.004600000002;995.6873000000003;995.6873000000003;995.6873000000003;995.6873000000003;991.6380999999994;995.6873000000003;992.0781999999995;997.004600000002;
1019.9420826039369;997.6504000000131;997.004600000002;992.5182999999995;992.0781999999995;998.6624000000074;996.9165000000021;998.1608000000102;997.004600000002;995.6873000000003;995.6873000000003;995.6873000000003;995.6873000000003;991.6380999999994;995.6873000000003;992.0781999999995;997.004600000002;
1019.9420826039369;997.6416000000131;997.004600000002;992.5182999999995;992.0781999999995;998.6624000000074;996.9165000000021;998.1608000000102;997.004600000002;995.6873000000003;995.6873000000003;995.6873000000003;995.6873000000003;991.6380999999994;995.6873000000003;992.0781999999995;997.004600000002;
1019.9473986039369;997.6416000000131;997.004600000002;992.5182999999995;992.0781999999995;998.6624000000074;996.9165000000021;998.1520000000103;997.004600000002;995.6873000000003;995.6873000000003;995.6873000000003;995.6873000000003;991.6380999999994;995.6873000000003;992.0781999999995;997.004600000002;
1019.9493964494171;997.6416000000131;997.004600000002;992.5181999999995;992.0781999999995;998.6624000000074;996.9165000000021;998.1520000000103;997.004600000002;995.6873000000003;995.6873000000003;995.6873000000003;995.6873000000003;991.6380999999994;995.6873000000003;992.0781999999995;997.004600000002;
1019.9493964494171;997.6416000000131;997.004600000002;992.0781999999995;992.0781999999995;998.6624000000074;996.9165000000021;998.1520000000103;997.004600000002;995.6873000000003;995.6873000000003;995.6873000000003;995.6873000000003;991.6380999999994;995.6873000000003;992.0781999999995;997.004600000002;
1019.9547124494171;997.6328000000132;997.004600000002;992.0781999999995;992.0781999999995;998.6624000000074;996.9165000000021;998.1520000000103;997.004600000002;995.6873000000003;995.6873000000003;995.6873000000003;995.6873000000003;991.6380999999994;995.6873000000003;992.0781999999995;997.004600000002;
1019.9832103590778;997.6328000000132;997.004600000002;992.0781999999995;992.0781999999995;998.6624000000074;996.9165000000021;998.1520000000103;997.004500000002;995.6873000000003;995.6873000000003;995.6873000000003;995.6873000000003;991.6380999999994;995.6873000000003;992.0781999999995;997.004600000002;
1019.9832103590778;997.6328000000132;997.004600000002;992.0781999999995;992.0781999999995;998.6624000000074;996.9165000000021;998.1520000000103;996.9165000000021;995.6873000000003;995.6873000000003;995.6873000000003;995.6873000000003;991.6380999999994;995.6873000000003;992.0781999999995;997.004600000002;
1019.9853206642056;997.6328000000132;997.004600000002;992.0781999999995;992.0781999999995;998.6624000000074;996.9165000000021;998.1520000000103;996.9165000000021;995.6873000000003;995.6873000000003;995.6873000000003;995.6873000000003;991.6379999999995;995.6873000000003;992.0781999999995;997.004600000002;
1019.9853206642056;997.6328000000132;997.004600000002;992.0781999999995;992.0781999999995;998.6624000000074;996.9165000000021;998.1520000000103;996.9165000000021;995.6873000000003;995.6873000000003;995.6873000000003;995.6873000000003;991.1979999999994;995.6873000000003;992.0781999999995;997.004600000002;
1019.9885263590779;997.6240000000132;997.004600000002;992.0781999999995;992.0781999999995;998.6624000000074;996.9165000000021;998.1520000000103;996.9165000000021;995.6873000000003;995.6873000000003;995.6873000000003;995.6873000000003;991.1979999999994;995.6873000000003;992.0781999999995;997.004600000002;
1020.9421059437902;997.6152000000133;996.9165000000021;992.0781999999995;992.0781999999995;998.6360000000076;996.9165000000021;998.1432000000103;996.9165000000021;995.6873000000003;995.6873000000003;995.6873000000003;995.6873000000003;991.1979999999994;995.6873000000003;991.6380999999994;996.9165000000021;
1021.9421292836433;997.6064000000133;996.9165000000021;992.0781999999995;992.0781999999995;998.6272000000076;996.9165000000021;998.1256000000104;996.9165000000021;995.6873000000003;995.6873000000003;995.6873000000003;995.6873000000003;991.1979999999994;995.6873000000003;991.6380999999994;996.9165000000021;
1022.9421526234964;997.5976000000134;996.9165000000021;992.0781999999995;992.0781999999995;998.6272000000076;996.9165000000021;998.1168000000105;996.9165000000021;995.6873000000003;995.6873000000003;995.6873000000003;995.6873000000003;991.1979999999994;995.6873000000003;991.6380999999994;996.9165000000021;
1022.9421526234964;997.5888000000134;996.9165000000021;992.0781999999995;992.0781999999995;998.6272000000076;996.9165000000021;998.1168000000105;996.9165000000021;995.6873000000003;995.6873000000003;995.6873000000003;995.6873000000003;991.1979999999994;995.6873000000003;991.6380999999994;996.9165000000021;
1023.9421759633495;997.5888000000134;996.9165000000021;992.0781999999995;992.0781999999995;998.6272000000076;996.9165000000021;998.1080000000105;996.9165000000021;995.6873000000003;995.6873000000003;995.6873000000003;995.6873000000003;991.1979999999994;995.6873000000003;991.6380999999994;996.9165000000021;
1024.9999999999977;997.5888000000134;996.9165000000021;992.0781999999995;992.0781999999995;998.6272000000076;996.9165000000021;998.1080000000105;996.9165000000021;995.6873000000003;995.6873000000003;995.6873000000003;995.6873000000003;991.1979999999994;995.6873000000003;991.6380999999994;996.9165000000021;
1025.9999999999977;997.5888000000134;996.9165000000021;992.0781999999995;992.0781999999995;998.6272000000076;996.9165000000021;998.1080000000105;996.9165000000021;995.6873000000003;995.6873000000003;995.6873000000003;995.6873000000003;991.1979999999994;995.6873000000003;991.6380999999994;996.9165000000021;
1026.9999999999977;997.5888000000134;996.9165000000021;992.0781999999995;992.0781999999995;998.6272000000076;996.9165000000021;998.1080000000105;996.9165000000021;995.6873000000003;995.6873000000003;995.6873000000003;995.6873000000003;991.1979999999994;995.6873000000003;991.6380999999994;996.9165000000021;
1027.9999999999977;997.5888000000134;996.9165000000021;992.0781999999995;992.0781999999995;998.6272000000076;996.9165000000021;998.1080000000105;996.9165000000021;995.6873000000003;995.6873000000003;995.6873000000003;995.6873000000003;991.1979999999994;995.6873000000003;991.6380999999994;996.9165000000021;
1028.9999999999977;997.5888000000134;996.9165000000021;992.0781999999995;992.0781999999995;998.6272000000076;996.9165000000021;998.1080000000105;996.9165000000021;995.6873000000003;995.6873000000003;995.6873000000003;995.6873000000003;991.1979999999994;995.6873000000003;991.6380999999994;996.9165000000021;
1029.9999999999977;997.5888000000134;996.9165000000021;992.0781999999995;992.0781999999995;998.6272000000076;996.9165000000021;998.1080000000105;996.9165000000021;995.6873000000003;995.6873000000003;995.6873000000003;995.6873000000003;991.1979999999994;995.6873000000003;991.6380999999994;996.9165000000021;
1030.9999999999977;997.5888000000134;996.9165000000021;992.0781999999995;992.0781999999995;998.6272000000076;996.9165000000021;998.1080000000105;996.9165000000021;995.6873000000003;995.6873000000003;995.6873000000003;995.6873000000003;991.1979999999994;995.6873000000003;991.6380999999994;996.9165000000021;
1031.9999999999977;997.5888000000134;996.9165000000021;992.0781999999995;992.0781999999995;998.6272000000076;996.9165000000021;998.1080000000105;996.9165000000021;995.6873000000003;995.6873000000003;995.6873000000003;995.6873000000003;991.1979999999994;995.6873000000003;991.6380999999994;996.9165000000021;
1032.9999999999977;997.5888000000134;996.9165000000021;992.0781999999995;992.0781999999995;998.6272000000076;996.9165000000021;998.1080000000105;996.9165000000021;995.6873000000003;995.6873000000003;995.6873000000003;995.6873000000003;991.1979999999994;995.6873000000003;991.6380999999994;996.9165000000021;
1033.9999999999977;997.5888000000134;996.9165000000021;992.0781999999995;992.0781999999995;998.6272000000076;996.9165000000021;998.1080000000105;996.9165000000021;995.6873000000003;995.6873000000003;995.6873000000003;995.6873000000003;991.1979999999994;995.6873000000003;991.6380999999994;996.9165000000021;
1034.9999999999977;997.5888000000134;996.9165000000021;992.0781999999995;992.0781999999995;998.6272000000076;996.9165000000021;998.1080000000105;996.9165000000021;995.6873000000003;995.6873000000003;995.6873000000003;995.6873000000003;991.1979999999994;995.6873000000003;991.6380999999994;996.9165000000021;
1035.9999999999977;997.5888000000134;996.9165000000021;992.0781999999995;992.0781999999995;998.6272000000076;996.9165000000021;998.1080000000105;996.9165000000021;995.6873000000003;995.6873000000003;995.6873000000003;995.6873000000003;991.1979999999994;995.6873000000003;991.6380999999994;996.9165000000021;
1036.9999999999977;997.5888000000134;996.9165000000021;992.0781999999995;992.0781999999995;998.6272000000076;996.9165000000021;998.1080000000105;996.9165000000021;995.6873000000003;995.6873000000003;995.6873000000003;995.6873000000003;991.1979999999994;995.6873000000003;991.6380999999994;996.9165000000021;
1037.9999999999977;997.5888000000134;996.9165000000021;992.0781999999995;992.0781999999995;998.6272000000076;996.9165000000021;998.1080000000105;996.9165000000021;995.6873000000003;995.6873000000003;995.6873000000003;995.6873000000003;991.1979999999994;995.6873000000003;991.6380999999994;996.9165000000021;
1038.9999999999977;997.5888000000134;996.9165000000021;992.0781999999995;992.0781999999995;998.6272000000076;996.9165000000021;998.1080000000105;996.9165000000021;995.6873000000003;995.6873000000003;995.6873000000003;995.6873000000003;991.1979999999994;995.6873000000003;991.6380999999994;996.9165000000021;
1039.9999999999977;997.5888000000134;996.9165000000021;992.0781999999995;992.0781999999995;998.6272000000076;996.9165000000021;998.1080000000105;996.9165000000021;995.6873000000003;995.6873000000003;995.6873000000003;995.6873000000003;991.1979999999994;995.6873000000003;991.6380999999994;996.9165000000021;
1040.9999999999977;997.5888000000134;996.9165000000021;992.0781999999995;992.0781999999995;998.6272000000076;996.9165000000021;998.1080000000105;996.9165000000021;995.6873000000003;995.6873000000003;995.6873000000003;995.6873000000003;991.1979999999994;995.6873000000003;991.6380999999994;996.9165000000021;
1041.9999999999977;997.5888000000134;996.9165000000021;992.0781999999995;992.0781999999995;998.6272000000076;996.9165000000021;998.1080000000105;996.9165000000021;995.6873000000003;995.6873000000003;995.6873000000003;995.6873000000003;991.1979999999994;995.6873000000003;991.6380999999994;996.9165000000021;
1042.9999999999977;997.5888000000134;996.9165000000021;992.0781999999995;992.0781999999995;998.6272000000076;996.9165000000021;998.1080000000105;996.9165000000021;995.6873000000003;995.6873000000003;995.6873000000003;995.6873000000003;991.1979999999994;995.6873000000003;991.6380999999994;996.9165000000021;
1043.9999999999977;997.5888000000134;996.9165000000021;992.0781999999995;992.0781999999995;998.6272000000076;996.9165000000021;998.1080000000105;996.9165000000021;995.6873000000003;995.6873000000003;995.6873000000003;995.6873000000003;991.1979999999994;995.6873000000003;991.6380999999994;996.9165000000021;
1044.9999999999977;997.5888000000134;996.9165000000021;992.0781999999995;992.0781999999995;998.6272000000076;996.9165000000021;998.1080000000105;996.9165000000021;995.6873000000003;995.6873000000003;995.6873000000003;995.6873000000003;991.1979999999994;995.6873000000003;991.6380999999994;996.9165000000021;
1045.9999999999977;997.5888000000134;996.9165000000021;992.0781999999995;992.0781999999995;998.6272000000076;996.9165000000021;998.1080000000105;996.9165000000021;995.6873000000003;995.6873000000003;995.6873000000003;995.6873000000003;991.1979999999994;995.6873000000003;991.6380999999994;996.9165000000021;
1046.9999999999977;997.5888000000134;996.9165000000021;992.0781999999995;992.0781999999995;998.6272000000076;996.9165000000021;998.1080000000105;996.9165000000021;995.6873000000003;995.6873000000003;995.6873000000003;995.6873000000003;991.1979999999994;995.6873000000003;991.6380999999994;996.9165000000021;
1047.9999999999977;997.5888000000134;996.9165000000021;992.0781999999995;992.0781999999995;998.6272000000076;996.9165000000021;998.1080000000105;996.9165000000021;995.6873000000003;995.6873000000003;995.6873000000003;995.6873000000003;991.1979999999994;995.6873000000003;991.6380999999994;996.9165000000021;
1048.9999999999977;997.5888000000134;996.9165000000021;992.0781999999995;992.0781999999995;998.6272000000076;996.9165000000021;998.1080000000105;996.9165000000021;995.6873000000003;995.6873000000003;995.6873000000003;995.6873000000003;991.1979999999994;995.6873000000003;991.6380999999994;996.9165000000021;
1049.9348722937934;997.5888000000134;996.9165000000021;992.0781999999995;992.0781999999995;998.6272000000076;996.9164000000021;998.1080000000105;996.9165000000021;995.6873000000003;995.6873000000003;995.6873000000003;995.6873000000003;991.1979999999994;995.6873000000003;991.6380999999994;996.9165000000021;
1049.9348722937934;997.5888000000134;996.9165000000021;992.0781999999995;992.0781999999995;998.6272000000076;996.8284000000021;998.1080000000105;996.9165000000021;995.6873000000003;995.6873000000003;995.6873000000003;995.6873000000003;991.1979999999994;995.6873000000003;991.6380999999994;996.9165000000021;
1049.9401882937934;997.5800000000135;996.9165000000021;992.0781999999995;992.0781999999995;998.6272000000076;996.8284000000021;998.1080000000105;996.9165000000021;995.6873000000003;995.6873000000003;995.6873000000003;995.6873000000003;991.1979999999994;995.6873000000003;991.6380999999994;996.9165000000021;
1049.9401882937934;997.5712000000135;996.9165000000021;992.0781999999995;992.0781999999995;998.6272000000076;996.8284000000021;998.1080000000105;996.9165000000021;995.6873000000003;995.6873000000003;995.6873000000003;995.6873000000003;991.1979999999994;995.6873000000003;991.6380999999994;996.9165000000021;
1049.9455042937934;997.5712000000135;996.9165000000021;992.0781999999995;992.0781999999995;998.6272000000076;996.8284000000021;998.0992000000106;996.9165000000021;995.6873000000003;995.6873000000003;995.6873000000003;995.6873000000003;991.1979999999994;995.6873000000003;991.6380999999994;996.9165000000021;
1049.977855913397;997.5712000000135;996.9165000000021;992.0781999999995;992.0781999999995;998.6272000000076;996.8284000000021;998.0992000000106;996.9165000000021;995.6872000000003;995.6873000000003;995.6873000000003;995.6873000000003;991.1979999999994;995.6873000000003;991.6380999999994;996.9165000000021;
1049.977855913397;997.5712000000135;996.9165000000021;992.0781999999995;992.0781999999995;998.6272000000076;996.8284000000021;998.0992000000106;996.9165000000021;995.0712000000003;995.6873000000003;995.6873000000003;995.6873000000003;991.1979999999994;995.6873000000003;991.6380999999994;996.9165000000021;
1049.9786033680011;997.5712000000135;996.9165000000021;992.0781999999995;992.0780999999995;998.6272000000076;996.8284000000021;998.0992000000106;996.9165000000021;995.0712000000003;995.6873000000003;995.6873000000003;995.6873000000003;991.1979999999994;995.6873000000003;991.6380999999994;996.9165000000021;
1049.9786033680011;997.5712000000135;996.9165000000021;992.0781999999995;991.6380999999994;998.6272000000076;996.8284000000021;998.0992000000106;996.9165000000021;995.0712000000003;995.6873000000003;995.6873000000003;995.6873000000003;991.1979999999994;995.6873000000003;991.6380999999994;996.9165000000021;
1049.9826942807383;997.5712000000135;996.9165000000021;992.0781999999995;991.6380999999994;998.6272000000076;996.8284000000021;998.0992000000106;996.9164000000021;995.0712000000003;995.6873000000003;995.6873000000003;995.6873000000003;991.1979999999994;995.6873000000003;991.6380999999994;996.9165000000021;
1049.9826942807383;997.5712000000135;996.9165000000021;992.0781999999995;991.6380999999994;998.6272000000076;996.8284000000021;998.0992000000106;996.8284000000021;995.0712000000003;995.6873000000003;995.6873000000003;995.6873000000003;991.1979999999994;995.6873000000003;991.6380999999994;996.9165000000021;
1049.983171913397;997.5624000000136;996.9165000000021;992.0781999999995;991.6380999999994;998.6272000000076;996.8284000000021;998.0992000000106;996.8284000000021;995.0712000000003;995.6873000000003;995.6873000000003;995.6873000000003;991.1979999999994;995.6873000000003;991.6380999999994;996.9165000000021;
1050.0006395218552;997.5536000000136;996.9165000000021;992.0781999999995;991.6380999999994;998.6008000000078;996.8284000000021;998.0904000000106;996.8284000000021;995.0712000000003;995.6872000000003;995.6873000000003;995.6873000000003;991.1979999999994;995.0712000000003;991.6380999999994;996.9165000000021;
1050.9402116336464;997.5360000000137;996.8284000000021;992.0781999999995;991.6380999999994;998.5832000000079;996.8284000000021;998.0904000000106;996.8284000000021;995.0712000000003;995.0712000000003;995.0712000000003;995.0712000000003;991.1979999999994;995.0712000000003;991.6380999999994;996.8284000000021;
1051.9402349734996;997.5272000000137;996.8284000000021;992.0781999999995;991.6380999999994;998.5744000000079;996.8284000000021;998.0728000000107;996.8284000000021;995.0712000000003;995.0712000000003;995.0712000000003;995.0712000000003;991.1979999999994;995.0712000000003;991.6380999999994;996.8284000000021;
1052.9402583133528;997.5184000000138;996.8284000000021;992.0781999999995;991.6380999999994;998.565600000008;996.8284000000021;998.0552000000108;996.8284000000021;995.0712000000003;995.0712000000003;995.0712000000003;995.0712000000003;991.1979999999994;995.0712000000003;991.6380999999994;996.8284000000021;
1052.9402583133528;997.5096000000138;996.8284000000021;992.0781999999995;991.6380999999994;998.565600000008;996.8284000000021;998.0552000000108;996.8284000000021;995.0712000000003;995.0712000000003;995.0712000000003;995.0712000000003;991.1979999999994;995.0712000000003;991.6380999999994;996.8284000000021;
1053.9402816532058;997.5096000000138;996.8284000000021;992.0781999999995;991.6380999999994;998.556800000008;996.8284000000021;998.0376000000109;996.8284000000021;995.0712000000003;995.0712000000003;995.0712000000003;995.0712000000003;991.1979999999994;995.0712000000003;991.6380999999994;996.8284000000021;
1054.9403049930588;997.5008000000139;996.8284000000021;992.0781999999995;991.6380999999994;998.556800000008;996.8284000000021;998.028800000011;996.8284000000021;995.0712000000003;995.0712000000003;995.0712000000003;995.0712000000003;991.1979999999994;995.0712000000003;991.6380999999994;996.8284000000021;
1054.9999999999975;997.5008000000139;996.8284000000021;992.0781999999995;991.6380999999994;998.556800000008;996.8284000000021;998.028800000011;996.8284000000021;995.0712000000003;995.0712000000003;995.0712000000003;995.0712000000003;991.1979999999994;995.0712000000003;991.6380999999994;996.8284000000021;
1055.9999999999975;997.5008000000139;996.8284000000021;992.0781999999995;991.6380999999994;998.556800000008;996.8284000000021;998.028800000011;996.8284000000021;995.0712000000003;995.0712000000003;995.0712000000003;995.0712000000003;991.1979999999994;995.0712000000003;991.6380999999994;996.8284000000021;
1056.9999999999975;997.5008000000139;996.8284000000021;992.0781999999995;991.6380999999994;998.556800000008;996.8284000000021;998.028800000011;996.8284000000021;995.0712000000003;995.0712000000003;995.0712000000003;995.0712000000003;991.1979999999994;995.0712000000003;991.6380999999994;996.8284000000021;
1057.9999999999975;997.5008000000139;996.8284000000021;992.0781999999995;991.6380999999994;998.556800000008;996.8284000000021;998.028800000011;996.8284000000021;995.0712000000003;995.0712000000003;995.0712000000003;995.0712000000003;991.1979999999994;995.0712000000003;991.6380999999994;996.8284000000021;
1058.9999999999975;997.5008000000139;996.8284000000021;992.0781999999995;991.6380999999994;998.556800000008;996.8284000000021;998.028800000011;996.8284000000021;995.0712000000003;995.0712000000003;995.0712000000003;995.0712000000003;991.1979999999994;995.0712000000003;991.6380999999994;996.8284000000021;
1059.9999999999975;997.5008000000139;996.8284000000021;992.0781999999995;991.6380999999994;998.556800000008;996.8284000000021;998.028800000011;996.8284000000021;995.0712000000003;995.0712000000003;995.0712000000003;995.0712000000003;991.1979999999994;995.0712000000003;991.6380999999994;996.8284000000021;
1060.9999999999975;997.5008000000139;996.8284000000021;992.0781999999995;991.6380999999994;998.556800000008;996.8284000000021;998.028800000011;996.8284000000021;995.0712000000003;995.0712000000003;995.0712000000003;995.0712000000003;991.1979999999994;995.0712000000003;991.6380999999994;996.8284000000021;
1061.9999999999975;997.5008000000139;996.8284000000021;992.0781999999995;991.6380999999994;998.556800000008;996.8284000000021;998.028800000011;996.8284000000021;995.0712000000003;995.0712000000003;995.0712000000003;995.0712000000003;991.1979999999994;995.0712000000003;991.6380999999994;996.8284000000021;
1062.9999999999975;997.5008000000139;996.8284000000021;992.0781999999995;991.6380999999994;998.556800000008;996.8284000000021;998.028800000011;996.8284000000021;995.0712000000003;995.0712000000003;995.0712000000003;995.0712000000003;991.1979999999994;995.0712000000003;991.6380999999994;996.8284000000021;
1063.9999999999975;997.5008000000139;996.8284000000021;992.0781999999995;991.6380999999994;998.556800000008;996.8284000000021;998.028800000011;996.8284000000021;995.0712000000003;995.0712000000003;995.0712000000003;995.0712000000003;991.1979999999994;995.0712000000003;991.6380999999994;996.8284000000021;
1064.9999999999975;997.5008000000139;996.8284000000021;992.0781999999995;991.6380999999994;998.556800000008;996.8284000000021;998.028800000011;996.8284000000021;995.0712000000003;995.0712000000003;995.0712000000003;995.0712000000003;991.1979999999994;995.0712000000003;991.6380999999994;996.8284000000021;
1065.9999999999975;997.5008000000139;996.8284000000021;992.0781999999995;991.6380999999994;998.556800000008;996.8284000000021;998.028800000011;996.8284000000021;995.0712000000003;995.0712000000003;995.0712000000003;995.0712000000003;991.1979999999994;995.0712000000003;991.6380999999994;996.8284000000021;
1066.9999999999975;997.5008000000139;996.8284000000021;992.0781999999995;991.6380999999994;998.556800000008;996.8284000000021;998.028800000011;996.8284000000021;995.0712000000003;995.0712000000003;995.0712000000003;995.0712000000003;991.1979999999994;995.0712000000003;991.6380999999994;996.8284000000021;
1067.9999999999975;997.5008000000139;996.8284000000021;992.0781999999995;991.6380999999994;998.556800000008;996.8284000000021;998.028800000011;996.8284000000021;995.0712000000003;995.0712000000003;995.0712000000003;995.0712000000003;991.1979999999994;995.0712000000003;991.6380999999994;996.8284000000021;
1068.9999999999975;997.5008000000139;996.8284000000021;992.0781999999995;991.6380999999994;998.556800000008;996.8284000000021;998.028800000011;996.8284000000021;995.0712000000003;995.0712000000003;995.0712000000003;995.0712000000003;991.1979999999994;995.0712000000003;991.6380999999994;996.8284000000021;
1069.9999999999975;997.5008000000139;996.8284000000021;992.0781999999995;991.6380999999994;998.556800000008;996.8284000000021;998.028800000011;996.8284000000021;995.0712000000003;995.0712000000003;995.0712000000003;995.0712000000003;991.1979999999994;995.0712000000003;991.6380999999994;996.8284000000021;
1070.9999999999975;997.5008000000139;996.8284000000021;992.0781999999995;991.6380999999994;998.556800000008;996.8284000000021;998.028800000011;996.8284000000021;995.0712000000003;995.0712000000003;995.0712000000003;995.0712000000003;991.1979999999994;995.0712000000003;991.6380999999994;996.8284000000021;
1071.9999999999975;997.5008000000139;996.8284000000021;992.0781999999995;991.6380999999994;998.556800000008;996.8284000000021;998.028800000011;996.8284000000021;995.0712000000003;995.0712000000003;995.0712000000003;995.0712000000003;991.1979999999994;995.0712000000003;991.6380999999994;996.8284000000021;
1072.9999999999975;997.5008000000139;996.8284000000021;992.0781999999995;991.6380999999994;998.556800000008;996.8284000000021;998.028800000011;996.8284000000021;995.0712000000003;995.0712000000003;995.0712000000003;995.0712000000003;991.1979999999994;995.0712000000003;991.6380999999994;996.8284000000021;
1073.9999999999975;997.5008000000139;996.8284000000021;992.0781999999995;991.6380999999994;998.556800000008;996.8284000000021;998.028800000011;996.8284000000021;995.0712000000003;995.0712000000003;995.0712000000003;995.0712000000003;991.1979999999994;995.0712000000003;991.6380999999994;996.8284000000021;
1074.9999999999975;997.5008000000139;996.8284000000021;992.0781999999995;991.6380999999994;998.556800000008;996.8284000000021;998.028800000011;996.8284000000021;995.0712000000003;995.0712000000003;995.0712000000003;995.0712000000003;991.1979999999994;995.0712000000003;991.6380999999994;996.8284000000021;
1075.9999999999975;997.5008000000139;996.8284000000021;992.0781999999995;991.6380999999994;998.556800000008;996.8284000000021;998.028800000011;996.8284000000021;995.0712000000003;995.0712000000003;995.0712000000003;995.0712000000003;991.1979999999994;995.0712000000003;991.6380999999994;996.8284000000021;
1076.9999999999975;997.5008000000139;996.8284000000021;992.0781999999995;991.6380999999994;998.556800000008;996.8284000000021;998.028800000011;996.8284000000021;995.0712000000003;995.0712000000003;995.0712000000003;995.0712000000003;991.1979999999994;995.0712000000003;991.6380999999994;996.8284000000021;
1077.9999999999975;997.5008000000139;996.8284000000021;992.0781999999995;991.6380999999994;998.556800000008;996.8284000000021;998.028800000011;996.8284000000021;995.0712000000003;995.0712000000003;995.0712000000003;995.0712000000003;991.1979999999994;995.0712000000003;991.6380999999994;996.8284000000021;
1078.9999999999975;997.5008000000139;996.8284000000021;992.0781999999995;991.6380999999994;998.556800000008;996.8284000000021;998.028800000011;996.8284000000021;995.0712000000003;995.0712000000003;995.0712000000003;995.0712000000003;991.1979999999994;995.0712000000003;991.6380999999994;996.8284000000021;
1079.9329779836494;997.5008000000139;996.8284000000021;992.0781999999995;991.6380999999994;998.556800000008;996.8283000000022;998.028800000011;996.8284000000021;995.0712000000003;995.0712000000003;995.0712000000003;995.0712000000003;991.1979999999994;995.0712000000003;991.6380999999994;996.8284000000021;
1079.9329779836494;997.5008000000139;996.8284000000021;992.0781999999995;991.6380999999994;998.556800000008;996.7403000000022;998.028800000011;996.8284000000021;995.0712000000003;995.0712000000003;995.0712000000003;995.0712000000003;991.1979999999994;995.0712000000003;991.6380999999994;996.8284000000021;
1079.9382939836494;997.492000000014;996.8284000000021;992.0781999999995;991.6380999999994;998.556800000008;996.7403000000022;998.028800000011;996.8284000000021;995.0712000000003;995.0712000000003;995.0712000000003;995.0712000000003;991.1979999999994;995.0712000000003;991.6380999999994;996.8284000000021;
1079.9382939836494;997.483200000014;996.8284000000021;992.0781999999995;991.6380999999994;998.556800000008;996.7403000000022;998.028800000011;996.8284000000021;995.0712000000003;995.0712000000003;995.0712000000003;995.0712000000003;991.1979999999994;995.0712000000003;991.6380999999994;996.8284000000021;
1079.9436099836494;997.483200000014;996.8284000000021;992.0781999999995;991.6380999999994;998.556800000008;996.7403000000022;998.020000000011;996.8284000000021;995.0712000000003;995.0712000000003;995.0712000000003;995.0712000000003;991.1979999999994;995.0712000000003;991.6380999999994;996.8284000000021;
1079.946051772948;997.483200000014;996.8284000000021;992.0780999999995;991.6380999999994;998.556800000008;996.7403000000022;998.020000000011;996.8284000000021;995.0712000000003;995.0712000000003;995.0712000000003;995.0712000000003;991.1979999999994;995.0712000000003;991.6380999999994;996.8284000000021;
1079.946051772948;997.483200000014;996.8284000000021;991.6380999999994;991.6380999999994;998.556800000008;996.7403000000022;998.020000000011;996.8284000000021;995.0712000000003;995.0712000000003;995.0712000000003;995.0712000000003;991.1979999999994;995.0712000000003;991.6380999999994;996.8284000000021;
1079.951367772948;997.474400000014;996.8284000000021;991.6380999999994;991.6380999999994;998.556800000008;996.7403000000022;998.020000000011;996.8284000000021;995.0712000000003;995.0712000000003;995.0712000000003;995.0712000000003;991.1979999999994;995.0712000000003;991.6380999999994;996.8284000000021;
1079.9821782023982;997.474400000014;996.8284000000021;991.6380999999994;991.6380999999994;998.556800000008;996.7403000000022;998.020000000011;996.8283000000022;995.0712000000003;995.0712000000003;995.0712000000003;995.0712000000003;991.1979999999994;995.0712000000003;991.6380999999994;996.8284000000021;
1079.9821782023982;997.474400000014;996.8284000000021;991.6380999999994;991.6380999999994;998.556800000008;996.7403000000022;998.020000000011;996.7403000000022;995.0712000000003;995.0712000000003;995.0712000000003;995.0712000000003;991.1979999999994;995.0712000000003;991.6380999999994;996.8284000000021;
1079.9843679130286;997.474400000014;996.8284000000021;991.6380999999994;991.6380999999994;998.556800000008;996.7403000000022;998.020000000011;996.7403000000022;995.0712000000003;995.0712000000003;995.0712000000003;995.0712000000003;991.1978999999994;995.0712000000003;991.6380999999994;996.8284000000021;
1080.9383173235024;997.4568000000141;996.7403000000022;991.6380999999994;991.6380999999994;998.5304000000082;996.7403000000022;998.0112000000111;996.7403000000022;995.0712000000003;995.0712000000003;995.0712000000003;995.0712000000003;990.7578999999994;995.0712000000003;991.1979999999994;996.7403000000022;
1080.9383173235024;997.4480000000142;996.7403000000022;991.6380999999994;991.6380999999994;998.5304000000082;996.7403000000022;998.0112000000111;996.7403000000022;995.0712000000003;995.0712000000003;995.0712000000003;995.0712000000003;990.7578999999994;995.0712000000003;991.1979999999994;996.7403000000022;
1081.9383406633556;997.4480000000142;996.7403000000022;991.6380999999994;991.6380999999994;998.5216000000082;996.7403000000022;997.9936000000112;996.7403000000022;995.0712000000003;995.0712000000003;995.0712000000003;995.0712000000003;990.7578999999994;995.0712000000003;991.1979999999994;996.7403000000022;
1082.9383640032086;997.4392000000142;996.7403000000022;991.6380999999994;991.6380999999994;998.5216000000082;996.7403000000022;997.9848000000112;996.7403000000022;995.0712000000003;995.0712000000003;995.0712000000003;995.0712000000003;990.7578999999994;995.0712000000003;991.1979999999994;996.7403000000022;
1082.9383640032086;997.4304000000143;996.7403000000022;991.6380999999994;991.6380999999994;998.5216000000082;996.7403000000022;997.9848000000112;996.7403000000022;995.0712000000003;995.0712000000003;995.0712000000003;995.0712000000003;990.7578999999994;995.0712000000003;991.1979999999994;996.7403000000022;
1083.9383873430615;997.4304000000143;996.7403000000022;991.6380999999994;991.6380999999994;998.5216000000082;996.7403000000022;997.9760000000113;996.7403000000022;995.0712000000003;995.0712000000003;995.0712000000003;995.0712000000003;990.7578999999994;995.0712000000003;991.1979999999994;996.7403000000022;
1084.999999999997;997.4304000000143;996.7403000000022;991.6380999999994;991.6380999999994;998.5216000000082;996.7403000000022;997.9760000000113;996.7403000000022;995.0712000000003;995.0712000000003;995.0712000000003;995.0712000000003;990.7578999999994;995.0712000000003;991.1979999999994;996.7403000000022;
1085.999999999997;997.4304000000143;996.7403000000022;991.6380999999994;991.6380999999994;998.5216000000082;996.7403000000022;997.9760000000113;996.7403000000022;995.0712000000003;995.0712000000003;995.0712000000003;995.0712000000003;990.7578999999994;995.0712000000003;991.1979999999994;996.7403000000022;
1086.999999999997;997.4304000000143;996.7403000000022;991.6380999999994;991.6380999999994;998.5216000000082;996.7403000000022;997.9760000000113;996.7403000000022;995.0712000000003;995.0712000000003;995.0712000000003;995.0712000000003;990.7578999999994;995.0712000000003;991.1979999999994;996.7403000000022;
1087.999999999997;997.4304000000143;996.7403000000022;991.6380999999994;991.6380999999994;998.5216000000082;996.7403000000022;997.9760000000113;996.7403000000022;995.0712000000003;995.0712000000003;995.0712000000003;995.0712000000003;990.7578999999994;995.0712000000003;991.1979999999994;996.7403000000022;
1088.999999999997;997.4304000000143;996.7403000000022;991.6380999999994;991.6380999999994;998.5216000000082;996.7403000000022;997.9760000000113;996.7403000000022;995.0712000000003;995.0712000000003;995.0712000000003;995.0712000000003;990.7578999999994;995.0712000000003;991.1979999999994;996.7403000000022;
1089.999999999997;997.4304000000143;996.7403000000022;991.6380999999994;991.6380999999994;998.5216000000082;996.7403000000022;997.9760000000113;996.7403000000022;995.0712000000003;995.0712000000003;995.0712000000003;995.0712000000003;990.7578999999994;995.0712000000003;991.1979999999994;996.7403000000022;
1090.999999999997;997.4304000000143;996.7403000000022;991.6380999999994;991.6380999999994;998.5216000000082;996.7403000000022;997.9760000000113;996.7403000000022;995.0712000000003;995.0712000000003;995.0712000000003;995.0712000000003;990.7578999999994;995.0712000000003;991.1979999999994;996.7403000000022;
1091.999999999997;997.4304000000143;996.7403000000022;991.6380999999994;991.6380999999994;998.5216000000082;996.7403000000022;997.9760000000113;996.7403000000022;995.0712000000003;995.0712000000003;995.0712000000003;995.0712000000003;990.7578999999994;995.0712000000003;991.1979999999994;996.7403000000022;
1092.999999999997;997.4304000000143;996.7403000000022;991.6380999999994;991.6380999999994;998.5216000000082;996.7403000000022;997.9760000000113;996.7403000000022;995.0712000000003;995.0712000000003;995.0712000000003;995.0712000000003;990.7578999999994;995.0712000000003;991.1979999999994;996.7403000000022;
1093.999999999997;997.4304000000143;996.7403000000022;991.6380999999994;991.6380999999994;998.5216000000082;996.7403000000022;997.9760000000113;996.7403000000022;995.0712000000003;995.0712000000003;995.0712000000003;995.0712000000003;990.7578999999994;995.0712000000003;991.1979999999994;996.7403000000022;
1094.999999999997;997.4304000000143;996.7403000000022;991.6380999999994;991.6380999999994;998.5216000000082;996.7403000000022;997.9760000000113;996.7403000000022;995.0712000000003;995.0712000000003;995.0712000000003;995.0712000000003;990.7578999999994;995.0712000000003;991.1979999999994;996.7403000000022;
1095.999999999997;997.4304000000143;996.7403000000022;991.6380999999994;991.6380999999994;998.5216000000082;996.7403000000022;997.9760000000113;996.7403000000022;995.0712000000003;995.0712000000003;995.0712000000003;995.0712000000003;990.7578999999994;995.0712000000003;991.1979999999994;996.7403000000022;
1096.999999999997;997.4304000000143;996.7403000000022;991.6380999999994;991.6380999999994;998.5216000000082;996.7403000000022;997.9760000000113;996.7403000000022;995.0712000000003;995.0712000000003;995.0712000000003;995.0712000000003;990.7578999999994;995.0712000000003;991.1979999999994;996.7403000000022;
1097.999999999997;997.4304000000143;996.7403000000022;991.6380999999994;991.6380999999994;998.5216000000082;996.7403000000022;997.9760000000113;996.7403000000022;995.0712000000003;995.0712000000003;995.0712000000003;995.0712000000003;990.7578999999994;995.0712000000003;991.1979999999994;996.7403000000022;
1098.999999999997;997.4304000000143;996.7403000000022;991.6380999999994;991.6380999999994;998.5216000000082;996.7403000000022;997.9760000000113;996.7403000000022;995.0712000000003;995.0712000000003;995.0712000000003;995.0712000000003;990.7578999999994;995.0712000000003;991.1979999999994;996.7403000000022;
1099.999999999997;997.4304000000143;996.7403000000022;991.6380999999994;991.6380999999994;998.5216000000082;996.7403000000022;997.9760000000113;996.7403000000022;995.0712000000003;995.0712000000003;995.0712000000003;995.0712000000003;990.7578999999994;995.0712000000003;991.1979999999994;996.7403000000022;
1100.999999999997;997.4304000000143;996.7403000000022;991.6380999999994;991.6380999999994;998.5216000000082;996.7403000000022;997.9760000000113;996.7403000000022;995.0712000000003;995.0712000000003;995.0712000000003;995.0712000000003;990.7578999999994;995.0712000000003;991.1979999999994;996.7403000000022;
1101.999999999997;997.4304000000143;996.7403000000022;991.6380999999994;991.6380999999994;998.5216000000082;996.7403000000022;997.9760000000113;996.7403000000022;995.0712000000003;995.0712000000003;995.0712000000003;995.0712000000003;990.7578999999994;995.0712000000003;991.1979999999994;996.7403000000022;
1102.999999999997;997.4304000000143;996.7403000000022;991.6380999999994;991.6380999999994;998.5216000000082;996.7403000000022;997.9760000000113;996.7403000000022;995.0712000000003;995.0712000000003;995.0712000000003;995.0712000000003;990.7578999999994;995.0712000000003;991.1979999999994;996.7403000000022;
1103.999999999997;997.4304000000143;996.7403000000022;991.6380999999994;991.6380999999994;998.5216000000082;996.7403000000022;997.9760000000113;996.7403000000022;995.0712000000003;995.0712000000003;995.0712000000003;995.0712000000003;990.7578999999994;995.0712000000003;991.1979999999994;996.7403000000022;
1104.999999999997;997.4304000000143;996.7403000000022;991.6380999999994;991.6380999999994;998.5216000000082;996.7403000000022;997.9760000000113;996.7403000000022;995.0712000000003;995.0712000000003;995.0712000000003;995.0712000000003;990.7578999999994;995.0712000000003;991.1979999999994;996.7403000000022;
1105.999999999997;997.4304000000143;996.7403000000022;991.6380999999994;991.6380999999994;998.5216000000082;996.7403000000022;997.9760000000113;996.7403000000022;995.0712000000003;995.0712000000003;995.0712000000003;995.0712000000003;990.7578999999994;995.0712000000003;991.1979999999994;996.7403000000022;
1106.999999999997;997.4304000000143;996.7403000000022;991.6380999999994;991.6380999999994;998.5216000000082;996.7403000000022;997.9760000000113;996.7403000000022;995.0712000000003;995.0712000000003;995.0712000000003;995.0712000000003;990.7578999999994;995.0712000000003;991.1979999999994;996.7403000000022;
1107.999999999997;997.4304000000143;996.7403000000022;991.6380999999994;991.6380999999994;998.5216000000082;996.7403000000022;997.9760000000113;996.7403000000022;995.0712000000003;995.0712000000003;995.0712000000003;995.0712000000003;990.7578999999994;995.0712000000003;991.1979999999994;996.7403000000022;
1108.999999999997;997.4304000000143;996.7403000000022;991.6380999999994;991.6380999999994;998.5216000000082;996.7403000000022;997.9760000000113;996.7403000000022;995.0712000000003;995.0712000000003;995.0712000000003;995.0712000000003;990.7578999999994;995.0712000000003;991.1979999999994;996.7403000000022;
1109.9310836735053;997.4304000000143;996.7403000000022;991.6380999999994;991.6380999999994;998.5216000000082;996.7402000000022;997.9760000000113;996.7403000000022;995.0712000000003;995.0712000000003;995.0712000000003;995.0712000000003;990.7578999999994;995.0712000000003;991.1979999999994;996.7403000000022;
1109.9310836735053;997.4304000000143;996.7403000000022;991.6380999999994;991.6380999999994;998.5216000000082;996.6522000000023;997.9760000000113;996.7403000000022;995.0712000000003;995.0712000000003;995.0712000000003;995.0712000000003;990.7578999999994;995.0712000000003;991.1979999999994;996.7403000000022;
1109.9363996735053;997.4216000000143;996.7403000000022;991.6380999999994;991.6380999999994;998.5216000000082;996.6522000000023;997.9760000000113;996.7403000000022;995.0712000000003;995.0712000000003;995.0712000000003;995.0712000000003;990.7578999999994;995.0712000000003;991.1979999999994;996.7403000000022;
1109.9363996735053;997.4128000000144;996.7403000000022;991.6380999999994;991.6380999999994;998.5216000000082;996.6522000000023;997.9760000000113;996.7403000000022;995.0712000000003;995.0712000000003;995.0712000000003;995.0712000000003;990.7578999999994;995.0712000000003;991.1979999999994;996.7403000000022;
1109.9417156735053;997.4128000000144;996.7403000000022;991.6380999999994;991.6380999999994;998.5216000000082;996.6522000000023;997.9672000000113;996.7403000000022;995.0712000000003;995.0712000000003;995.0712000000003;995.0712000000003;990.7578999999994;995.0712000000003;991.1979999999994;996.7403000000022;
1109.9773662703014;997.4128000000144;996.7403000000022;991.6380999999994;991.6379999999995;998.5216000000082;996.6522000000023;997.9672000000113;996.7403000000022;995.0712000000003;995.0712000000003;995.0712000000003;995.0712000000003;990.7578999999994;995.0712000000003;991.1979999999994;996.7403000000022;
1109.9773662703014;997.4128000000144;996.7403000000022;991.6380999999994;991.1979999999994;998.5216000000082;996.6522000000023;997.9672000000113;996.7403000000022;995.0712000000003;995.0712000000003;995.0712000000003;995.0712000000003;990.7578999999994;995.0712000000003;991.1979999999994;996.7403000000022;
1109.9816621240584;997.4128000000144;996.7403000000022;991.6380999999994;991.1979999999994;998.5216000000082;996.6522000000023;997.9672000000113;996.7402000000022;995.0712000000003;995.0712000000003;995.0712000000003;995.0712000000003;990.7578999999994;995.0712000000003;991.1979999999994;996.7403000000022;
1109.9816621240584;997.4128000000144;996.7403000000022;991.6380999999994;991.1979999999994;998.5216000000082;996.6522000000023;997.9672000000113;996.6522000000023;995.0712000000003;995.0712000000003;995.0712000000003;995.0712000000003;990.7578999999994;995.0712000000003;991.1979999999994;996.7403000000022;
1109.9826822703014;997.4128000000144;996.7403000000022;991.6380999999994;991.1979999999994;998.5128000000083;996.6522000000023;997.9672000000113;996.6522000000023;995.0712000000003;995.0712000000003;995.0712000000003;995.0712000000003;990.7578999999994;995.0712000000003;991.1979999999994;996.7403000000022;
1109.9826822703014;997.4128000000144;996.7403000000022;991.6380999999994;991.1979999999994;998.5040000000083;996.6522000000023;997.9672000000113;996.6522000000023;995.0712000000003;995.0712000000003;995.0712000000003;995.0712000000003;990.7578999999994;995.0712000000003;991.1979999999994;996.7403000000022;
1109.9869781240584;997.4040000000144;996.7403000000022;991.6380999999994;991.1979999999994;998.5040000000083;996.6522000000023;997.9672000000113;996.6522000000023;995.0712000000003;995.0712000000003;995.0712000000003;995.0712000000003;990.7578999999994;995.0712000000003;991.1979999999994;996.7403000000022;
1110.9364230133585;997.3952000000145;996.6522000000023;991.6380999999994;991.1979999999994;998.5040000000083;996.6522000000023;997.9584000000114;996.6522000000023;995.0712000000003;995.0712000000003;995.0712000000003;995.0712000000003;990.7578999999994;995.0712000000003;991.1979999999994;996.6522000000023;
1110.9364230133585;997.3864000000145;996.6522000000023;991.6380999999994;991.1979999999994;998.5040000000083;996.6522000000023;997.9584000000114;996.6522000000023;995.0712000000003;995.0712000000003;995.0712000000003;995.0712000000003;990.7578999999994;995.0712000000003;991.1979999999994;996.6522000000023;
1111.9364463532117;997.3864000000145;996.6522000000023;991.6380999999994;991.1979999999994;998.5040000000083;996.6522000000023;997.9496000000114;996.6522000000023;995.0712000000003;995.0712000000003;995.0712000000003;995.0712000000003;990.7578999999994;995.0712000000003;991.1979999999994;996.6522000000023;
1112.9364696930647;997.3776000000146;996.6522000000023;991.6380999999994;991.1979999999994;998.5040000000083;996.6522000000023;997.9408000000114;996.6522000000023;995.0712000000003;995.0712000000003;995.0712000000003;995.0712000000003;990.7578999999994;995.0712000000003;991.1979999999994;996.6522000000023;
1113.999999999997;997.3776000000146;996.6522000000023;991.6380999999994;991.1979999999994;998.5040000000083;996.6522000000023;997.9408000000114;996.6522000000023;995.0712000000003;995.0712000000003;995.0712000000003;995.0712000000003;990.7578999999994;995.0712000000003;991.1979999999994;996.6522000000023;
1114.999999999997;997.3776000000146;996.6522000000023;991.6380999999994;991.1979999999994;998.5040000000083;996.6522000000023;997.9408000000114;996.6522000000023;995.0712000000003;995.0712000000003;995.0712000000003;995.0712000000003;990.7578999999994;995.0712000000003;991.1979999999994;996.6522000000023;
1115.999999999997;997.3776000000146;996.6522000000023;991.6380999999994;991.1979999999994;998.5040000000083;996.6522000000023;997.9408000000114;996.6522000000023;995.0712000000003;995.0712000000003;995.0712000000003;995.0712000000003;990.7578999999994;995.0712000000003;991.1979999999994;996.6522000000023;
1116.999999999997;997.3776000000146;996.6522000000023;991.6380999999994;991.1979999999994;998.5040000000083;996.6522000000023;997.9408000000114;996.6522000000023;995.0712000000003;995.0712000000003;995.0712000000003;995.0712000000003;990.7578999999994;995.0712000000003;991.1979999999994;996.6522000000023;
1117.999999999997;997.3776000000146;996.6522000000023;991.6380999999994;991.1979999999994;998.5040000000083;996.6522000000023;997.9408000000114;996.6522000000023;995.0712000000003;995.0712000000003;995.0712000000003;995.0712000000003;990.7578999999994;995.0712000000003;991.1979999999994;996.6522000000023;
1118.999999999997;997.3776000000146;996.6522000000023;991.6380999999994;991.1979999999994;998.5040000000083;996.6522000000023;997.9408000000114;996.6522000000023;995.0712000000003;995.0712000000003;995.0712000000003;995.0712000000003;990.7578999999994;995.0712000000003;991.1979999999994;996.6522000000023;
1119.999999999997;997.3776000000146;996.6522000000023;991.6380999999994;991.1979999999994;998.5040000000083;996.6522000000023;997.9408000000114;996.6522000000023;995.0712000000003;995.0712000000003;995.0712000000003;995.0712000000003;990.7578999999994;995.0712000000003;991.1979999999994;996.6522000000023;
1120.999999999997;997.3776000000146;996.6522000000023;991.6380999999994;991.1979999999994;998.5040000000083;996.6522000000023;997.9408000000114;996.6522000000023;995.0712000000003;995.0712000000003;995.0712000000003;995.0712000000003;990.7578999999994;995.0712000000003;991.1979999999994;996.6522000000023;
1121.999999999997;997.3776000000146;996.6522000000023;991.6380999999994;991.1979999999994;998.5040000000083;996.6522000000023;997.9408000000114;996.6522000000023;995.0712000000003;995.0712000000003;995.0712000000003;995.0712000000003;990.7578999999994;995.0712000000003;991.1979999999994;996.6522000000023;
1122.999999999997;997.3776000000146;996.6522000000023;991.6380999999994;991.1979999999994;998.5040000000083;996.6522000000023;997.9408000000114;996.6522000000023;995.0712000000003;995.0712000000003;995.0712000000003;995.0712000000003;990.7578999999994;995.0712000000003;991.1979999999994;996.6522000000023;
1123.999999999997;997.3776000000146;996.6522000000023;991.6380999999994;991.1979999999994;998.5040000000083;996.6522000000023;997.9408000000114;996.6522000000023;995.0712000000003;995.0712000000003;995.0712000000003;995.0712000000003;990.7578999999994;995.0712000000003;991.1979999999994;996.6522000000023;
1124.999999999997;997.3776000000146;996.6522000000023;991.6380999999994;991.1979999999994;998.5040000000083;996.6522000000023;997.9408000000114;996.6522000000023;995.0712000000003;995.0712000000003;995.0712000000003;995.0712000000003;990.7578999999994;995.0712000000003;991.1979999999994;996.6522000000023;
1125.999999999997;997.3776000000146;996.6522000000023;991.6380999999994;991.1979999999994;998.5040000000083;996.6522000000023;997.9408000000114;996.6522000000023;995.0712000000003;995.0712000000003;995.0712000000003;995.0712000000003;990.7578999999994;995.0712000000003;991.1979999999994;996.6522000000023;
1126.999999999997;997.3776000000146;996.6522000000023;991.6380999999994;991.1979999999994;998.5040000000083;996.6522000000023;997.9408000000114;996.6522000000023;995.0712000000003;995.0712000000003;995.0712000000003;995.0712000000003;990.7578999999994;995.0712000000003;991.1979999999994;996.6522000000023;
1127.999999999997;997.3776000000146;996.6522000000023;991.6380999999994;991.1979999999994;998.5040000000083;996.6522000000023;997.9408000000114;996.6522000000023;995.0712000000003;995.0712000000003;995.0712000000003;995.0712000000003;990.7578999999994;995.0712000000003;991.1979999999994;996.6522000000023;
1128.999999999997;997.3776000000146;996.6522000000023;991.6380999999994;991.1979999999994;998.5040000000083;996.6522000000023;997.9408000000114;996.6522000000023;995.0712000000003;995.0712000000003;995.0712000000003;995.0712000000003;990.7578999999994;995.0712000000003;991.1979999999994;996.6522000000023;
1129.999999999997;997.3776000000146;996.6522000000023;991.6380999999994;991.1979999999994;998.5040000000083;996.6522000000023;997.9408000000114;996.6522000000023;995.0712000000003;995.0712000000003;995.0712000000003;995.0712000000003;990.7578999999994;995.0712000000003;991.1979999999994;996.6522000000023;
1130.999999999997;997.3776000000146;996.6522000000023;991.6380999999994;991.1979999999994;998.5040000000083;996.6522000000023;997.9408000000114;996.6522000000023;995.0712000000003;995.0712000000003;995.0712000000003;995.0712000000003;990.7578999999994;995.0712000000003;991.1979999999994;996.6522000000023;
1131.999999999997;997.3776000000146;996.6522000000023;991.6380999999994;991.1979999999994;998.5040000000083;996.6522000000023;997.9408000000114;996.6522000000023;995.0712000000003;995.0712000000003;995.0712000000003;995.0712000000003;990.7578999999994;995.0712000000003;991.1979999999994;996.6522000000023;
1132.999999999997;997.3776000000146;996.6522000000023;991.6380999999994;991.1979999999994;998.5040000000083;996.6522000000023;997.9408000000114;996.6522000000023;995.0712000000003;995.0712000000003;995.0712000000003;995.0712000000003;990.7578999999994;995.0712000000003;991.1979999999994;996.6522000000023;
1133.999999999997;997.3776000000146;996.6522000000023;991.6380999999994;991.1979999999994;998.5040000000083;996.6522000000023;997.9408000000114;996.6522000000023;995.0712000000003;995.0712000000003;995.0712000000003;995.0712000000003;990.7578999999994;995.0712000000003;991.1979999999994;996.6522000000023;
1134.999999999997;997.3776000000146;996.6522000000023;991.6380999999994;991.1979999999994;998.5040000000083;996.6522000000023;997.9408000000114;996.6522000000023;995.0712000000003;995.0712000000003;995.0712000000003;995.0712000000003;990.7578999999994;995.0712000000003;991.1979999999994;996.6522000000023;
1135.999999999997;997.3776000000146;996.6522000000023;991.6380999999994;991.1979999999994;998.5040000000083;996.6522000000023;997.9408000000114;996.6522000000023;995.0712000000003;995.0712000000003;995.0712000000003;995.0712000000003;990.7578999999994;995.0712000000003;991.1979999999994;996.6522000000023;
1136.999999999997;997.3776000000146;996.6522000000023;991.6380999999994;991.1979999999994;998.5040000000083;996.6522000000023;997.9408000000114;996.6522000000023;995.0712000000003;995.0712000000003;995.0712000000003;995.0712000000003;990.7578999999994;995.0712000000003;991.1979999999994;996.6522000000023;
1137.999999999997;997.3776000000146;996.6522000000023;991.6380999999994;991.1979999999994;998.5040000000083;996.6522000000023;997.9408000000114;996.6522000000023;995.0712000000003;995.0712000000003;995.0712000000003;995.0712000000003;990.7578999999994;995.0712000000003;991.1979999999994;996.6522000000023;
1138.999999999997;997.3776000000146;996.6522000000023;991.6380999999994;991.1979999999994;998.5040000000083;996.6522000000023;997.9408000000114;996.6522000000023;995.0712000000003;995.0712000000003;995.0712000000003;995.0712000000003;990.7578999999994;995.0712000000003;991.1979999999994;996.6522000000023;
1139.9291893633617;997.3776000000146;996.6522000000023;991.6380999999994;991.1979999999994;998.5040000000083;996.6521000000023;997.9408000000114;996.6522000000023;995.0712000000003;995.0712000000003;995.0712000000003;995.0712000000003;990.7578999999994;995.0712000000003;991.1979999999994;996.6522000000023;
1139.9291893633617;997.3776000000146;996.6522000000023;991.6380999999994;991.1979999999994;998.5040000000083;996.5641000000023;997.9408000000114;996.6522000000023;995.0712000000003;995.0712000000003;995.0712000000003;995.0712000000003;990.7578999999994;995.0712000000003;991.1979999999994;996.6522000000023;
1139.9345053633617;997.3688000000146;996.6522000000023;991.6380999999994;991.1979999999994;998.5040000000083;996.5641000000023;997.9408000000114;996.6522000000023;995.0712000000003;995.0712000000003;995.0712000000003;995.0712000000003;990.7578999999994;995.0712000000003;991.1979999999994;996.6522000000023;
1139.9345053633617;997.3600000000147;996.6522000000023;991.6380999999994;991.1979999999994;998.5040000000083;996.5641000000023;997.9408000000114;996.6522000000023;995.0712000000003;995.0712000000003;995.0712000000003;995.0712000000003;990.7578999999994;995.0712000000003;991.1979999999994;996.6522000000023;
1139.9398213633617;997.3600000000147;996.6522000000023;991.6380999999994;991.1979999999994;998.5040000000083;996.5641000000023;997.9320000000115;996.6522000000023;995.0712000000003;995.0712000000003;995.0712000000003;995.0712000000003;990.7578999999994;995.0712000000003;991.1979999999994;996.6522000000023;
1139.942707096479;997.3600000000147;996.6522000000023;991.6379999999995;991.1979999999994;998.5040000000083;996.5641000000023;997.9320000000115;996.6522000000023;995.0712000000003;995.0712000000003;995.0712000000003;995.0712000000003;990.7578999999994;995.0712000000003;991.1979999999994;996.6522000000023;
1139.942707096479;997.3600000000147;996.6522000000023;991.1979999999994;991.1979999999994;998.5040000000083;996.5641000000023;997.9320000000115;996.6522000000023;995.0712000000003;995.0712000000003;995.0712000000003;995.0712000000003;990.7578999999994;995.0712000000003;991.1979999999994;996.6522000000023;
1139.948023096479;997.3512000000147;996.6522000000023;991.1979999999994;991.1979999999994;998.5040000000083;996.5641000000023;997.9320000000115;996.6522000000023;995.0712000000003;995.0712000000003;995.0712000000003;995.0712000000003;990.7578999999994;995.0712000000003;991.1979999999994;996.6522000000023;
1139.9811460457188;997.3512000000147;996.6522000000023;991.1979999999994;991.1979999999994;998.5040000000083;996.5641000000023;997.9320000000115;996.6521000000023;995.0712000000003;995.0712000000003;995.0712000000003;995.0712000000003;990.7578999999994;995.0712000000003;991.1979999999994;996.6522000000023;
1139.9811460457188;997.3512000000147;996.6522000000023;991.1979999999994;991.1979999999994;998.5040000000083;996.5641000000023;997.9320000000115;996.5641000000023;995.0712000000003;995.0712000000003;995.0712000000003;995.0712000000003;990.7578999999994;995.0712000000003;991.1979999999994;996.6522000000023;
1139.9834151618518;997.3512000000147;996.6522000000023;991.1979999999994;991.1979999999994;998.5040000000083;996.5641000000023;997.9320000000115;996.5641000000023;995.0712000000003;995.0712000000003;995.0712000000003;995.0712000000003;990.7577999999994;995.0712000000003;991.1979999999994;996.6522000000023;
1139.9834151618518;997.3512000000147;996.6522000000023;991.1979999999994;991.1979999999994;998.5040000000083;996.5641000000023;997.9320000000115;996.5641000000023;995.0712000000003;995.0712000000003;995.0712000000003;995.0712000000003;990.3177999999994;995.0712000000003;991.1979999999994;996.6522000000023;
1139.9864620457188;997.3424000000148;996.6522000000023;991.1979999999994;991.1979999999994;998.5040000000083;996.5641000000023;997.9320000000115;996.5641000000023;995.0712000000003;995.0712000000003;995.0712000000003;995.0712000000003;990.3177999999994;995.0712000000003;991.1979999999994;996.6522000000023;
1140.934528703215;997.3336000000148;996.5641000000023;991.1979999999994;991.1979999999994;998.4776000000085;996.5641000000023;997.9232000000115;996.5641000000023;995.0712000000003;995.0712000000003;995.0712000000003;995.0712000000003;990.3177999999994;995.0712000000003;990.7578999999994;996.5641000000023;
1141.934552043068;997.3248000000149;996.5641000000023;991.1979999999994;991.1979999999994;998.4688000000085;996.5641000000023;997.9056000000116;996.5641000000023;995.0712000000003;995.0712000000003;995.0712000000003;995.0712000000003;990.3177999999994;995.0712000000003;990.7578999999994;996.5641000000023;
1141.934552043068;997.3160000000149;996.5641000000023;991.1979999999994;991.1979999999994;998.4688000000085;996.5641000000023;997.9056000000116;996.5641000000023;995.0712000000003;995.0712000000003;995.0712000000003;995.0712000000003;990.3177999999994;995.0712000000003;990.7578999999994;996.5641000000023;
1142.9345753829211;997.3160000000149;996.5641000000023;991.1979999999994;991.1979999999994;998.4688000000085;996.5641000000023;997.8968000000117;996.5641000000023;995.0712000000003;995.0712000000003;995.0712000000003;995.0712000000003;990.3177999999994;995.0712000000003;990.7578999999994;996.5641000000023;
1143.9345987227744;997.307200000015;996.5641000000023;991.1979999999994;991.1979999999994;998.4688000000085;996.5641000000023;997.8880000000117;996.5641000000023;995.0712000000003;995.0712000000003;995.0712000000003;995.0712000000003;990.3177999999994;995.0712000000003;990.7578999999994;996.5641000000023;
1143.999999999997;997.307200000015;996.5641000000023;991.1979999999994;991.1979999999994;998.4688000000085;996.5641000000023;997.8880000000117;996.5641000000023;995.0712000000003;995.0712000000003;995.0712000000003;995.0712000000003;990.3177999999994;995.0712000000003;990.7578999999994;996.5641000000023;
1144.999999999997;997.307200000015;996.5641000000023;991.1979999999994;991.1979999999994;998.4688000000085;996.5641000000023;997.8880000000117;996.5641000000023;995.0712000000003;995.0712000000003;995.0712000000003;995.0712000000003;990.3177999999994;995.0712000000003;990.7578999999994;996.5641000000023;
1145.999999999997;997.307200000015;996.5641000000023;991.1979999999994;991.1979999999994;998.4688000000085;996.5641000000023;997.8880000000117;996.5641000000023;995.0712000000003;995.0712000000003;995.0712000000003;995.0712000000003;990.3177999999994;995.0712000000003;990.7578999999994;996.5641000000023;
1146.999999999997;997.307200000015;996.5641000000023;991.1979999999994;991.1979999999994;998.4688000000085;996.5641000000023;997.8880000000117;996.5641000000023;995.0712000000003;995.0712000000003;995.0712000000003;995.0712000000003;990.3177999999994;995.0712000000003;990.7578999999994;996.5641000000023;
1147.999999999997;997.307200000015;996.5641000000023;991.1979999999994;991.1979999999994;998.4688000000085;996.5641000000023;997.8880000000117;996.5641000000023;995.0712000000003;995.0712000000003;995.0712000000003;995.0712000000003;990.3177999999994;995.0712000000003;990.7578999999994;996.5641000000023;
1148.999999999997;997.307200000015;996.5641000000023;991.1979999999994;991.1979999999994;998.4688000000085;996.5641000000023;997.8880000000117;996.5641000000023;995.0712000000003;995.0712000000003;995.0712000000003;995.0712000000003;990.3177999999994;995.0712000000003;990.7578999999994;996.5641000000023;
1149.999999999997;997.307200000015;996.5641000000023;991.1979999999994;991.1979999999994;998.4688000000085;996.5641000000023;997.8880000000117;996.5641000000023;995.0712000000003;995.0712000000003;995.0712000000003;995.0712000000003;990.3177999999994;995.0712000000003;990.7578999999994;996.5641000000023;
1150.999999999997;997.307200000015;996.5641000000023;991.1979999999994;991.1979999999994;998.4688000000085;996.5641000000023;997.8880000000117;996.5641000000023;995.0712000000003;995.0712000000003;995.0712000000003;995.0712000000003;990.3177999999994;995.0712000000003;990.7578999999994;996.5641000000023;
1151.999999999997;997.307200000015;996.5641000000023;991.1979999999994;991.1979999999994;998.4688000000085;996.5641000000023;997.8880000000117;996.5641000000023;995.0712000000003;995.0712000000003;995.0712000000003;995.0712000000003;990.3177999999994;995.0712000000003;990.7578999999994;996.5641000000023;
1152.999999999997;997.307200000015;996.5641000000023;991.1979999999994;991.1979999999994;998.4688000000085;996.5641000000023;997.8880000000117;996.5641000000023;995.0712000000003;995.0712000000003;995.0712000000003;995.0712000000003;990.3177999999994;995.0712000000003;990.7578999999994;996.5641000000023;
1153.999999999997;997.307200000015;996.5641000000023;991.1979999999994;991.1979999999994;998.4688000000085;996.5641000000023;997.8880000000117;996.5641000000023;995.0712000000003;995.0712000000003;995.0712000000003;995.0712000000003;990.3177999999994;995.0712000000003;990.7578999999994;996.5641000000023;
1154.999999999997;997.307200000015;996.5641000000023;991.1979999999994;991.1979999999994;998.4688000000085;996.5641000000023;997.8880000000117;996.5641000000023;995.0712000000003;995.0712000000003;995.0712000000003;995.0712000000003;990.3177999999994;995.0712000000003;990.7578999999994;996.5641000000023;
1155.999999999997;997.307200000015;996.5641000000023;991.1979999999994;991.1979999999994;998.4688000000085;996.5641000000023;997.8880000000117;996.5641000000023;995.0712000000003;995.0712000000003;995.0712000000003;995.0712000000003;990.3177999999994;995.0712000000003;990.7578999999994;996.5641000000023;
1156.999999999997;997.307200000015;996.5641000000023;991.1979999999994;991.1979999999994;998.4688000000085;996.5641000000023;997.8880000000117;996.5641000000023;995.0712000000003;995.0712000000003;995.0712000000003;995.0712000000003;990.3177999999994;995.0712000000003;990.7578999999994;996.5641000000023;
1157.999999999997;997.307200000015;996.5641000000023;991.1979999999994;991.1979999999994;998.4688000000085;996.5641000000023;997.8880000000117;996.5641000000023;995.0712000000003;995.0712000000003;995.0712000000003;995.0712000000003;990.3177999999994;995.0712000000003;990.7578999999994;996.5641000000023;
1158.999999999997;997.307200000015;996.5641000000023;991.1979999999994;991.1979999999994;998.4688000000085;996.5641000000023;997.8880000000117;996.5641000000023;995.0712000000003;995.0712000000003;995.0712000000003;995.0712000000003;990.3177999999994;995.0712000000003;990.7578999999994;996.5641000000023;
1159.999999999997;997.307200000015;996.5641000000023;991.1979999999994;991.1979999999994;998.4688000000085;996.5641000000023;997.8880000000117;996.5641000000023;995.0712000000003;995.0712000000003;995.0712000000003;995.0712000000003;990.3177999999994;995.0712000000003;990.7578999999994;996.5641000000023;
1160.999999999997;997.307200000015;996.5641000000023;991.1979999999994;991.1979999999994;998.4688000000085;996.5641000000023;997.8880000000117;996.5641000000023;995.0712000000003;995.0712000000003;995.0712000000003;995.0712000000003;990.3177999999994;995.0712000000003;990.7578999999994;996.5641000000023;
1161.999999999997;997.307200000015;996.5641000000023;991.1979999999994;991.1979999999994;998.4688000000085;996.5641000000023;997.8880000000117;996.5641000000023;995.0712000000003;995.0712000000003;995.0712000000003;995.0712000000003;990.3177999999994;995.0712000000003;990.7578999999994;996.5641000000023;
1162.999999999997;997.307200000015;996.5641000000023;991.1979999999994;991.1979999999994;998.4688000000085;996.5641000000023;997.8880000000117;996.5641000000023;995.0712000000003;995.0712000000003;995.0712000000003;995.0712000000003;990.3177999999994;995.0712000000003;990.7578999999994;996.5641000000023;
1163.999999999997;997.307200000015;996.5641000000023;991.1979999999994;991.1979999999994;998.4688000000085;996.5641000000023;997.8880000000117;996.5641000000023;995.0712000000003;995.0712000000003;995.0712000000003;995.0712000000003;990.3177999999994;995.0712000000003;990.7578999999994;996.5641000000023;
1164.999999999997;997.307200000015;996.5641000000023;991.1979999999994;991.1979999999994;998.4688000000085;996.5641000000023;997.8880000000117;996.5641000000023;995.0712000000003;995.0712000000003;995.0712000000003;995.0712000000003;990.3177999999994;995.0712000000003;990.7578999999994;996.5641000000023;
1165.999999999997;997.307200000015;996.5641000000023;991.1979999999994;991.1979999999994;998.4688000000085;996.5641000000023;997.8880000000117;996.5641000000023;995.0712000000003;995.0712000000003;995.0712000000003;995.0712000000003;990.3177999999994;995.0712000000003;990.7578999999994;996.5641000000023;
1166.999999999997;997.307200000015;996.5641000000023;991.1979999999994;991.1979999999994;998.4688000000085;996.5641000000023;997.8880000000117;996.5641000000023;995.0712000000003;995.0712000000003;995.0712000000003;995.0712000000003;990.3177999999994;995.0712000000003;990.7578999999994;996.5641000000023;
1167.999999999997;997.307200000015;996.5641000000023;991.1979999999994;991.1979999999994;998.4688000000085;996.5641000000023;997.8880000000117;996.5641000000023;995.0712000000003;995.0712000000003;995.0712000000003;995.0712000000003;990.3177999999994;995.0712000000003;990.7578999999994;996.5641000000023;
1168.999999999997;997.307200000015;996.5641000000023;991.1979999999994;991.1979999999994;998.4688000000085;996.5641000000023;997.8880000000117;996.5641000000023;995.0712000000003;995.0712000000003;995.0712000000003;995.0712000000003;990.3177999999994;995.0712000000003;990.7578999999994;996.5641000000023;
1169.9272950532181;997.307200000015;996.5641000000023;991.1979999999994;991.1979999999994;998.4688000000085;996.5640000000024;997.8880000000117;996.5641000000023;995.0712000000003;995.0712000000003;995.0712000000003;995.0712000000003;990.3177999999994;995.0712000000003;990.7578999999994;996.5641000000023;
1169.9272950532181;997.307200000015;996.5641000000023;991.1979999999994;991.1979999999994;998.4688000000085;996.4760000000024;997.8880000000117;996.5641000000023;995.0712000000003;995.0712000000003;995.0712000000003;995.0712000000003;990.3177999999994;995.0712000000003;990.7578999999994;996.5641000000023;
1169.9326110532181;997.298400000015;996.5641000000023;991.1979999999994;991.1979999999994;998.4688000000085;996.4760000000024;997.8880000000117;996.5641000000023;995.0712000000003;995.0712000000003;995.0712000000003;995.0712000000003;990.3177999999994;995.0712000000003;990.7578999999994;996.5641000000023;
1169.9326110532181;997.2896000000151;996.5641000000023;991.1979999999994;991.1979999999994;998.4688000000085;996.4760000000024;997.8880000000117;996.5641000000023;995.0712000000003;995.0712000000003;995.0712000000003;995.0712000000003;990.3177999999994;995.0712000000003;990.7578999999994;996.5641000000023;
1169.9379270532181;997.2896000000151;996.5641000000023;991.1979999999994;991.1979999999994;998.4688000000085;996.4760000000024;997.8792000000118;996.5641000000023;995.0712000000003;995.0712000000003;995.0712000000003;995.0712000000003;990.3177999999994;995.0712000000003;990.7578999999994;996.5641000000023;
1169.9761291726024;997.2896000000151;996.5641000000023;991.1979999999994;991.1978999999994;998.4688000000085;996.4760000000024;997.8792000000118;996.5641000000023;995.0712000000003;995.0712000000003;995.0712000000003;995.0712000000003;990.3177999999994;995.0712000000003;990.7578999999994;996.5641000000023;
1169.9761291726024;997.2896000000151;996.5641000000023;991.1979999999994;990.7578999999994;998.4688000000085;996.4760000000024;997.8792000000118;996.5641000000023;995.0712000000003;995.0712000000003;995.0712000000003;995.0712000000003;990.3177999999994;995.0712000000003;990.7578999999994;996.5641000000023;
1169.9806299673792;997.2896000000151;996.5641000000023;991.1979999999994;990.7578999999994;998.4688000000085;996.4760000000024;997.8792000000118;996.5640000000024;995.0712000000003;995.0712000000003;995.0712000000003;995.0712000000003;990.3177999999994;995.0712000000003;990.7578999999994;996.5641000000023;
1169.9806299673792;997.2896000000151;996.5641000000023;991.1979999999994;990.7578999999994;998.4688000000085;996.4760000000024;997.8792000000118;996.4760000000024;995.0712000000003;995.0712000000003;995.0712000000003;995.0712000000003;990.3177999999994;995.0712000000003;990.7578999999994;996.5641000000023;
1169.9814451726024;997.2896000000151;996.5641000000023;991.1979999999994;990.7578999999994;998.4600000000086;996.4760000000024;997.8792000000118;996.4760000000024;995.0712000000003;995.0712000000003;995.0712000000003;995.0712000000003;990.3177999999994;995.0712000000003;990.7578999999994;996.5641000000023;
1169.9814451726024;997.2896000000151;996.5641000000023;991.1979999999994;990.7578999999994;998.4512000000086;996.4760000000024;997.8792000000118;996.4760000000024;995.0712000000003;995.0712000000003;995.0712000000003;995.0712000000003;990.3177999999994;995.0712000000003;990.7578999999994;996.5641000000023;
1169.9859459673792;997.2808000000151;996.5641000000023;991.1979999999994;990.7578999999994;998.4512000000086;996.4760000000024;997.8792000000118;996.4760000000024;995.0712000000003;995.0712000000003;995.0712000000003;995.0712000000003;990.3177999999994;995.0712000000003;990.7578999999994;996.5641000000023;
1170.9326343930713;997.2720000000152;996.4760000000024;991.1979999999994;990.7578999999994;998.4512000000086;996.4760000000024;997.8704000000118;996.4760000000024;995.0712000000003;995.0712000000003;995.0712000000003;995.0712000000003;990.3177999999994;995.0712000000003;990.7578999999994;996.4760000000024;
1171.9326577329246;997.2632000000152;996.4760000000024;991.1979999999994;990.7578999999994;998.4512000000086;996.4760000000024;997.8616000000119;996.4760000000024;995.0712000000003;995.0712000000003;995.0712000000003;995.0712000000003;990.3177999999994;995.0712000000003;990.7578999999994;996.4760000000024;
1171.9326577329246;997.2544000000153;996.4760000000024;991.1979999999994;990.7578999999994;998.4512000000086;996.4760000000024;997.8616000000119;996.4760000000024;995.0712000000003;995.0712000000003;995.0712000000003;995.0712000000003;990.3177999999994;995.0712000000003;990.7578999999994;996.4760000000024;
1172.9326810727778;997.2544000000153;996.4760000000024;991.1979999999994;990.7578999999994;998.4512000000086;996.4760000000024;997.8528000000119;996.4760000000024;995.0712000000003;995.0712000000003;995.0712000000003;995.0712000000003;990.3177999999994;995.0712000000003;990.7578999999994;996.4760000000024;
1173.9999999999973;997.2544000000153;996.4760000000024;991.1979999999994;990.7578999999994;998.4512000000086;996.4760000000024;997.8528000000119;996.4760000000024;995.0712000000003;995.0712000000003;995.0712000000003;995.0712000000003;990.3177999999994;995.0712000000003;990.7578999999994;996.4760000000024;
1174.9999999999973;997.2544000000153;996.4760000000024;991.1979999999994;990.7578999999994;998.4512000000086;996.4760000000024;997.8528000000119;996.4760000000024;995.0712000000003;995.0712000000003;995.0712000000003;995.0712000000003;990.3177999999994;995.0712000000003;990.7578999999994;996.4760000000024;
1175.9999999999973;997.2544000000153;996.4760000000024;991.1979999999994;990.7578999999994;998.4512000000086;996.4760000000024;997.8528000000119;996.4760000000024;995.0712000000003;995.0712000000003;995.0712000000003;995.0712000000003;990.3177999999994;995.0712000000003;990.7578999999994;996.4760000000024;
1176.9999999999973;997.2544000000153;996.4760000000024;991.1979999999994;990.7578999999994;998.4512000000086;996.4760000000024;997.8528000000119;996.4760000000024;995.0712000000003;995.0712000000003;995.0712000000003;995.0712000000003;990.3177999999994;995.0712000000003;990.7578999999994;996.4760000000024;
1177.9999999999973;997.2544000000153;996.4760000000024;991.1979999999994;990.7578999999994;998.4512000000086;996.4760000000024;997.8528000000119;996.4760000000024;995.0712000000003;995.0712000000003;995.0712000000003;995.0712000000003;990.3177999999994;995.0712000000003;990.7578999999994;996.4760000000024;
1178.9999999999973;997.2544000000153;996.4760000000024;991.1979999999994;990.7578999999994;998.4512000000086;996.4760000000024;997.8528000000119;996.4760000000024;995.0712000000003;995.0712000000003;995.0712000000003;995.0712000000003;990.3177999999994;995.0712000000003;990.7578999999994;996.4760000000024;
1179.9999999999973;997.2544000000153;996.4760000000024;991.1979999999994;990.7578999999994;998.4512000000086;996.4760000000024;997.8528000000119;996.4760000000024;995.0712000000003;995.0712000000003;995.0712000000003;995.0712000000003;990.3177999999994;995.0712000000003;990.7578999999994;996.4760000000024;
1180.9999999999973;997.2544000000153;996.4760000000024;991.1979999999994;990.7578999999994;998.4512000000086;996.4760000000024;997.8528000000119;996.4760000000024;995.0712000000003;995.0712000000003;995.0712000000003;995.0712000000003;990.3177999999994;995.0712000000003;990.7578999999994;996.4760000000024;
1181.9999999999973;997.2544000000153;996.4760000000024;991.1979999999994;990.7578999999994;998.4512000000086;996.4760000000024;997.8528000000119;996.4760000000024;995.0712000000003;995.0712000000003;995.0712000000003;995.0712000000003;990.3177999999994;995.0712000000003;990.7578999999994;996.4760000000024;
1182.9999999999973;997.2544000000153;996.4760000000024;991.1979999999994;990.7578999999994;998.4512000000086;996.4760000000024;997.8528000000119;996.4760000000024;995.0712000000003;995.0712000000003;995.0712000000003;995.0712000000003;990.3177999999994;995.0712000000003;990.7578999999994;996.4760000000024;
1183.9999999999973;997.2544000000153;996.4760000000024;991.1979999999994;990.7578999999994;998.4512000000086;996.4760000000024;997.8528000000119;996.4760000000024;995.0712000000003;995.0712000000003;995.0712000000003;995.0712000000003;990.3177999999994;995.0712000000003;990.7578999999994;996.4760000000024;
1184.9999999999973;997.2544000000153;996.4760000000024;991.1979999999994;990.7578999999994;998.4512000000086;996.4760000000024;997.8528000000119;996.4760000000024;995.0712000000003;995.0712000000003;995.0712000000003;995.0712000000003;990.3177999999994;995.0712000000003;990.7578999999994;996.4760000000024;
1185.9999999999973;997.2544000000153;996.4760000000024;991.1979999999994;990.7578999999994;998.4512000000086;996.4760000000024;997.8528000000119;996.4760000000024;995.0712000000003;995.0712000000003;995.0712000000003;995.0712000000003;990.3177999999994;995.0712000000003;990.7578999999994;996.4760000000024;
1186.9999999999973;997.2544000000153;996.4760000000024;991.1979999999994;990.7578999999994;998.4512000000086;996.4760000000024;997.8528000000119;996.4760000000024;995.0712000000003;995.0712000000003;995.0712000000003;995.0712000000003;990.3177999999994;995.0712000000003;990.7578999999994;996.4760000000024;
1187.9999999999973;997.2544000000153;996.4760000000024;991.1979999999994;990.7578999999994;998.4512000000086;996.4760000000024;997.8528000000119;996.4760000000024;995.0712000000003;995.0712000000003;995.0712000000003;995.0712000000003;990.3177999999994;995.0712000000003;990.7578999999994;996.4760000000024;
1188.9999999999973;997.2544000000153;996.4760000000024;991.1979999999994;990.7578999999994;998.4512000000086;996.4760000000024;997.8528000000119;996.4760000000024;995.0712000000003;995.0712000000003;995.0712000000003;995.0712000000003;990.3177999999994;995.0712000000003;990.7578999999994;996.4760000000024;
1189.9999999999973;997.2544000000153;996.4760000000024;991.1979999999994;990.7578999999994;998.4512000000086;996.4760000000024;997.8528000000119;996.4760000000024;995.0712000000003;995.0712000000003;995.0712000000003;995.0712000000003;990.3177999999994;995.0712000000003;990.7578999999994;996.4760000000024;
1190.9999999999973;997.2544000000153;996.4760000000024;991.1979999999994;990.7578999999994;998.4512000000086;996.4760000000024;997.8528000000119;996.4760000000024;995.0712000000003;995.0712000000003;995.0712000000003;995.0712000000003;990.3177999999994;995.0712000000003;990.7578999999994;996.4760000000024;
1191.9999999999973;997.2544000000153;996.4760000000024;991.1979999999994;990.7578999999994;998.4512000000086;996.4760000000024;997.8528000000119;996.4760000000024;995.0712000000003;995.0712000000003;995.0712000000003;995.0712000000003;990.3177999999994;995.0712000000003;990.7578999999994;996.4760000000024;
1192.9999999999973;997.2544000000153;996.4760000000024;991.1979999999994;990.7578999999994;998.4512000000086;996.4760000000024;997.8528000000119;996.4760000000024;995.0712000000003;995.0712000000003;995.0712000000003;995.0712000000003;990.3177999999994;995.0712000000003;990.7578999999994;996.4760000000024;
1193.9999999999973;997.2544000000153;996.4760000000024;991.1979999999994;990.7578999999994;998.4512000000086;996.4760000000024;997.8528000000119;996.4760000000024;995.0712000000003;995.0712000000003;995.0712000000003;995.0712000000003;990.3177999999994;995.0712000000003;990.7578999999994;996.4760000000024;
1194.9999999999973;997.2544000000153;996.4760000000024;991.1979999999994;990.7578999999994;998.4512000000086;996.4760000000024;997.8528000000119;996.4760000000024;995.0712000000003;995.0712000000003;995.0712000000003;995.0712000000003;990.3177999999994;995.0712000000003;990.7578999999994;996.4760000000024;
1195.9999999999973;997.2544000000153;996.4760000000024;991.1979999999994;990.7578999999994;998.4512000000086;996.4760000000024;997.8528000000119;996.4760000000024;995.0712000000003;995.0712000000003;995.0712000000003;995.0712000000003;990.3177999999994;995.0712000000003;990.7578999999994;996.4760000000024;
1196.9999999999973;997.2544000000153;996.4760000000024;991.1979999999994;990.7578999999994;998.4512000000086;996.4760000000024;997.8528000000119;996.4760000000024;995.0712000000003;995.0712000000003;995.0712000000003;995.0712000000003;990.3177999999994;995.0712000000003;990.7578999999994;996.4760000000024;
1197.9999999999973;997.2544000000153;996.4760000000024;991.1979999999994;990.7578999999994;998.4512000000086;996.4760000000024;997.8528000000119;996.4760000000024;995.0712000000003;995.0712000000003;995.0712000000003;995.0712000000003;990.3177999999994;995.0712000000003;990.7578999999994;996.4760000000024;
1198.9999999999973;997.2544000000153;996.4760000000024;991.1979999999994;990.7578999999994;998.4512000000086;996.4760000000024;997.8528000000119;996.4760000000024;995.0712000000003;995.0712000000003;995.0712000000003;995.0712000000003;990.3177999999994;995.0712000000003;990.7578999999994;996.4760000000024;
1199.9254007430745;997.2544000000153;996.4760000000024;991.1979999999994;990.7578999999994;998.4512000000086;996.4759000000024;997.8528000000119;996.4760000000024;995.0712000000003;995.0712000000003;995.0712000000003;995.0712000000003;990.3177999999994;995.0712000000003;990.7578999999994;996.4760000000024;
1199.9254007430745;997.2544000000153;996.4760000000024;991.1979999999994;990.7578999999994;998.4512000000086;996.3879000000024;997.8528000000119;996.4760000000024;995.0712000000003;995.0712000000003;995.0712000000003;995.0712000000003;990.3177999999994;995.0712000000003;990.7578999999994;996.4760000000024;
1199.9307167430745;997.2456000000153;996.4760000000024;991.1979999999994;990.7578999999994;998.4512000000086;996.3879000000024;997.8528000000119;996.4760000000024;995.0712000000003;995.0712000000003;995.0712000000003;995.0712000000003;990.3177999999994;995.0712000000003;990.7578999999994;996.4760000000024;
1199.9307167430745;997.2368000000154;996.4760000000024;991.1979999999994;990.7578999999994;998.4512000000086;996.3879000000024;997.8528000000119;996.4760000000024;995.0712000000003;995.0712000000003;995.0712000000003;995.0712000000003;990.3177999999994;995.0712000000003;990.7578999999994;996.4760000000024;
1199.9360327430745;997.2368000000154;996.4760000000024;991.1979999999994;990.7578999999994;998.4512000000086;996.3879000000024;997.844000000012;996.4760000000024;995.0712000000003;995.0712000000003;995.0712000000003;995.0712000000003;990.3177999999994;995.0712000000003;990.7578999999994;996.4760000000024;
1199.9393624200102;997.2368000000154;996.4760000000024;991.1978999999994;990.7578999999994;998.4512000000086;996.3879000000024;997.844000000012;996.4760000000024;995.0712000000003;995.0712000000003;995.0712000000003;995.0712000000003;990.3177999999994;995.0712000000003;990.7578999999994;996.4760000000024;
1199.9393624200102;997.2368000000154;996.4760000000024;990.7578999999994;990.7578999999994;998.4512000000086;996.3879000000024;997.844000000012;996.4760000000024;995.0712000000003;995.0712000000003;995.0712000000003;995.0712000000003;990.3177999999994;995.0712000000003;990.7578999999994;996.4760000000024;
1199.9446784200102;997.2280000000154;996.4760000000024;990.7578999999994;990.7578999999994;998.4512000000086;996.3879000000024;997.844000000012;996.4760000000024;995.0712000000003;995.0712000000003;995.0712000000003;995.0712000000003;990.3177999999994;995.0712000000003;990.7578999999994;996.4760000000024;
1199.9749569397698;997.2280000000154;996.4760000000024;990.7578999999994;990.7578999999994;998.4512000000086;996.3879000000024;997.844000000012;996.4760000000024;995.0711000000003;995.0712000000003;995.0712000000003;995.0712000000003;990.3177999999994;995.0712000000003;990.7578999999994;996.4760000000024;
1199.9749569397698;997.2280000000154;996.4760000000024;990.7578999999994;990.7578999999994;998.4512000000086;996.3879000000024;997.844000000012;996.4760000000024;994.4551000000004;995.0712000000003;995.0712000000003;995.0712000000003;990.3177999999994;995.0712000000003;990.7578999999994;996.4760000000024;
1199.9801138890396;997.2280000000154;996.4760000000024;990.7578999999994;990.7578999999994;998.4512000000086;996.3879000000024;997.844000000012;996.4759000000024;994.4551000000004;995.0712000000003;995.0712000000003;995.0712000000003;990.3177999999994;995.0712000000003;990.7578999999994;996.4760000000024;
1199.9801138890396;997.2280000000154;996.4760000000024;990.7578999999994;990.7578999999994;998.4512000000086;996.3879000000024;997.844000000012;996.3879000000024;994.4551000000004;995.0712000000003;995.0712000000003;995.0712000000003;990.3177999999994;995.0712000000003;990.7578999999994;996.4760000000024;
1199.9802729397697;997.2192000000155;996.4760000000024;990.7578999999994;990.7578999999994;998.4512000000086;996.3879000000024;997.844000000012;996.3879000000024;994.4551000000004;995.0712000000003;995.0712000000003;995.0712000000003;990.3177999999994;995.0712000000003;990.7578999999994;996.4760000000024;
1200.9307400829273;997.1928000000156;996.3879000000024;990.7578999999994;990.7578999999994;998.3984000000089;996.3879000000024;997.835200000012;996.3879000000024;994.4551000000004;994.4551000000004;994.4551000000004;994.4551000000004;989.8776999999993;994.4551000000004;990.3177999999994;996.3879000000024;
1201.9307634227805;997.1840000000157;996.3879000000024;990.7578999999994;990.7578999999994;998.389600000009;996.3879000000024;997.8176000000121;996.3879000000024;994.4551000000004;994.4551000000004;994.4551000000004;994.4551000000004;989.8776999999993;994.4551000000004;990.3177999999994;996.3879000000024;
1201.9307634227805;997.1752000000157;996.3879000000024;990.7578999999994;990.7578999999994;998.389600000009;996.3879000000024;997.8176000000121;996.3879000000024;994.4551000000004;994.4551000000004;994.4551000000004;994.4551000000004;989.8776999999993;994.4551000000004;990.3177999999994;996.3879000000024;
1202.9307867626335;997.1752000000157;996.3879000000024;990.7578999999994;990.7578999999994;998.380800000009;996.3879000000024;997.8000000000122;996.3879000000024;994.4551000000004;994.4551000000004;994.4551000000004;994.4551000000004;989.8776999999993;994.4551000000004;990.3177999999994;996.3879000000024;
1203.9308101024865;997.1664000000158;996.3879000000024;990.7578999999994;990.7578999999994;998.372000000009;996.3879000000024;997.7824000000123;996.3879000000024;994.4551000000004;994.4551000000004;994.4551000000004;994.4551000000004;989.8776999999993;994.4551000000004;990.3177999999994;996.3879000000024;
1204.9308334423397;997.1576000000158;996.3879000000024;990.7578999999994;990.7578999999994;998.3632000000091;996.3879000000024;997.7648000000124;996.3879000000024;994.4551000000004;994.4551000000004;994.4551000000004;994.4551000000004;989.8776999999993;994.4551000000004;990.3177999999994;996.3879000000024;
1204.9308334423397;997.1488000000159;996.3879000000024;990.7578999999994;990.7578999999994;998.3632000000091;996.3879000000024;997.7648000000124;996.3879000000024;994.4551000000004;994.4551000000004;994.4551000000004;994.4551000000004;989.8776999999993;994.4551000000004;990.3177999999994;996.3879000000024;
1205.9308567821927;997.1488000000159;996.3879000000024;990.7578999999994;990.7578999999994;998.3632000000091;996.3879000000024;997.7560000000125;996.3879000000024;994.4551000000004;994.4551000000004;994.4551000000004;994.4551000000004;989.8776999999993;994.4551000000004;990.3177999999994;996.3879000000024;
1206.9999999999966;997.1488000000159;996.3879000000024;990.7578999999994;990.7578999999994;998.3632000000091;996.3879000000024;997.7560000000125;996.3879000000024;994.4551000000004;994.4551000000004;994.4551000000004;994.4551000000004;989.8776999999993;994.4551000000004;990.3177999999994;996.3879000000024;
1207.9999999999966;997.1488000000159;996.3879000000024;990.7578999999994;990.7578999999994;998.3632000000091;996.3879000000024;997.7560000000125;996.3879000000024;994.4551000000004;994.4551000000004;994.4551000000004;994.4551000000004;989.8776999999993;994.4551000000004;990.3177999999994;996.3879000000024;
1208.9999999999966;997.1488000000159;996.3879000000024;990.7578999999994;990.7578999999994;998.3632000000091;996.3879000000024;997.7560000000125;996.3879000000024;994.4551000000004;994.4551000000004;994.4551000000004;994.4551000000004;989.8776999999993;994.4551000000004;990.3177999999994;996.3879000000024;
1209.9999999999966;997.1488000000159;996.3879000000024;990.7578999999994;990.7578999999994;998.3632000000091;996.3879000000024;997.7560000000125;996.3879000000024;994.4551000000004;994.4551000000004;994.4551000000004;994.4551000000004;989.8776999999993;994.4551000000004;990.3177999999994;996.3879000000024;
1210.9999999999966;997.1488000000159;996.3879000000024;990.7578999999994;990.7578999999994;998.3632000000091;996.3879000000024;997.7560000000125;996.3879000000024;994.4551000000004;994.4551000000004;994.4551000000004;994.4551000000004;989.8776999999993;994.4551000000004;990.3177999999994;996.3879000000024;
1211.9999999999966;997.1488000000159;996.3879000000024;990.7578999999994;990.7578999999994;998.3632000000091;996.3879000000024;997.7560000000125;996.3879000000024;994.4551000000004;994.4551000000004;994.4551000000004;994.4551000000004;989.8776999999993;994.4551000000004;990.3177999999994;996.3879000000024;
1212.9999999999966;997.1488000000159;996.3879000000024;990.7578999999994;990.7578999999994;998.3632000000091;996.3879000000024;997.7560000000125;996.3879000000024;994.4551000000004;994.4551000000004;994.4551000000004;994.4551000000004;989.8776999999993;994.4551000000004;990.3177999999994;996.3879000000024;
1213.9999999999966;997.1488000000159;996.3879000000024;990.7578999999994;990.7578999999994;998.3632000000091;996.3879000000024;997.7560000000125;996.3879000000024;994.4551000000004;994.4551000000004;994.4551000000004;994.4551000000004;989.8776999999993;994.4551000000004;990.3177999999994;996.3879000000024;
1214.9999999999966;997.1488000000159;996.3879000000024;990.7578999999994;990.7578999999994;998.3632000000091;996.3879000000024;997.7560000000125;996.3879000000024;994.4551000000004;994.4551000000004;994.4551000000004;994.4551000000004;989.8776999999993;994.4551000000004;990.3177999999994;996.3879000000024;
1215.9999999999966;997.1488000000159;996.3879000000024;990.7578999999994;990.7578999999994;998.3632000000091;996.3879000000024;997.7560000000125;996.3879000000024;994.4551000000004;994.4551000000004;994.4551000000004;994.4551000000004;989.8776999999993;994.4551000000004;990.3177999999994;996.3879000000024;
1216.9999999999966;997.1488000000159;996.3879000000024;990.7578999999994;990.7578999999994;998.3632000000091;996.3879000000024;997.7560000000125;996.3879000000024;994.4551000000004;994.4551000000004;994.4551000000004;994.4551000000004;989.8776999999993;994.4551000000004;990.3177999999994;996.3879000000024;
1217.9999999999966;997.1488000000159;996.3879000000024;990.7578999999994;990.7578999999994;998.3632000000091;996.3879000000024;997.7560000000125;996.3879000000024;994.4551000000004;994.4551000000004;994.4551000000004;994.4551000000004;989.8776999999993;994.4551000000004;990.3177999999994;996.3879000000024;
1218.9999999999966;997.1488000000159;996.3879000000024;990.7578999999994;990.7578999999994;998.3632000000091;996.3879000000024;997.7560000000125;996.3879000000024;994.4551000000004;994.4551000000004;994.4551000000004;994.4551000000004;989.8776999999993;994.4551000000004;990.3177999999994;996.3879000000024;
1219.9999999999966;997.1488000000159;996.3879000000024;990.7578999999994;990.7578999999994;998.3632000000091;996.3879000000024;997.7560000000125;996.3879000000024;994.4551000000004;994.4551000000004;994.4551000000004;994.4551000000004;989.8776999999993;994.4551000000004;990.3177999999994;996.3879000000024;
1220.9999999999966;997.1488000000159;996.3879000000024;990.7578999999994;990.7578999999994;998.3632000000091;996.3879000000024;997.7560000000125;996.3879000000024;994.4551000000004;994.4551000000004;994.4551000000004;994.4551000000004;989.8776999999993;994.4551000000004;990.3177999999994;996.3879000000024;
1221.9999999999966;997.1488000000159;996.3879000000024;990.7578999999994;990.7578999999994;998.3632000000091;996.3879000000024;997.7560000000125;996.3879000000024;994.4551000000004;994.4551000000004;994.4551000000004;994.4551000000004;989.8776999999993;994.4551000000004;990.3177999999994;996.3879000000024;
1222.9999999999966;997.1488000000159;996.3879000000024;990.7578999999994;990.7578999999994;998.3632000000091;996.3879000000024;997.7560000000125;996.3879000000024;994.4551000000004;994.4551000000004;994.4551000000004;994.4551000000004;989.8776999999993;994.4551000000004;990.3177999999994;996.3879000000024;
1223.9999999999966;997.1488000000159;996.3879000000024;990.7578999999994;990.7578999999994;998.3632000000091;996.3879000000024;997.7560000000125;996.3879000000024;994.4551000000004;994.4551000000004;994.4551000000004;994.4551000000004;989.8776999999993;994.4551000000004;990.3177999999994;996.3879000000024;
1224.9999999999966;997.1488000000159;996.3879000000024;990.7578999999994;990.7578999999994;998.3632000000091;996.3879000000024;997.7560000000125;996.3879000000024;994.4551000000004;994.4551000000004;994.4551000000004;994.4551000000004;989.8776999999993;994.4551000000004;990.3177999999994;996.3879000000024;
1225.9999999999966;997.1488000000159;996.3879000000024;990.7578999999994;990.7578999999994;998.3632000000091;996.3879000000024;997.7560000000125;996.3879000000024;994.4551000000004;994.4551000000004;994.4551000000004;994.4551000000004;989.8776999999993;994.4551000000004;990.3177999999994;996.3879000000024;
1226.9999999999966;997.1488000000159;996.3879000000024;990.7578999999994;990.7578999999994;998.3632000000091;996.3879000000024;997.7560000000125;996.3879000000024;994.4551000000004;994.4551000000004;994.4551000000004;994.4551000000004;989.8776999999993;994.4551000000004;990.3177999999994;996.3879000000024;
1227.9999999999966;997.1488000000159;996.3879000000024;990.7578999999994;990.7578999999994;998.3632000000091;996.3879000000024;997.7560000000125;996.3879000000024;994.4551000000004;994.4551000000004;994.4551000000004;994.4551000000004;989.8776999999993;994.4551000000004;990.3177999999994;996.3879000000024;
1228.9999999999966;997.1488000000159;996.3879000000024;990.7578999999994;990.7578999999994;998.3632000000091;996.3879000000024;997.7560000000125;996.3879000000024;994.4551000000004;994.4551000000004;994.4551000000004;994.4551000000004;989.8776999999993;994.4551000000004;990.3177999999994;996.3879000000024;
1229.9235064329303;997.1488000000159;996.3879000000024;990.7578999999994;990.7578999999994;998.3632000000091;996.3878000000025;997.7560000000125;996.3879000000024;994.4551000000004;994.4551000000004;994.4551000000004;994.4551000000004;989.8776999999993;994.4551000000004;990.3177999999994;996.3879000000024;
1229.9235064329303;997.1488000000159;996.3879000000024;990.7578999999994;990.7578999999994;998.3632000000091;996.2998000000025;997.7560000000125;996.3879000000024;994.4551000000004;994.4551000000004;994.4551000000004;994.4551000000004;989.8776999999993;994.4551000000004;990.3177999999994;996.3879000000024;
1229.9288224329302;997.1400000000159;996.3879000000024;990.7578999999994;990.7578999999994;998.3632000000091;996.2998000000025;997.7560000000125;996.3879000000024;994.4551000000004;994.4551000000004;994.4551000000004;994.4551000000004;989.8776999999993;994.4551000000004;990.3177999999994;996.3879000000024;
1229.9288224329302;997.131200000016;996.3879000000024;990.7578999999994;990.7578999999994;998.3632000000091;996.2998000000025;997.7560000000125;996.3879000000024;994.4551000000004;994.4551000000004;994.4551000000004;994.4551000000004;989.8776999999993;994.4551000000004;990.3177999999994;996.3879000000024;
1229.9341384329302;997.131200000016;996.3879000000024;990.7578999999994;990.7578999999994;998.3632000000091;996.2998000000025;997.7472000000125;996.3879000000024;994.4551000000004;994.4551000000004;994.4551000000004;994.4551000000004;989.8776999999993;994.4551000000004;990.3177999999994;996.3879000000024;
1229.974892074903;997.131200000016;996.3879000000024;990.7578999999994;990.7577999999994;998.3632000000091;996.2998000000025;997.7472000000125;996.3879000000024;994.4551000000004;994.4551000000004;994.4551000000004;994.4551000000004;989.8776999999993;994.4551000000004;990.3177999999994;996.3879000000024;
1229.974892074903;997.131200000016;996.3879000000024;990.7578999999994;990.3177999999994;998.3632000000091;996.2998000000025;997.7472000000125;996.3879000000024;994.4551000000004;994.4551000000004;994.4551000000004;994.4551000000004;989.8776999999993;994.4551000000004;990.3177999999994;996.3879000000024;
1229.9795978106995;997.131200000016;996.3879000000024;990.7578999999994;990.3177999999994;998.3632000000091;996.2998000000025;997.7472000000125;996.3878000000025;994.4551000000004;994.4551000000004;994.4551000000004;994.4551000000004;989.8776999999993;994.4551000000004;990.3177999999994;996.3879000000024;
1229.9795978106995;997.131200000016;996.3879000000024;990.7578999999994;990.3177999999994;998.3632000000091;996.2998000000025;997.7472000000125;996.2998000000025;994.4551000000004;994.4551000000004;994.4551000000004;994.4551000000004;989.8776999999993;994.4551000000004;990.3177999999994;996.3879000000024;
1229.980208074903;997.131200000016;996.3879000000024;990.7578999999994;990.3177999999994;998.3544000000092;996.2998000000025;997.7472000000125;996.2998000000025;994.4551000000004;994.4551000000004;994.4551000000004;994.4551000000004;989.8776999999993;994.4551000000004;990.3177999999994;996.3879000000024;
1229.980208074903;997.131200000016;996.3879000000024;990.7578999999994;990.3177999999994;998.3456000000092;996.2998000000025;997.7472000000125;996.2998000000025;994.4551000000004;994.4551000000004;994.4551000000004;994.4551000000004;989.8776999999993;994.4551000000004;990.3177999999994;996.3879000000024;
1229.9819860350865;997.131200000016;996.3879000000024;990.7578999999994;990.3177999999994;998.3456000000092;996.2998000000025;997.7472000000125;996.2998000000025;994.4551000000004;994.4551000000004;994.4551000000004;994.4551000000004;989.8775999999993;994.4551000000004;990.3177999999994;996.3879000000024;
1230.9288457727835;997.113600000016;996.2998000000025;990.7578999999994;990.3177999999994;998.3368000000092;996.2998000000025;997.7384000000126;996.2998000000025;994.4551000000004;994.4551000000004;994.4551000000004;994.4551000000004;989.4375999999993;994.4551000000004;990.3177999999994;996.2998000000025;
1231.9288691126364;997.1048000000161;996.2998000000025;990.7578999999994;990.3177999999994;998.3280000000093;996.2998000000025;997.7208000000127;996.2998000000025;994.4551000000004;994.4551000000004;994.4551000000004;994.4551000000004;989.4375999999993;994.4551000000004;990.3177999999994;996.2998000000025;
1232.9288924524897;997.0960000000161;996.2998000000025;990.7578999999994;990.3177999999994;998.3280000000093;996.2998000000025;997.7120000000127;996.2998000000025;994.4551000000004;994.4551000000004;994.4551000000004;994.4551000000004;989.4375999999993;994.4551000000004;990.3177999999994;996.2998000000025;
1232.9999999999966;997.0960000000161;996.2998000000025;990.7578999999994;990.3177999999994;998.3280000000093;996.2998000000025;997.7120000000127;996.2998000000025;994.4551000000004;994.4551000000004;994.4551000000004;994.4551000000004;989.4375999999993;994.4551000000004;990.3177999999994;996.2998000000025;
1233.9999999999966;997.0960000000161;996.2998000000025;990.7578999999994;990.3177999999994;998.3280000000093;996.2998000000025;997.7120000000127;996.2998000000025;994.4551000000004;994.4551000000004;994.4551000000004;994.4551000000004;989.4375999999993;994.4551000000004;990.3177999999994;996.2998000000025;
1234.9999999999966;997.0960000000161;996.2998000000025;990.7578999999994;990.3177999999994;998.3280000000093;996.2998000000025;997.7120000000127;996.2998000000025;994.4551000000004;994.4551000000004;994.4551000000004;994.4551000000004;989.4375999999993;994.4551000000004;990.3177999999994;996.2998000000025;
1235.9999999999966;997.0960000000161;996.2998000000025;990.7578999999994;990.3177999999994;998.3280000000093;996.2998000000025;997.7120000000127;996.2998000000025;994.4551000000004;994.4551000000004;994.4551000000004;994.4551000000004;989.4375999999993;994.4551000000004;990.3177999999994;996.2998000000025;
1236.9999999999966;997.0960000000161;996.2998000000025;990.7578999999994;990.3177999999994;998.3280000000093;996.2998000000025;997.7120000000127;996.2998000000025;994.4551000000004;994.4551000000004;994.4551000000004;994.4551000000004;989.4375999999993;994.4551000000004;990.3177999999994;996.2998000000025;
1237.9999999999966;997.0960000000161;996.2998000000025;990.7578999999994;990.3177999999994;998.3280000000093;996.2998000000025;997.7120000000127;996.2998000000025;994.4551000000004;994.4551000000004;994.4551000000004;994.4551000000004;989.4375999999993;994.4551000000004;990.3177999999994;996.2998000000025;
1238.9999999999966;997.0960000000161;996.2998000000025;990.7578999999994;990.3177999999994;998.3280000000093;996.2998000000025;997.7120000000127;996.2998000000025;994.4551000000004;994.4551000000004;994.4551000000004;994.4551000000004;989.4375999999993;994.4551000000004;990.3177999999994;996.2998000000025;
1239.9999999999966;997.0960000000161;996.2998000000025;990.7578999999994;990.3177999999994;998.3280000000093;996.2998000000025;997.7120000000127;996.2998000000025;994.4551000000004;994.4551000000004;994.4551000000004;994.4551000000004;989.4375999999993;994.4551000000004;990.3177999999994;996.2998000000025;
1240.9999999999966;997.0960000000161;996.2998000000025;990.7578999999994;990.3177999999994;998.3280000000093;996.2998000000025;997.7120000000127;996.2998000000025;994.4551000000004;994.4551000000004;994.4551000000004;994.4551000000004;989.4375999999993;994.4551000000004;990.3177999999994;996.2998000000025;
1241.9999999999966;997.0960000000161;996.2998000000025;990.7578999999994;990.3177999999994;998.3280000000093;996.2998000000025;997.7120000000127;996.2998000000025;994.4551000000004;994.4551000000004;994.4551000000004;994.4551000000004;989.4375999999993;994.4551000000004;990.3177999999994;996.2998000000025;
1242.9999999999966;997.0960000000161;996.2998000000025;990.7578999999994;990.3177999999994;998.3280000000093;996.2998000000025;997.7120000000127;996.2998000000025;994.4551000000004;994.4551000000004;994.4551000000004;994.4551000000004;989.4375999999993;994.4551000000004;990.3177999999994;996.2998000000025;
1243.9999999999966;997.0960000000161;996.2998000000025;990.7578999999994;990.3177999999994;998.3280000000093;996.2998000000025;997.7120000000127;996.2998000000025;994.4551000000004;994.4551000000004;994.4551000000004;994.4551000000004;989.4375999999993;994.4551000000004;990.3177999999994;996.2998000000025;
1244.9999999999966;997.0960000000161;996.2998000000025;990.7578999999994;990.3177999999994;998.3280000000093;996.2998000000025;997.7120000000127;996.2998000000025;994.4551000000004;994.4551000000004;994.4551000000004;994.4551000000004;989.4375999999993;994.4551000000004;990.3177999999994;996.2998000000025;
1245.9999999999966;997.0960000000161;996.2998000000025;990.7578999999994;990.3177999999994;998.3280000000093;996.2998000000025;997.7120000000127;996.2998000000025;994.4551000000004;994.4551000000004;994.4551000000004;994.4551000000004;989.4375999999993;994.4551000000004;990.3177999999994;996.2998000000025;
1246.9999999999966;997.0960000000161;996.2998000000025;990.7578999999994;990.3177999999994;998.3280000000093;996.2998000000025;997.7120000000127;996.2998000000025;994.4551000000004;994.4551000000004;994.4551000000004;994.4551000000004;989.4375999999993;994.4551000000004;990.3177999999994;996.2998000000025;
1247.9999999999966;997.0960000000161;996.2998000000025;990.7578999999994;990.3177999999994;998.3280000000093;996.2998000000025;997.7120000000127;996.2998000000025;994.4551000000004;994.4551000000004;994.4551000000004;994.4551000000004;989.4375999999993;994.4551000000004;990.3177999999994;996.2998000000025;
1248.9999999999966;997.0960000000161;996.2998000000025;990.7578999999994;990.3177999999994;998.3280000000093;996.2998000000025;997.7120000000127;996.2998000000025;994.4551000000004;994.4551000000004;994.4551000000004;994.4551000000004;989.4375999999993;994.4551000000004;990.3177999999994;996.2998000000025;
1249.9999999999966;997.0960000000161;996.2998000000025;990.7578999999994;990.3177999999994;998.3280000000093;996.2998000000025;997.7120000000127;996.2998000000025;994.4551000000004;994.4551000000004;994.4551000000004;994.4551000000004;989.4375999999993;994.4551000000004;990.3177999999994;996.2998000000025;
1250.9999999999966;997.0960000000161;996.2998000000025;990.7578999999994;990.3177999999994;998.3280000000093;996.2998000000025;997.7120000000127;996.2998000000025;994.4551000000004;994.4551000000004;994.4551000000004;994.4551000000004;989.4375999999993;994.4551000000004;990.3177999999994;996.2998000000025;
1251.9999999999966;997.0960000000161;996.2998000000025;990.7578999999994;990.3177999999994;998.3280000000093;996.2998000000025;997.7120000000127;996.2998000000025;994.4551000000004;994.4551000000004;994.4551000000004;994.4551000000004;989.4375999999993;994.4551000000004;990.3177999999994;996.2998000000025;
1252.9999999999966;997.0960000000161;996.2998000000025;990.7578999999994;990.3177999999994;998.3280000000093;996.2998000000025;997.7120000000127;996.2998000000025;994.4551000000004;994.4551000000004;994.4551000000004;994.4551000000004;989.4375999999993;994.4551000000004;990.3177999999994;996.2998000000025;
1253.9999999999966;997.0960000000161;996.2998000000025;990.7578999999994;990.3177999999994;998.3280000000093;996.2998000000025;997.7120000000127;996.2998000000025;994.4551000000004;994.4551000000004;994.4551000000004;994.4551000000004;989.4375999999993;994.4551000000004;990.3177999999994;996.2998000000025;
1254.9999999999966;997.0960000000161;996.2998000000025;990.7578999999994;990.3177999999994;998.3280000000093;996.2998000000025;997.7120000000127;996.2998000000025;994.4551000000004;994.4551000000004;994.4551000000004;994.4551000000004;989.4375999999993;994.4551000000004;990.3177999999994;996.2998000000025;
1255.9999999999966;997.0960000000161;996.2998000000025;990.7578999999994;990.3177999999994;998.3280000000093;996.2998000000025;997.7120000000127;996.2998000000025;994.4551000000004;994.4551000000004;994.4551000000004;994.4551000000004;989.4375999999993;994.4551000000004;990.3177999999994;996.2998000000025;
1256.9999999999966;997.0960000000161;996.2998000000025;990.7578999999994;990.3177999999994;998.3280000000093;996.2998000000025;997.7120000000127;996.2998000000025;994.4551000000004;994.4551000000004;994.4551000000004;994.4551000000004;989.4375999999993;994.4551000000004;990.3177999999994;996.2998000000025;
1257.9999999999966;997.0960000000161;996.2998000000025;990.7578999999994;990.3177999999994;998.3280000000093;996.2998000000025;997.7120000000127;996.2998000000025;994.4551000000004;994.4551000000004;994.4551000000004;994.4551000000004;989.4375999999993;994.4551000000004;990.3177999999994;996.2998000000025;
1258.9999999999966;997.0960000000161;996.2998000000025;990.7578999999994;990.3177999999994;998.3280000000093;996.2998000000025;997.7120000000127;996.2998000000025;994.4551000000004;994.4551000000004;994.4551000000004;994.4551000000004;989.4375999999993;994.4551000000004;990.3177999999994;996.2998000000025;
1259.9216121227867;997.0960000000161;996.2998000000025;990.7578999999994;990.3177999999994;998.3280000000093;996.2997000000025;997.7120000000127;996.2998000000025;994.4551000000004;994.4551000000004;994.4551000000004;994.4551000000004;989.4375999999993;994.4551000000004;990.3177999999994;996.2998000000025;
1259.9216121227867;997.0960000000161;996.2998000000025;990.7578999999994;990.3177999999994;998.3280000000093;996.2117000000026;997.7120000000127;996.2998000000025;994.4551000000004;994.4551000000004;994.4551000000004;994.4551000000004;989.4375999999993;994.4551000000004;990.3177999999994;996.2998000000025;
1259.9269281227866;997.0872000000162;996.2998000000025;990.7578999999994;990.3177999999994;998.3280000000093;996.2117000000026;997.7120000000127;996.2998000000025;994.4551000000004;994.4551000000004;994.4551000000004;994.4551000000004;989.4375999999993;994.4551000000004;990.3177999999994;996.2998000000025;
1259.9269281227866;997.0784000000162;996.2998000000025;990.7578999999994;990.3177999999994;998.3280000000093;996.2117000000026;997.7120000000127;996.2998000000025;994.4551000000004;994.4551000000004;994.4551000000004;994.4551000000004;989.4375999999993;994.4551000000004;990.3177999999994;996.2998000000025;
1259.9322441227866;997.0784000000162;996.2998000000025;990.7578999999994;990.3177999999994;998.3280000000093;996.2117000000026;997.7032000000128;996.2998000000025;994.4551000000004;994.4551000000004;994.4551000000004;994.4551000000004;989.4375999999993;994.4551000000004;990.3177999999994;996.2998000000025;
1259.9360177435408;997.0784000000162;996.2998000000025;990.7577999999994;990.3177999999994;998.3280000000093;996.2117000000026;997.7032000000128;996.2998000000025;994.4551000000004;994.4551000000004;994.4551000000004;994.4551000000004;989.4375999999993;994.4551000000004;990.3177999999994;996.2998000000025;
1259.9360177435408;997.0784000000162;996.2998000000025;990.3177999999994;990.3177999999994;998.3280000000093;996.2117000000026;997.7032000000128;996.2998000000025;994.4551000000004;994.4551000000004;994.4551000000004;994.4551000000004;989.4375999999993;994.4551000000004;990.3177999999994;996.2998000000025;
1259.9413337435408;997.0696000000163;996.2998000000025;990.3177999999994;990.3177999999994;998.3280000000093;996.2117000000026;997.7032000000128;996.2998000000025;994.4551000000004;994.4551000000004;994.4551000000004;994.4551000000004;989.4375999999993;994.4551000000004;990.3177999999994;996.2998000000025;
1259.9790817323599;997.0696000000163;996.2998000000025;990.3177999999994;990.3177999999994;998.3280000000093;996.2117000000026;997.7032000000128;996.2997000000025;994.4551000000004;994.4551000000004;994.4551000000004;994.4551000000004;989.4375999999993;994.4551000000004;990.3177999999994;996.2998000000025;
1259.9790817323599;997.0696000000163;996.2998000000025;990.3177999999994;990.3177999999994;998.3280000000093;996.2117000000026;997.7032000000128;996.2117000000026;994.4551000000004;994.4551000000004;994.4551000000004;994.4551000000004;989.4375999999993;994.4551000000004;990.3177999999994;996.2998000000025;
1259.981509659498;997.0696000000163;996.2998000000025;990.3177999999994;990.3177999999994;998.3280000000093;996.2117000000026;997.7032000000128;996.2117000000026;994.4551000000004;994.4551000000004;994.4551000000004;994.4551000000004;989.4374999999993;994.4551000000004;990.3177999999994;996.2998000000025;
1259.981509659498;997.0696000000163;996.2998000000025;990.3177999999994;990.3177999999994;998.3280000000093;996.2117000000026;997.7032000000128;996.2117000000026;994.4551000000004;994.4551000000004;994.4551000000004;994.4551000000004;988.9974999999993;994.4551000000004;990.3177999999994;996.2998000000025;
1260.0140661124287;997.0608000000163;996.2998000000025;990.3177999999994;990.3177999999994;998.3104000000094;996.2117000000026;997.6944000000128;996.2117000000026;994.4551000000004;994.4551000000004;994.4551000000004;994.4551000000004;988.9974999999993;994.4551000000004;990.3177999999994;996.2997000000025;
1260.9269514626399;997.0520000000164;996.2117000000026;990.3177999999994;990.3177999999994;998.3016000000094;996.2117000000026;997.6944000000128;996.2117000000026;994.4551000000004;994.4551000000004;994.4551000000004;994.4551000000004;988.9974999999993;994.4551000000004;989.8776999999993;996.2117000000026;
1261.9269748024929;997.0432000000164;996.2117000000026;990.3177999999994;990.3177999999994;998.2928000000095;996.2117000000026;997.6768000000129;996.2117000000026;994.4551000000004;994.4551000000004;994.4551000000004;994.4551000000004;988.9974999999993;994.4551000000004;989.8776999999993;996.2117000000026;
1262.926998142346;997.0344000000165;996.2117000000026;990.3177999999994;990.3177999999994;998.2928000000095;996.2117000000026;997.668000000013;996.2117000000026;994.4551000000004;994.4551000000004;994.4551000000004;994.4551000000004;988.9974999999993;994.4551000000004;989.8776999999993;996.2117000000026;
1262.926998142346;997.0256000000165;996.2117000000026;990.3177999999994;990.3177999999994;998.2928000000095;996.2117000000026;997.668000000013;996.2117000000026;994.4551000000004;994.4551000000004;994.4551000000004;994.4551000000004;988.9974999999993;994.4551000000004;989.8776999999993;996.2117000000026;
1263.9270214821993;997.0256000000165;996.2117000000026;990.3177999999994;990.3177999999994;998.2928000000095;996.2117000000026;997.659200000013;996.2117000000026;994.4551000000004;994.4551000000004;994.4551000000004;994.4551000000004;988.9974999999993;994.4551000000004;989.8776999999993;996.2117000000026;
1264.9999999999966;997.0256000000165;996.2117000000026;990.3177999999994;990.3177999999994;998.2928000000095;996.2117000000026;997.659200000013;996.2117000000026;994.4551000000004;994.4551000000004;994.4551000000004;994.4551000000004;988.9974999999993;994.4551000000004;989.8776999999993;996.2117000000026;
1265.9999999999966;997.0256000000165;996.2117000000026;990.3177999999994;990.3177999999994;998.2928000000095;996.2117000000026;997.659200000013;996.2117000000026;994.4551000000004;994.4551000000004;994.4551000000004;994.4551000000004;988.9974999999993;994.4551000000004;989.8776999999993;996.2117000000026;
1266.9999999999966;997.0256000000165;996.2117000000026;990.3177999999994;990.3177999999994;998.2928000000095;996.2117000000026;997.659200000013;996.2117000000026;994.4551000000004;994.4551000000004;994.4551000000004;994.4551000000004;988.9974999999993;994.4551000000004;989.8776999999993;996.2117000000026;
1267.9999999999966;997.0256000000165;996.2117000000026;990.3177999999994;990.3177999999994;998.2928000000095;996.2117000000026;997.659200000013;996.2117000000026;994.4551000000004;994.4551000000004;994.4551000000004;994.4551000000004;988.9974999999993;994.4551000000004;989.8776999999993;996.2117000000026;
1268.9999999999966;997.0256000000165;996.2117000000026;990.3177999999994;990.3177999999994;998.2928000000095;996.2117000000026;997.659200000013;996.2117000000026;994.4551000000004;994.4551000000004;994.4551000000004;994.4551000000004;988.9974999999993;994.4551000000004;989.8776999999993;996.2117000000026;
1269.9999999999966;997.0256000000165;996.2117000000026;990.3177999999994;990.3177999999994;998.2928000000095;996.2117000000026;997.659200000013;996.2117000000026;994.4551000000004;994.4551000000004;994.4551000000004;994.4551000000004;988.9974999999993;994.4551000000004;989.8776999999993;996.2117000000026;
1270.9999999999966;997.0256000000165;996.2117000000026;990.3177999999994;990.3177999999994;998.2928000000095;996.2117000000026;997.659200000013;996.2117000000026;994.4551000000004;994.4551000000004;994.4551000000004;994.4551000000004;988.9974999999993;994.4551000000004;989.8776999999993;996.2117000000026;
1271.9999999999966;997.0256000000165;996.2117000000026;990.3177999999994;990.3177999999994;998.2928000000095;996.2117000000026;997.659200000013;996.2117000000026;994.4551000000004;994.4551000000004;994.4551000000004;994.4551000000004;988.9974999999993;994.4551000000004;989.8776999999993;996.2117000000026;
1272.9999999999966;997.0256000000165;996.2117000000026;990.3177999999994;990.3177999999994;998.2928000000095;996.2117000000026;997.659200000013;996.2117000000026;994.4551000000004;994.4551000000004;994.4551000000004;994.4551000000004;988.9974999999993;994.4551000000004;989.8776999999993;996.2117000000026;
1273.9999999999966;997.0256000000165;996.2117000000026;990.3177999999994;990.3177999999994;998.2928000000095;996.2117000000026;997.659200000013;996.2117000000026;994.4551000000004;994.4551000000004;994.4551000000004;994.4551000000004;988.9974999999993;994.4551000000004;989.8776999999993;996.2117000000026;
1274.9999999999966;997.0256000000165;996.2117000000026;990.3177999999994;990.3177999999994;998.2928000000095;996.2117000000026;997.659200000013;996.2117000000026;994.4551000000004;994.4551000000004;994.4551000000004;994.4551000000004;988.9974999999993;994.4551000000004;989.8776999999993;996.2117000000026;
1275.9999999999966;997.0256000000165;996.2117000000026;990.3177999999994;990.3177999999994;998.2928000000095;996.2117000000026;997.659200000013;996.2117000000026;994.4551000000004;994.4551000000004;994.4551000000004;994.4551000000004;988.9974999999993;994.4551000000004;989.8776999999993;996.2117000000026;
1276.9999999999966;997.0256000000165;996.2117000000026;990.3177999999994;990.3177999999994;998.2928000000095;996.2117000000026;997.659200000013;996.2117000000026;994.4551000000004;994.4551000000004;994.4551000000004;994.4551000000004;988.9974999999993;994.4551000000004;989.8776999999993;996.2117000000026;
1277.9999999999966;997.0256000000165;996.2117000000026;990.3177999999994;990.3177999999994;998.2928000000095;996.2117000000026;997.659200000013;996.2117000000026;994.4551000000004;994.4551000000004;994.4551000000004;994.4551000000004;988.9974999999993;994.4551000000004;989.8776999999993;996.2117000000026;
1278.9999999999966;997.0256000000165;996.2117000000026;990.3177999999994;990.3177999999994;998.2928000000095;996.2117000000026;997.659200000013;996.2117000000026;994.4551000000004;994.4551000000004;994.4551000000004;994.4551000000004;988.9974999999993;994.4551000000004;989.8776999999993;996.2117000000026;
1279.9999999999966;997.0256000000165;996.2117000000026;990.3177999999994;990.3177999999994;998.2928000000095;996.2117000000026;997.659200000013;996.2117000000026;994.4551000000004;994.4551000000004;994.4551000000004;994.4551000000004;988.9974999999993;994.4551000000004;989.8776999999993;996.2117000000026;
1280.9999999999966;997.0256000000165;996.2117000000026;990.3177999999994;990.3177999999994;998.2928000000095;996.2117000000026;997.659200000013;996.2117000000026;994.4551000000004;994.4551000000004;994.4551000000004;994.4551000000004;988.9974999999993;994.4551000000004;989.8776999999993;996.2117000000026;
1281.9999999999966;997.0256000000165;996.2117000000026;990.3177999999994;990.3177999999994;998.2928000000095;996.2117000000026;997.659200000013;996.2117000000026;994.4551000000004;994.4551000000004;994.4551000000004;994.4551000000004;988.9974999999993;994.4551000000004;989.8776999999993;996.2117000000026;
1282.9999999999966;997.0256000000165;996.2117000000026;990.3177999999994;990.3177999999994;998.2928000000095;996.2117000000026;997.659200000013;996.2117000000026;994.4551000000004;994.4551000000004;994.4551000000004;994.4551000000004;988.9974999999993;994.4551000000004;989.8776999999993;996.2117000000026;
1283.9999999999966;997.0256000000165;996.2117000000026;990.3177999999994;990.3177999999994;998.2928000000095;996.2117000000026;997.659200000013;996.2117000000026;994.4551000000004;994.4551000000004;994.4551000000004;994.4551000000004;988.9974999999993;994.4551000000004;989.8776999999993;996.2117000000026;
1284.9999999999966;997.0256000000165;996.2117000000026;990.3177999999994;990.3177999999994;998.2928000000095;996.2117000000026;997.659200000013;996.2117000000026;994.4551000000004;994.4551000000004;994.4551000000004;994.4551000000004;988.9974999999993;994.4551000000004;989.8776999999993;996.2117000000026;
1285.9999999999966;997.0256000000165;996.2117000000026;990.3177999999994;990.3177999999994;998.2928000000095;996.2117000000026;997.659200000013;996.2117000000026;994.4551000000004;994.4551000000004;994.4551000000004;994.4551000000004;988.9974999999993;994.4551000000004;989.8776999999993;996.2117000000026;
1286.9999999999966;997.0256000000165;996.2117000000026;990.3177999999994;990.3177999999994;998.2928000000095;996.2117000000026;997.659200000013;996.2117000000026;994.4551000000004;994.4551000000004;994.4551000000004;994.4551000000004;988.9974999999993;994.4551000000004;989.8776999999993;996.2117000000026;
1287.9999999999966;997.0256000000165;996.2117000000026;990.3177999999994;990.3177999999994;998.2928000000095;996.2117000000026;997.659200000013;996.2117000000026;994.4551000000004;994.4551000000004;994.4551000000004;994.4551000000004;988.9974999999993;994.4551000000004;989.8776999999993;996.2117000000026;
1288.9999999999966;997.0256000000165;996.2117000000026;990.3177999999994;990.3177999999994;998.2928000000095;996.2117000000026;997.659200000013;996.2117000000026;994.4551000000004;994.4551000000004;994.4551000000004;994.4551000000004;988.9974999999993;994.4551000000004;989.8776999999993;996.2117000000026;
1289.919717812643;997.0256000000165;996.2117000000026;990.3177999999994;990.3177999999994;998.2928000000095;996.2116000000026;997.659200000013;996.2117000000026;994.4551000000004;994.4551000000004;994.4551000000004;994.4551000000004;988.9974999999993;994.4551000000004;989.8776999999993;996.2117000000026;
1289.919717812643;997.0256000000165;996.2117000000026;990.3177999999994;990.3177999999994;998.2928000000095;996.1236000000026;997.659200000013;996.2117000000026;994.4551000000004;994.4551000000004;994.4551000000004;994.4551000000004;988.9974999999993;994.4551000000004;989.8776999999993;996.2117000000026;
1289.925033812643;997.0168000000166;996.2117000000026;990.3177999999994;990.3177999999994;998.2928000000095;996.1236000000026;997.659200000013;996.2117000000026;994.4551000000004;994.4551000000004;994.4551000000004;994.4551000000004;988.9974999999993;994.4551000000004;989.8776999999993;996.2117000000026;
1289.925033812643;997.0080000000166;996.2117000000026;990.3177999999994;990.3177999999994;998.2928000000095;996.1236000000026;997.659200000013;996.2117000000026;994.4551000000004;994.4551000000004;994.4551000000004;994.4551000000004;988.9974999999993;994.4551000000004;989.8776999999993;996.2117000000026;
1289.930349812643;997.0080000000166;996.2117000000026;990.3177999999994;990.3177999999994;998.2928000000095;996.1236000000026;997.6504000000131;996.2117000000026;994.4551000000004;994.4551000000004;994.4551000000004;994.4551000000004;988.9974999999993;994.4551000000004;989.8776999999993;996.2117000000026;
1289.973654977204;997.0080000000166;996.2117000000026;990.3177999999994;990.3176999999994;998.2928000000095;996.1236000000026;997.6504000000131;996.2117000000026;994.4551000000004;994.4551000000004;994.4551000000004;994.4551000000004;988.9974999999993;994.4551000000004;989.8776999999993;996.2117000000026;
1289.973654977204;997.0080000000166;996.2117000000026;990.3177999999994;989.8776999999993;998.2928000000095;996.1236000000026;997.6504000000131;996.2117000000026;994.4551000000004;994.4551000000004;994.4551000000004;994.4551000000004;988.9974999999993;994.4551000000004;989.8776999999993;996.2117000000026;
1289.9785656540203;997.0080000000166;996.2117000000026;990.3177999999994;989.8776999999993;998.2928000000095;996.1236000000026;997.6504000000131;996.2116000000026;994.4551000000004;994.4551000000004;994.4551000000004;994.4551000000004;988.9974999999993;994.4551000000004;989.8776999999993;996.2117000000026;
1289.9785656540203;997.0080000000166;996.2117000000026;990.3177999999994;989.8776999999993;998.2928000000095;996.1236000000026;997.6504000000131;996.1236000000026;994.4551000000004;994.4551000000004;994.4551000000004;994.4551000000004;988.9974999999993;994.4551000000004;989.8776999999993;996.2117000000026;
1289.978970977204;997.0080000000166;996.2117000000026;990.3177999999994;989.8776999999993;998.2840000000095;996.1236000000026;997.6504000000131;996.1236000000026;994.4551000000004;994.4551000000004;994.4551000000004;994.4551000000004;988.9974999999993;994.4551000000004;989.8776999999993;996.2117000000026;
1289.978970977204;997.0080000000166;996.2117000000026;990.3177999999994;989.8776999999993;998.2752000000096;996.1236000000026;997.6504000000131;996.1236000000026;994.4551000000004;994.4551000000004;994.4551000000004;994.4551000000004;988.9974999999993;994.4551000000004;989.8776999999993;996.2117000000026;
1289.9838816540203;996.9992000000167;996.2117000000026;990.3177999999994;989.8776999999993;998.2752000000096;996.1236000000026;997.6504000000131;996.1236000000026;994.4551000000004;994.4551000000004;994.4551000000004;994.4551000000004;988.9974999999993;994.4551000000004;989.8776999999993;996.2117000000026;
1290.925057152496;996.9904000000167;996.1236000000026;990.3177999999994;989.8776999999993;998.2752000000096;996.1236000000026;997.6416000000131;996.1236000000026;994.4551000000004;994.4551000000004;994.4551000000004;994.4551000000004;988.9974999999993;994.4551000000004;989.8776999999993;996.1236000000026;
1290.925057152496;996.9816000000168;996.1236000000026;990.3177999999994;989.8776999999993;998.2752000000096;996.1236000000026;997.6416000000131;996.1236000000026;994.4551000000004;994.4551000000004;994.4551000000004;994.4551000000004;988.9974999999993;994.4551000000004;989.8776999999993;996.1236000000026;
1291.9250804923493;996.9816000000168;996.1236000000026;990.3177999999994;989.8776999999993;998.2752000000096;996.1236000000026;997.6328000000132;996.1236000000026;994.4551000000004;994.4551000000004;994.4551000000004;994.4551000000004;988.9974999999993;994.4551000000004;989.8776999999993;996.1236000000026;
1292.9251038322025;996.9728000000168;996.1236000000026;990.3177999999994;989.8776999999993;998.2752000000096;996.1236000000026;997.6240000000132;996.1236000000026;994.4551000000004;994.4551000000004;994.4551000000004;994.4551000000004;988.9974999999993;994.4551000000004;989.8776999999993;996.1236000000026;
1292.9999999999966;996.9728000000168;996.1236000000026;990.3177999999994;989.8776999999993;998.2752000000096;996.1236000000026;997.6240000000132;996.1236000000026;994.4551000000004;994.4551000000004;994.4551000000004;994.4551000000004;988.9974999999993;994.4551000000004;989.8776999999993;996.1236000000026;
1293.9999999999966;996.9728000000168;996.1236000000026;990.3177999999994;989.8776999999993;998.2752000000096;996.1236000000026;997.6240000000132;996.1236000000026;994.4551000000004;994.4551000000004;994.4551000000004;994.4551000000004;988.9974999999993;994.4551000000004;989.8776999999993;996.1236000000026;
1294.9999999999966;996.9728000000168;996.1236000000026;990.3177999999994;989.8776999999993;998.2752000000096;996.1236000000026;997.6240000000132;996.1236000000026;994.4551000000004;994.4551000000004;994.4551000000004;994.4551000000004;988.9974999999993;994.4551000000004;989.8776999999993;996.1236000000026;
1295.9999999999966;996.9728000000168;996.1236000000026;990.3177999999994;989.8776999999993;998.2752000000096;996.1236000000026;997.6240000000132;996.1236000000026;994.4551000000004;994.4551000000004;994.4551000000004;994.4551000000004;988.9974999999993;994.4551000000004;989.8776999999993;996.1236000000026;
1296.9999999999966;996.9728000000168;996.1236000000026;990.3177999999994;989.8776999999993;998.2752000000096;996.1236000000026;997.6240000000132;996.1236000000026;994.4551000000004;994.4551000000004;994.4551000000004;994.4551000000004;988.9974999999993;994.4551000000004;989.8776999999993;996.1236000000026;
1297.9999999999966;996.9728000000168;996.1236000000026;990.3177999999994;989.8776999999993;998.2752000000096;996.1236000000026;997.6240000000132;996.1236000000026;994.4551000000004;994.4551000000004;994.4551000000004;994.4551000000004;988.9974999999993;994.4551000000004;989.8776999999993;996.1236000000026;
1298.9999999999966;996.9728000000168;996.1236000000026;990.3177999999994;989.8776999999993;998.2752000000096;996.1236000000026;997.6240000000132;996.1236000000026;994.4551000000004;994.4551000000004;994.4551000000004;994.4551000000004;988.9974999999993;994.4551000000004;989.8776999999993;996.1236000000026;
1299.9999999999966;996.9728000000168;996.1236000000026;990.3177999999994;989.8776999999993;998.2752000000096;996.1236000000026;997.6240000000132;996.1236000000026;994.4551000000004;994.4551000000004;994.4551000000004;994.4551000000004;988.9974999999993;994.4551000000004;989.8776999999993;996.1236000000026;
1300.9999999999966;996.9728000000168;996.1236000000026;990.3177999999994;989.8776999999993;998.2752000000096;996.1236000000026;997.6240000000132;996.1236000000026;994.4551000000004;994.4551000000004;994.4551000000004;994.4551000000004;988.9974999999993;994.4551000000004;989.8776999999993;996.1236000000026;
1301.9999999999966;996.9728000000168;996.1236000000026;990.3177999999994;989.8776999999993;998.2752000000096;996.1236000000026;997.6240000000132;996.1236000000026;994.4551000000004;994.4551000000004;994.4551000000004;994.4551000000004;988.9974999999993;994.4551000000004;989.8776999999993;996.1236000000026;
1302.9999999999966;996.9728000000168;996.1236000000026;990.3177999999994;989.8776999999993;998.2752000000096;996.1236000000026;997.6240000000132;996.1236000000026;994.4551000000004;994.4551000000004;994.4551000000004;994.4551000000004;988.9974999999993;994.4551000000004;989.8776999999993;996.1236000000026;
1303.9999999999966;996.9728000000168;996.1236000000026;990.3177999999994;989.8776999999993;998.2752000000096;996.1236000000026;997.6240000000132;996.1236000000026;994.4551000000004;994.4551000000004;994.4551000000004;994.4551000000004;988.9974999999993;994.4551000000004;989.8776999999993;996.1236000000026;
1304.9999999999966;996.9728000000168;996.1236000000026;990.3177999999994;989.8776999999993;998.2752000000096;996.1236000000026;997.6240000000132;996.1236000000026;994.4551000000004;994.4551000000004;994.4551000000004;994.4551000000004;988.9974999999993;994.4551000000004;989.8776999999993;996.1236000000026;
1305.9999999999966;996.9728000000168;996.1236000000026;990.3177999999994;989.8776999999993;998.2752000000096;996.1236000000026;997.6240000000132;996.1236000000026;994.4551000000004;994.4551000000004;994.4551000000004;994.4551000000004;988.9974999999993;994.4551000000004;989.8776999999993;996.1236000000026;
1306.9999999999966;996.9728000000168;996.1236000000026;990.3177999999994;989.8776999999993;998.2752000000096;996.1236000000026;997.6240000000132;996.1236000000026;994.4551000000004;994.4551000000004;994.4551000000004;994.4551000000004;988.9974999999993;994.4551000000004;989.8776999999993;996.1236000000026;
1307.9999999999966;996.9728000000168;996.1236000000026;990.3177999999994;989.8776999999993;998.2752000000096;996.1236000000026;997.6240000000132;996.1236000000026;994.4551000000004;994.4551000000004;994.4551000000004;994.4551000000004;988.9974999999993;994.4551000000004;989.8776999999993;996.1236000000026;
1308.9999999999966;996.9728000000168;996.1236000000026;990.3177999999994;989.8776999999993;998.2752000000096;996.1236000000026;997.6240000000132;996.1236000000026;994.4551000000004;994.4551000000004;994.4551000000004;994.4551000000004;988.9974999999993;994.4551000000004;989.8776999999993;996.1236000000026;
1309.9999999999966;996.9728000000168;996.1236000000026;990.3177999999994;989.8776999999993;998.2752000000096;996.1236000000026;997.6240000000132;996.1236000000026;994.4551000000004;994.4551000000004;994.4551000000004;994.4551000000004;988.9974999999993;994.4551000000004;989.8776999999993;996.1236000000026;
1310.9999999999966;996.9728000000168;996.1236000000026;990.3177999999994;989.8776999999993;998.2752000000096;996.1236000000026;997.6240000000132;996.1236000000026;994.4551000000004;994.4551000000004;994.4551000000004;994.4551000000004;988.9974999999993;994.4551000000004;989.8776999999993;996.1236000000026;
1311.9999999999966;996.9728000000168;996.1236000000026;990.3177999999994;989.8776999999993;998.2752000000096;996.1236000000026;997.6240000000132;996.1236000000026;994.4551000000004;994.4551000000004;994.4551000000004;994.4551000000004;988.9974999999993;994.4551000000004;989.8776999999993;996.1236000000026;
1312.9999999999966;996.9728000000168;996.1236000000026;990.3177999999994;989.8776999999993;998.2752000000096;996.1236000000026;997.6240000000132;996.1236000000026;994.4551000000004;994.4551000000004;994.4551000000004;994.4551000000004;988.9974999999993;994.4551000000004;989.8776999999993;996.1236000000026;
1313.9999999999966;996.9728000000168;996.1236000000026;990.3177999999994;989.8776999999993;998.2752000000096;996.1236000000026;997.6240000000132;996.1236000000026;994.4551000000004;994.4551000000004;994.4551000000004;994.4551000000004;988.9974999999993;994.4551000000004;989.8776999999993;996.1236000000026;
1314.9999999999966;996.9728000000168;996.1236000000026;990.3177999999994;989.8776999999993;998.2752000000096;996.1236000000026;997.6240000000132;996.1236000000026;994.4551000000004;994.4551000000004;994.4551000000004;994.4551000000004;988.9974999999993;994.4551000000004;989.8776999999993;996.1236000000026;
1315.9999999999966;996.9728000000168;996.1236000000026;990.3177999999994;989.8776999999993;998.2752000000096;996.1236000000026;997.6240000000132;996.1236000000026;994.4551000000004;994.4551000000004;994.4551000000004;994.4551000000004;988.9974999999993;994.4551000000004;989.8776999999993;996.1236000000026;
1316.9999999999966;996.9728000000168;996.1236000000026;990.3177999999994;989.8776999999993;998.2752000000096;996.1236000000026;997.6240000000132;996.1236000000026;994.4551000000004;994.4551000000004;994.4551000000004;994.4551000000004;988.9974999999993;994.4551000000004;989.8776999999993;996.1236000000026;
1317.9999999999966;996.9728000000168;996.1236000000026;990.3177999999994;989.8776999999993;998.2752000000096;996.1236000000026;997.6240000000132;996.1236000000026;994.4551000000004;994.4551000000004;994.4551000000004;994.4551000000004;988.9974999999993;994.4551000000004;989.8776999999993;996.1236000000026;
1318.9999999999966;996.9728000000168;996.1236000000026;990.3177999999994;989.8776999999993;998.2752000000096;996.1236000000026;997.6240000000132;996.1236000000026;994.4551000000004;994.4551000000004;994.4551000000004;994.4551000000004;988.9974999999993;994.4551000000004;989.8776999999993;996.1236000000026;
1319.9178235024992;996.9728000000168;996.1236000000026;990.3177999999994;989.8776999999993;998.2752000000096;996.1235000000027;997.6240000000132;996.1236000000026;994.4551000000004;994.4551000000004;994.4551000000004;994.4551000000004;988.9974999999993;994.4551000000004;989.8776999999993;996.1236000000026;
1319.9178235024992;996.9728000000168;996.1236000000026;990.3177999999994;989.8776999999993;998.2752000000096;996.0355000000027;997.6240000000132;996.1236000000026;994.4551000000004;994.4551000000004;994.4551000000004;994.4551000000004;988.9974999999993;994.4551000000004;989.8776999999993;996.1236000000026;
1319.9231395024992;996.9640000000169;996.1236000000026;990.3177999999994;989.8776999999993;998.2752000000096;996.0355000000027;997.6240000000132;996.1236000000026;994.4551000000004;994.4551000000004;994.4551000000004;994.4551000000004;988.9974999999993;994.4551000000004;989.8776999999993;996.1236000000026;
1319.9231395024992;996.9552000000169;996.1236000000026;990.3177999999994;989.8776999999993;998.2752000000096;996.0355000000027;997.6240000000132;996.1236000000026;994.4551000000004;994.4551000000004;994.4551000000004;994.4551000000004;988.9974999999993;994.4551000000004;989.8776999999993;996.1236000000026;
1319.9284555024992;996.9552000000169;996.1236000000026;990.3177999999994;989.8776999999993;998.2752000000096;996.0355000000027;997.6152000000133;996.1236000000026;994.4551000000004;994.4551000000004;994.4551000000004;994.4551000000004;988.9974999999993;994.4551000000004;989.8776999999993;996.1236000000026;
1319.932673067072;996.9552000000169;996.1236000000026;990.3176999999994;989.8776999999993;998.2752000000096;996.0355000000027;997.6152000000133;996.1236000000026;994.4551000000004;994.4551000000004;994.4551000000004;994.4551000000004;988.9974999999993;994.4551000000004;989.8776999999993;996.1236000000026;
1319.932673067072;996.9552000000169;996.1236000000026;989.8776999999993;989.8776999999993;998.2752000000096;996.0355000000027;997.6152000000133;996.1236000000026;994.4551000000004;994.4551000000004;994.4551000000004;994.4551000000004;988.9974999999993;994.4551000000004;989.8776999999993;996.1236000000026;
1319.937989067072;996.946400000017;996.1236000000026;989.8776999999993;989.8776999999993;998.2752000000096;996.0355000000027;997.6152000000133;996.1236000000026;994.4551000000004;994.4551000000004;994.4551000000004;994.4551000000004;988.9974999999993;994.4551000000004;989.8776999999993;996.1236000000026;
1319.9780495756806;996.946400000017;996.1236000000026;989.8776999999993;989.8776999999993;998.2752000000096;996.0355000000027;997.6152000000133;996.1235000000027;994.4551000000004;994.4551000000004;994.4551000000004;994.4551000000004;988.9974999999993;994.4551000000004;989.8776999999993;996.1236000000026;
1319.9780495756806;996.946400000017;996.1236000000026;989.8776999999993;989.8776999999993;998.2752000000096;996.0355000000027;997.6152000000133;996.0355000000027;994.4551000000004;994.4551000000004;994.4551000000004;994.4551000000004;988.9974999999993;994.4551000000004;989.8776999999993;996.1236000000026;
1319.9805569083214;996.946400000017;996.1236000000026;989.8776999999993;989.8776999999993;998.2752000000096;996.0355000000027;997.6152000000133;996.0355000000027;994.4551000000004;994.4551000000004;994.4551000000004;994.4551000000004;988.9973999999993;994.4551000000004;989.8776999999993;996.1236000000026;
1319.9805569083214;996.946400000017;996.1236000000026;989.8776999999993;989.8776999999993;998.2752000000096;996.0355000000027;997.6152000000133;996.0355000000027;994.4551000000004;994.4551000000004;994.4551000000004;994.4551000000004;988.5573999999992;994.4551000000004;989.8776999999993;996.1236000000026;
1320.9231628423522;996.9288000000171;996.0355000000027;989.8776999999993;989.8776999999993;998.2488000000097;996.0355000000027;997.6064000000133;996.0355000000027;994.4551000000004;994.4551000000004;994.4551000000004;994.4551000000004;988.5573999999992;994.4551000000004;989.4375999999993;996.0355000000027;
1320.9231628423522;996.9200000000171;996.0355000000027;989.8776999999993;989.8776999999993;998.2488000000097;996.0355000000027;997.6064000000133;996.0355000000027;994.4551000000004;994.4551000000004;994.4551000000004;994.4551000000004;988.5573999999992;994.4551000000004;989.4375999999993;996.0355000000027;
1321.9231861822052;996.9200000000171;996.0355000000027;989.8776999999993;989.8776999999993;998.2400000000098;996.0355000000027;997.5888000000134;996.0355000000027;994.4551000000004;994.4551000000004;994.4551000000004;994.4551000000004;988.5573999999992;994.4551000000004;989.4375999999993;996.0355000000027;
1322.9232095220582;996.9112000000172;996.0355000000027;989.8776999999993;989.8776999999993;998.2400000000098;996.0355000000027;997.5800000000135;996.0355000000027;994.4551000000004;994.4551000000004;994.4551000000004;994.4551000000004;988.5573999999992;994.4551000000004;989.4375999999993;996.0355000000027;
1323.9232328619114;996.9024000000172;996.0355000000027;989.8776999999993;989.8776999999993;998.2400000000098;996.0355000000027;997.5712000000135;996.0355000000027;994.4551000000004;994.4551000000004;994.4551000000004;994.4551000000004;988.5573999999992;994.4551000000004;989.4375999999993;996.0355000000027;
1323.9999999999961;996.9024000000172;996.0355000000027;989.8776999999993;989.8776999999993;998.2400000000098;996.0355000000027;997.5712000000135;996.0355000000027;994.4551000000004;994.4551000000004;994.4551000000004;994.4551000000004;988.5573999999992;994.4551000000004;989.4375999999993;996.0355000000027;
1324.9999999999961;996.9024000000172;996.0355000000027;989.8776999999993;989.8776999999993;998.2400000000098;996.0355000000027;997.5712000000135;996.0355000000027;994.4551000000004;994.4551000000004;994.4551000000004;994.4551000000004;988.5573999999992;994.4551000000004;989.4375999999993;996.0355000000027;
1325.9999999999961;996.9024000000172;996.0355000000027;989.8776999999993;989.8776999999993;998.2400000000098;996.0355000000027;997.5712000000135;996.0355000000027;994.4551000000004;994.4551000000004;994.4551000000004;994.4551000000004;988.5573999999992;994.4551000000004;989.4375999999993;996.0355000000027;
1326.9999999999961;996.9024000000172;996.0355000000027;989.8776999999993;989.8776999999993;998.2400000000098;996.0355000000027;997.5712000000135;996.0355000000027;994.4551000000004;994.4551000000004;994.4551000000004;994.4551000000004;988.5573999999992;994.4551000000004;989.4375999999993;996.0355000000027;
1327.9999999999961;996.9024000000172;996.0355000000027;989.8776999999993;989.8776999999993;998.2400000000098;996.0355000000027;997.5712000000135;996.0355000000027;994.4551000000004;994.4551000000004;994.4551000000004;994.4551000000004;988.5573999999992;994.4551000000004;989.4375999999993;996.0355000000027;
1328.9999999999961;996.9024000000172;996.0355000000027;989.8776999999993;989.8776999999993;998.2400000000098;996.0355000000027;997.5712000000135;996.0355000000027;994.4551000000004;994.4551000000004;994.4551000000004;994.4551000000004;988.5573999999992;994.4551000000004;989.4375999999993;996.0355000000027;
1329.9999999999961;996.9024000000172;996.0355000000027;989.8776999999993;989.8776999999993;998.2400000000098;996.0355000000027;997.5712000000135;996.0355000000027;994.4551000000004;994.4551000000004;994.4551000000004;994.4551000000004;988.5573999999992;994.4551000000004;989.4375999999993;996.0355000000027;
1330.9999999999961;996.9024000000172;996.0355000000027;989.8776999999993;989.8776999999993;998.2400000000098;996.0355000000027;997.5712000000135;996.0355000000027;994.4551000000004;994.4551000000004;994.4551000000004;994.4551000000004;988.5573999999992;994.4551000000004;989.4375999999993;996.0355000000027;
1331.9999999999961;996.9024000000172;996.0355000000027;989.8776999999993;989.8776999999993;998.2400000000098;996.0355000000027;997.5712000000135;996.0355000000027;994.4551000000004;994.4551000000004;994.4551000000004;994.4551000000004;988.5573999999992;994.4551000000004;989.4375999999993;996.0355000000027;
1332.9999999999961;996.9024000000172;996.0355000000027;989.8776999999993;989.8776999999993;998.2400000000098;996.0355000000027;997.5712000000135;996.0355000000027;994.4551000000004;994.4551000000004;994.4551000000004;994.4551000000004;988.5573999999992;994.4551000000004;989.4375999999993;996.0355000000027;
1333.9999999999961;996.9024000000172;996.0355000000027;989.8776999999993;989.8776999999993;998.2400000000098;996.0355000000027;997.5712000000135;996.0355000000027;994.4551000000004;994.4551000000004;994.4551000000004;994.4551000000004;988.5573999999992;994.4551000000004;989.4375999999993;996.0355000000027;
1334.9999999999961;996.9024000000172;996.0355000000027;989.8776999999993;989.8776999999993;998.2400000000098;996.0355000000027;997.5712000000135;996.0355000000027;994.4551000000004;994.4551000000004;994.4551000000004;994.4551000000004;988.5573999999992;994.4551000000004;989.4375999999993;996.0355000000027;
1335.9999999999961;996.9024000000172;996.0355000000027;989.8776999999993;989.8776999999993;998.2400000000098;996.0355000000027;997.5712000000135;996.0355000000027;994.4551000000004;994.4551000000004;994.4551000000004;994.4551000000004;988.5573999999992;994.4551000000004;989.4375999999993;996.0355000000027;
1336.9999999999961;996.9024000000172;996.0355000000027;989.8776999999993;989.8776999999993;998.2400000000098;996.0355000000027;997.5712000000135;996.0355000000027;994.4551000000004;994.4551000000004;994.4551000000004;994.4551000000004;988.5573999999992;994.4551000000004;989.4375999999993;996.0355000000027;
1337.9999999999961;996.9024000000172;996.0355000000027;989.8776999999993;989.8776999999993;998.2400000000098;996.0355000000027;997.5712000000135;996.0355000000027;994.4551000000004;994.4551000000004;994.4551000000004;994.4551000000004;988.5573999999992;994.4551000000004;989.4375999999993;996.0355000000027;
1338.9999999999961;996.9024000000172;996.0355000000027;989.8776999999993;989.8776999999993;998.2400000000098;996.0355000000027;997.5712000000135;996.0355000000027;994.4551000000004;994.4551000000004;994.4551000000004;994.4551000000004;988.5573999999992;994.4551000000004;989.4375999999993;996.0355000000027;
1339.9999999999961;996.9024000000172;996.0355000000027;989.8776999999993;989.8776999999993;998.2400000000098;996.0355000000027;997.5712000000135;996.0355000000027;994.4551000000004;994.4551000000004;994.4551000000004;994.4551000000004;988.5573999999992;994.4551000000004;989.4375999999993;996.0355000000027;
1340.9999999999961;996.9024000000172;996.0355000000027;989.8776999999993;989.8776999999993;998.2400000000098;996.0355000000027;997.5712000000135;996.0355000000027;994.4551000000004;994.4551000000004;994.4551000000004;994.4551000000004;988.5573999999992;994.4551000000004;989.4375999999993;996.0355000000027;
1341.9999999999961;996.9024000000172;996.0355000000027;989.8776999999993;989.8776999999993;998.2400000000098;996.0355000000027;997.5712000000135;996.0355000000027;994.4551000000004;994.4551000000004;994.4551000000004;994.4551000000004;988.5573999999992;994.4551000000004;989.4375999999993;996.0355000000027;
1342.9999999999961;996.9024000000172;996.0355000000027;989.8776999999993;989.8776999999993;998.2400000000098;996.0355000000027;997.5712000000135;996.0355000000027;994.4551000000004;994.4551000000004;994.4551000000004;994.4551000000004;988.5573999999992;994.4551000000004;989.4375999999993;996.0355000000027;
1343.9999999999961;996.9024000000172;996.0355000000027;989.8776999999993;989.8776999999993;998.2400000000098;996.0355000000027;997.5712000000135;996.0355000000027;994.4551000000004;994.4551000000004;994.4551000000004;994.4551000000004;988.5573999999992;994.4551000000004;989.4375999999993;996.0355000000027;
1344.9999999999961;996.9024000000172;996.0355000000027;989.8776999999993;989.8776999999993;998.2400000000098;996.0355000000027;997.5712000000135;996.0355000000027;994.4551000000004;994.4551000000004;994.4551000000004;994.4551000000004;988.5573999999992;994.4551000000004;989.4375999999993;996.0355000000027;
1345.9999999999961;996.9024000000172;996.0355000000027;989.8776999999993;989.8776999999993;998.2400000000098;996.0355000000027;997.5712000000135;996.0355000000027;994.4551000000004;994.4551000000004;994.4551000000004;994.4551000000004;988.5573999999992;994.4551000000004;989.4375999999993;996.0355000000027;
1346.9999999999961;996.9024000000172;996.0355000000027;989.8776999999993;989.8776999999993;998.2400000000098;996.0355000000027;997.5712000000135;996.0355000000027;994.4551000000004;994.4551000000004;994.4551000000004;994.4551000000004;988.5573999999992;994.4551000000004;989.4375999999993;996.0355000000027;
1347.9999999999961;996.9024000000172;996.0355000000027;989.8776999999993;989.8776999999993;998.2400000000098;996.0355000000027;997.5712000000135;996.0355000000027;994.4551000000004;994.4551000000004;994.4551000000004;994.4551000000004;988.5573999999992;994.4551000000004;989.4375999999993;996.0355000000027;
1348.9999999999961;996.9024000000172;996.0355000000027;989.8776999999993;989.8776999999993;998.2400000000098;996.0355000000027;997.5712000000135;996.0355000000027;994.4551000000004;994.4551000000004;994.4551000000004;994.4551000000004;988.5573999999992;994.4551000000004;989.4375999999993;996.0355000000027;
1349.9159291923552;996.9024000000172;996.0355000000027;989.8776999999993;989.8776999999993;998.2400000000098;996.0354000000027;997.5712000000135;996.0355000000027;994.4551000000004;994.4551000000004;994.4551000000004;994.4551000000004;988.5573999999992;994.4551000000004;989.4375999999993;996.0355000000027;
1349.9159291923552;996.9024000000172;996.0355000000027;989.8776999999993;989.8776999999993;998.2400000000098;995.9474000000027;997.5712000000135;996.0355000000027;994.4551000000004;994.4551000000004;994.4551000000004;994.4551000000004;988.5573999999992;994.4551000000004;989.4375999999993;996.0355000000027;
1349.9212451923552;996.8936000000173;996.0355000000027;989.8776999999993;989.8776999999993;998.2400000000098;995.9474000000027;997.5712000000135;996.0355000000027;994.4551000000004;994.4551000000004;994.4551000000004;994.4551000000004;988.5573999999992;994.4551000000004;989.4375999999993;996.0355000000027;
1349.9212451923552;996.8848000000173;996.0355000000027;989.8776999999993;989.8776999999993;998.2400000000098;995.9474000000027;997.5712000000135;996.0355000000027;994.4551000000004;994.4551000000004;994.4551000000004;994.4551000000004;988.5573999999992;994.4551000000004;989.4375999999993;996.0355000000027;
1349.9265611923552;996.8848000000173;996.0355000000027;989.8776999999993;989.8776999999993;998.2400000000098;995.9474000000027;997.5624000000136;996.0355000000027;994.4551000000004;994.4551000000004;994.4551000000004;994.4551000000004;988.5573999999992;994.4551000000004;989.4375999999993;996.0355000000027;
1349.9720579661423;996.8848000000173;996.0355000000027;989.8776999999993;989.8776999999993;998.2400000000098;995.9474000000027;997.5624000000136;996.0355000000027;994.4550000000004;994.4551000000004;994.4551000000004;994.4551000000004;988.5573999999992;994.4551000000004;989.4375999999993;996.0355000000027;
1349.9720579661423;996.8848000000173;996.0355000000027;989.8776999999993;989.8776999999993;998.2400000000098;995.9474000000027;997.5624000000136;996.0355000000027;993.8390000000004;994.4551000000004;994.4551000000004;994.4551000000004;988.5573999999992;994.4551000000004;989.4375999999993;996.0355000000027;
1349.9724178795043;996.8848000000173;996.0355000000027;989.8776999999993;989.8775999999993;998.2400000000098;995.9474000000027;997.5624000000136;996.0355000000027;993.8390000000004;994.4551000000004;994.4551000000004;994.4551000000004;988.5573999999992;994.4551000000004;989.4375999999993;996.0355000000027;
1349.9724178795043;996.8848000000173;996.0355000000027;989.8776999999993;989.4375999999993;998.2400000000098;995.9474000000027;997.5624000000136;996.0355000000027;993.8390000000004;994.4551000000004;994.4551000000004;994.4551000000004;988.5573999999992;994.4551000000004;989.4375999999993;996.0355000000027;
1349.9773739661423;996.8760000000174;996.0355000000027;989.8776999999993;989.4375999999993;998.2400000000098;995.9474000000027;997.5624000000136;996.0355000000027;993.8390000000004;994.4551000000004;994.4551000000004;994.4551000000004;988.5573999999992;994.4551000000004;989.4375999999993;996.0355000000027;
1349.9775334973403;996.8760000000174;996.0355000000027;989.8776999999993;989.4375999999993;998.2400000000098;995.9474000000027;997.5624000000136;996.0354000000027;993.8390000000004;994.4551000000004;994.4551000000004;994.4551000000004;988.5573999999992;994.4551000000004;989.4375999999993;996.0355000000027;
1349.9775334973403;996.8760000000174;996.0355000000027;989.8776999999993;989.4375999999993;998.2400000000098;995.9474000000027;997.5624000000136;995.9474000000027;993.8390000000004;994.4551000000004;994.4551000000004;994.4551000000004;988.5573999999992;994.4551000000004;989.4375999999993;996.0355000000027;
1350.921268532208;996.8496000000175;995.9474000000027;989.8776999999993;989.4375999999993;998.1872000000101;995.9474000000027;997.5536000000136;995.9474000000027;993.8390000000004;993.8390000000004;993.8390000000004;993.8390000000004;988.1172999999992;993.8390000000004;989.4375999999993;995.9474000000027;
1351.9212918720611;996.8408000000176;995.9474000000027;989.8776999999993;989.4375999999993;998.1784000000101;995.9474000000027;997.5360000000137;995.9474000000027;993.8390000000004;993.8390000000004;993.8390000000004;993.8390000000004;988.1172999999992;993.8390000000004;989.4375999999993;995.9474000000027;
1351.9212918720611;996.8320000000176;995.9474000000027;989.8776999999993;989.4375999999993;998.1784000000101;995.9474000000027;997.5360000000137;995.9474000000027;993.8390000000004;993.8390000000004;993.8390000000004;993.8390000000004;988.1172999999992;993.8390000000004;989.4375999999993;995.9474000000027;
1352.9213152119141;996.8320000000176;995.9474000000027;989.8776999999993;989.4375999999993;998.1696000000102;995.9474000000027;997.5184000000138;995.9474000000027;993.8390000000004;993.8390000000004;993.8390000000004;993.8390000000004;988.1172999999992;993.8390000000004;989.4375999999993;995.9474000000027;
1353.9213385517673;996.8232000000177;995.9474000000027;989.8776999999993;989.4375999999993;998.1608000000102;995.9474000000027;997.5008000000139;995.9474000000027;993.8390000000004;993.8390000000004;993.8390000000004;993.8390000000004;988.1172999999992;993.8390000000004;989.4375999999993;995.9474000000027;
1353.9213385517673;996.8144000000177;995.9474000000027;989.8776999999993;989.4375999999993;998.1608000000102;995.9474000000027;997.5008000000139;995.9474000000027;993.8390000000004;993.8390000000004;993.8390000000004;993.8390000000004;988.1172999999992;993.8390000000004;989.4375999999993;995.9474000000027;
1354.9213618916203;996.8144000000177;995.9474000000027;989.8776999999993;989.4375999999993;998.1520000000103;995.9474000000027;997.483200000014;995.9474000000027;993.8390000000004;993.8390000000004;993.8390000000004;993.8390000000004;988.1172999999992;993.8390000000004;989.4375999999993;995.9474000000027;
1355.9999999999957;996.8144000000177;995.9474000000027;989.8776999999993;989.4375999999993;998.1520000000103;995.9474000000027;997.483200000014;995.9474000000027;993.8390000000004;993.8390000000004;993.8390000000004;993.8390000000004;988.1172999999992;993.8390000000004;989.4375999999993;995.9474000000027;
1356.9999999999957;996.8144000000177;995.9474000000027;989.8776999999993;989.4375999999993;998.1520000000103;995.9474000000027;997.483200000014;995.9474000000027;993.8390000000004;993.8390000000004;993.8390000000004;993.8390000000004;988.1172999999992;993.8390000000004;989.4375999999993;995.9474000000027;
1357.9999999999957;996.8144000000177;995.9474000000027;989.8776999999993;989.4375999999993;998.1520000000103;995.9474000000027;997.483200000014;995.9474000000027;993.8390000000004;993.8390000000004;993.8390000000004;993.8390000000004;988.1172999999992;993.8390000000004;989.4375999999993;995.9474000000027;
1358.9999999999957;996.8144000000177;995.9474000000027;989.8776999999993;989.4375999999993;998.1520000000103;995.9474000000027;997.483200000014;995.9474000000027;993.8390000000004;993.8390000000004;993.8390000000004;993.8390000000004;988.1172999999992;993.8390000000004;989.4375999999993;995.9474000000027;
1359.9999999999957;996.8144000000177;995.9474000000027;989.8776999999993;989.4375999999993;998.1520000000103;995.9474000000027;997.483200000014;995.9474000000027;993.8390000000004;993.8390000000004;993.8390000000004;993.8390000000004;988.1172999999992;993.8390000000004;989.4375999999993;995.9474000000027;
1360.9999999999957;996.8144000000177;995.9474000000027;989.8776999999993;989.4375999999993;998.1520000000103;995.9474000000027;997.483200000014;995.9474000000027;993.8390000000004;993.8390000000004;993.8390000000004;993.8390000000004;988.1172999999992;993.8390000000004;989.4375999999993;995.9474000000027;
1361.9999999999957;996.8144000000177;995.9474000000027;989.8776999999993;989.4375999999993;998.1520000000103;995.9474000000027;997.483200000014;995.9474000000027;993.8390000000004;993.8390000000004;993.8390000000004;993.8390000000004;988.1172999999992;993.8390000000004;989.4375999999993;995.9474000000027;
1362.9999999999957;996.8144000000177;995.9474000000027;989.8776999999993;989.4375999999993;998.1520000000103;995.9474000000027;997.483200000014;995.9474000000027;993.8390000000004;993.8390000000004;993.8390000000004;993.8390000000004;988.1172999999992;993.8390000000004;989.4375999999993;995.9474000000027;
1363.9999999999957;996.8144000000177;995.9474000000027;989.8776999999993;989.4375999999993;998.1520000000103;995.9474000000027;997.483200000014;995.9474000000027;993.8390000000004;993.8390000000004;993.8390000000004;993.8390000000004;988.1172999999992;993.8390000000004;989.4375999999993;995.9474000000027;
1364.9999999999957;996.8144000000177;995.9474000000027;989.8776999999993;989.4375999999993;998.1520000000103;995.9474000000027;997.483200000014;995.9474000000027;993.8390000000004;993.8390000000004;993.8390000000004;993.8390000000004;988.1172999999992;993.8390000000004;989.4375999999993;995.9474000000027;
1365.9999999999957;996.8144000000177;995.9474000000027;989.8776999999993;989.4375999999993;998.1520000000103;995.9474000000027;997.483200000014;995.9474000000027;993.8390000000004;993.8390000000004;993.8390000000004;993.8390000000004;988.1172999999992;993.8390000000004;989.4375999999993;995.9474000000027;
1366.9999999999957;996.8144000000177;995.9474000000027;989.8776999999993;989.4375999999993;998.1520000000103;995.9474000000027;997.483200000014;995.9474000000027;993.8390000000004;993.8390000000004;993.8390000000004;993.8390000000004;988.1172999999992;993.8390000000004;989.4375999999993;995.9474000000027;
1367.9999999999957;996.8144000000177;995.9474000000027;989.8776999999993;989.4375999999993;998.1520000000103;995.9474000000027;997.483200000014;995.9474000000027;993.8390000000004;993.8390000000004;993.8390000000004;993.8390000000004;988.1172999999992;993.8390000000004;989.4375999999993;995.9474000000027;
1368.9999999999957;996.8144000000177;995.9474000000027;989.8776999999993;989.4375999999993;998.1520000000103;995.9474000000027;997.483200000014;995.9474000000027;993.8390000000004;993.8390000000004;993.8390000000004;993.8390000000004;988.1172999999992;993.8390000000004;989.4375999999993;995.9474000000027;
1369.9999999999957;996.8144000000177;995.9474000000027;989.8776999999993;989.4375999999993;998.1520000000103;995.9474000000027;997.483200000014;995.9474000000027;993.8390000000004;993.8390000000004;993.8390000000004;993.8390000000004;988.1172999999992;993.8390000000004;989.4375999999993;995.9474000000027;
1370.9999999999957;996.8144000000177;995.9474000000027;989.8776999999993;989.4375999999993;998.1520000000103;995.9474000000027;997.483200000014;995.9474000000027;993.8390000000004;993.8390000000004;993.8390000000004;993.8390000000004;988.1172999999992;993.8390000000004;989.4375999999993;995.9474000000027;
1371.9999999999957;996.8144000000177;995.9474000000027;989.8776999999993;989.4375999999993;998.1520000000103;995.9474000000027;997.483200000014;995.9474000000027;993.8390000000004;993.8390000000004;993.8390000000004;993.8390000000004;988.1172999999992;993.8390000000004;989.4375999999993;995.9474000000027;
1372.9999999999957;996.8144000000177;995.9474000000027;989.8776999999993;989.4375999999993;998.1520000000103;995.9474000000027;997.483200000014;995.9474000000027;993.8390000000004;993.8390000000004;993.8390000000004;993.8390000000004;988.1172999999992;993.8390000000004;989.4375999999993;995.9474000000027;
1373.9999999999957;996.8144000000177;995.9474000000027;989.8776999999993;989.4375999999993;998.1520000000103;995.9474000000027;997.483200000014;995.9474000000027;993.8390000000004;993.8390000000004;993.8390000000004;993.8390000000004;988.1172999999992;993.8390000000004;989.4375999999993;995.9474000000027;
1374.9999999999957;996.8144000000177;995.9474000000027;989.8776999999993;989.4375999999993;998.1520000000103;995.9474000000027;997.483200000014;995.9474000000027;993.8390000000004;993.8390000000004;993.8390000000004;993.8390000000004;988.1172999999992;993.8390000000004;989.4375999999993;995.9474000000027;
1375.9999999999957;996.8144000000177;995.9474000000027;989.8776999999993;989.4375999999993;998.1520000000103;995.9474000000027;997.483200000014;995.9474000000027;993.8390000000004;993.8390000000004;993.8390000000004;993.8390000000004;988.1172999999992;993.8390000000004;989.4375999999993;995.9474000000027;
1376.9999999999957;996.8144000000177;995.9474000000027;989.8776999999993;989.4375999999993;998.1520000000103;995.9474000000027;997.483200000014;995.9474000000027;993.8390000000004;993.8390000000004;993.8390000000004;993.8390000000004;988.1172999999992;993.8390000000004;989.4375999999993;995.9474000000027;
1377.9999999999957;996.8144000000177;995.9474000000027;989.8776999999993;989.4375999999993;998.1520000000103;995.9474000000027;997.483200000014;995.9474000000027;993.8390000000004;993.8390000000004;993.8390000000004;993.8390000000004;988.1172999999992;993.8390000000004;989.4375999999993;995.9474000000027;
1378.9999999999957;996.8144000000177;995.9474000000027;989.8776999999993;989.4375999999993;998.1520000000103;995.9474000000027;997.483200000014;995.9474000000027;993.8390000000004;993.8390000000004;993.8390000000004;993.8390000000004;988.1172999999992;993.8390000000004;989.4375999999993;995.9474000000027;
1379.9140348822111;996.8144000000177;995.9474000000027;989.8776999999993;989.4375999999993;998.1520000000103;995.9473000000028;997.483200000014;995.9474000000027;993.8390000000004;993.8390000000004;993.8390000000004;993.8390000000004;988.1172999999992;993.8390000000004;989.4375999999993;995.9474000000027;
1379.9140348822111;996.8144000000177;995.9474000000027;989.8776999999993;989.4375999999993;998.1520000000103;995.8593000000028;997.483200000014;995.9474000000027;993.8390000000004;993.8390000000004;993.8390000000004;993.8390000000004;988.1172999999992;993.8390000000004;989.4375999999993;995.9474000000027;
1379.9193508822111;996.8056000000178;995.9474000000027;989.8776999999993;989.4375999999993;998.1520000000103;995.8593000000028;997.483200000014;995.9474000000027;993.8390000000004;993.8390000000004;993.8390000000004;993.8390000000004;988.1172999999992;993.8390000000004;989.4375999999993;995.9474000000027;
1379.9193508822111;996.7968000000178;995.9474000000027;989.8776999999993;989.4375999999993;998.1520000000103;995.8593000000028;997.483200000014;995.9474000000027;993.8390000000004;993.8390000000004;993.8390000000004;993.8390000000004;988.1172999999992;993.8390000000004;989.4375999999993;995.9474000000027;
1379.924666882211;996.7968000000178;995.9474000000027;989.8776999999993;989.4375999999993;998.1520000000103;995.8593000000028;997.474400000014;995.9474000000027;993.8390000000004;993.8390000000004;993.8390000000004;993.8390000000004;988.1172999999992;993.8390000000004;989.4375999999993;995.9474000000027;
1379.9293283906024;996.7968000000178;995.9474000000027;989.8775999999993;989.4375999999993;998.1520000000103;995.8593000000028;997.474400000014;995.9474000000027;993.8390000000004;993.8390000000004;993.8390000000004;993.8390000000004;988.1172999999992;993.8390000000004;989.4375999999993;995.9474000000027;
1379.9293283906024;996.7968000000178;995.9474000000027;989.4375999999993;989.4375999999993;998.1520000000103;995.8593000000028;997.474400000014;995.9474000000027;993.8390000000004;993.8390000000004;993.8390000000004;993.8390000000004;988.1172999999992;993.8390000000004;989.4375999999993;995.9474000000027;
1379.9346443906024;996.7880000000179;995.9474000000027;989.4375999999993;989.4375999999993;998.1520000000103;995.8593000000028;997.474400000014;995.9474000000027;993.8390000000004;993.8390000000004;993.8390000000004;993.8390000000004;988.1172999999992;993.8390000000004;989.4375999999993;995.9474000000027;
1379.9770174190007;996.7880000000179;995.9474000000027;989.4375999999993;989.4375999999993;998.1520000000103;995.8593000000028;997.474400000014;995.9473000000028;993.8390000000004;993.8390000000004;993.8390000000004;993.8390000000004;988.1172999999992;993.8390000000004;989.4375999999993;995.9474000000027;
1379.9770174190007;996.7880000000179;995.9474000000027;989.4375999999993;989.4375999999993;998.1520000000103;995.8593000000028;997.474400000014;995.8593000000028;993.8390000000004;993.8390000000004;993.8390000000004;993.8390000000004;988.1172999999992;993.8390000000004;989.4375999999993;995.9474000000027;
1379.9796041571442;996.7880000000179;995.9474000000027;989.4375999999993;989.4375999999993;998.1520000000103;995.8593000000028;997.474400000014;995.8593000000028;993.8390000000004;993.8390000000004;993.8390000000004;993.8390000000004;988.1171999999992;993.8390000000004;989.4375999999993;995.9474000000027;
1379.9796041571442;996.7880000000179;995.9474000000027;989.4375999999993;989.4375999999993;998.1520000000103;995.8593000000028;997.474400000014;995.8593000000028;993.8390000000004;993.8390000000004;993.8390000000004;993.8390000000004;987.6771999999992;993.8390000000004;989.4375999999993;995.9474000000027;
1380.9193742220646;996.770400000018;995.8593000000028;989.4375999999993;989.4375999999993;998.1256000000104;995.8593000000028;997.4656000000141;995.8593000000028;993.8390000000004;993.8390000000004;993.8390000000004;993.8390000000004;987.6771999999992;993.8390000000004;988.9974999999993;995.8593000000028;
1381.9193975619178;996.761600000018;995.8593000000028;989.4375999999993;989.4375999999993;998.1168000000105;995.8593000000028;997.4480000000142;995.8593000000028;993.8390000000004;993.8390000000004;993.8390000000004;993.8390000000004;987.6771999999992;993.8390000000004;988.9974999999993;995.8593000000028;
1381.9193975619178;996.752800000018;995.8593000000028;989.4375999999993;989.4375999999993;998.1168000000105;995.8593000000028;997.4480000000142;995.8593000000028;993.8390000000004;993.8390000000004;993.8390000000004;993.8390000000004;987.6771999999992;993.8390000000004;988.9974999999993;995.8593000000028;
1382.9194209017708;996.752800000018;995.8593000000028;989.4375999999993;989.4375999999993;998.1168000000105;995.8593000000028;997.4392000000142;995.8593000000028;993.8390000000004;993.8390000000004;993.8390000000004;993.8390000000004;987.6771999999992;993.8390000000004;988.9974999999993;995.8593000000028;
1383.9194442416238;996.7440000000181;995.8593000000028;989.4375999999993;989.4375999999993;998.1168000000105;995.8593000000028;997.4304000000143;995.8593000000028;993.8390000000004;993.8390000000004;993.8390000000004;993.8390000000004;987.6771999999992;993.8390000000004;988.9974999999993;995.8593000000028;
1383.999999999996;996.7440000000181;995.8593000000028;989.4375999999993;989.4375999999993;998.1168000000105;995.8593000000028;997.4304000000143;995.8593000000028;993.8390000000004;993.8390000000004;993.8390000000004;993.8390000000004;987.6771999999992;993.8390000000004;988.9974999999993;995.8593000000028;
1384.999999999996;996.7440000000181;995.8593000000028;989.4375999999993;989.4375999999993;998.1168000000105;995.8593000000028;997.4304000000143;995.8593000000028;993.8390000000004;993.8390000000004;993.8390000000004;993.8390000000004;987.6771999999992;993.8390000000004;988.9974999999993;995.8593000000028;
1385.999999999996;996.7440000000181;995.8593000000028;989.4375999999993;989.4375999999993;998.1168000000105;995.8593000000028;997.4304000000143;995.8593000000028;993.8390000000004;993.8390000000004;993.8390000000004;993.8390000000004;987.6771999999992;993.8390000000004;988.9974999999993;995.8593000000028;
1386.999999999996;996.7440000000181;995.8593000000028;989.4375999999993;989.4375999999993;998.1168000000105;995.8593000000028;997.4304000000143;995.8593000000028;993.8390000000004;993.8390000000004;993.8390000000004;993.8390000000004;987.6771999999992;993.8390000000004;988.9974999999993;995.8593000000028;
1387.999999999996;996.7440000000181;995.8593000000028;989.4375999999993;989.4375999999993;998.1168000000105;995.8593000000028;997.4304000000143;995.8593000000028;993.8390000000004;993.8390000000004;993.8390000000004;993.8390000000004;987.6771999999992;993.8390000000004;988.9974999999993;995.8593000000028;
1388.999999999996;996.7440000000181;995.8593000000028;989.4375999999993;989.4375999999993;998.1168000000105;995.8593000000028;997.4304000000143;995.8593000000028;993.8390000000004;993.8390000000004;993.8390000000004;993.8390000000004;987.6771999999992;993.8390000000004;988.9974999999993;995.8593000000028;
1389.999999999996;996.7440000000181;995.8593000000028;989.4375999999993;989.4375999999993;998.1168000000105;995.8593000000028;997.4304000000143;995.8593000000028;993.8390000000004;993.8390000000004;993.8390000000004;993.8390000000004;987.6771999999992;993.8390000000004;988.9974999999993;995.8593000000028;
1390.999999999996;996.7440000000181;995.8593000000028;989.4375999999993;989.4375999999993;998.1168000000105;995.8593000000028;997.4304000000143;995.8593000000028;993.8390000000004;993.8390000000004;993.8390000000004;993.8390000000004;987.6771999999992;993.8390000000004;988.9974999999993;995.8593000000028;
1391.999999999996;996.7440000000181;995.8593000000028;989.4375999999993;989.4375999999993;998.1168000000105;995.8593000000028;997.4304000000143;995.8593000000028;993.8390000000004;993.8390000000004;993.8390000000004;993.8390000000004;987.6771999999992;993.8390000000004;988.9974999999993;995.8593000000028;
1392.999999999996;996.7440000000181;995.8593000000028;989.4375999999993;989.4375999999993;998.1168000000105;995.8593000000028;997.4304000000143;995.8593000000028;993.8390000000004;993.8390000000004;993.8390000000004;993.8390000000004;987.6771999999992;993.8390000000004;988.9974999999993;995.8593000000028;
1393.999999999996;996.7440000000181;995.8593000000028;989.4375999999993;989.4375999999993;998.1168000000105;995.8593000000028;997.4304000000143;995.8593000000028;993.8390000000004;993.8390000000004;993.8390000000004;993.8390000000004;987.6771999999992;993.8390000000004;988.9974999999993;995.8593000000028;
1394.999999999996;996.7440000000181;995.8593000000028;989.4375999999993;989.4375999999993;998.1168000000105;995.8593000000028;997.4304000000143;995.8593000000028;993.8390000000004;993.8390000000004;993.8390000000004;993.8390000000004;987.6771999999992;993.8390000000004;988.9974999999993;995.8593000000028;
1395.999999999996;996.7440000000181;995.8593000000028;989.4375999999993;989.4375999999993;998.1168000000105;995.8593000000028;997.4304000000143;995.8593000000028;993.8390000000004;993.8390000000004;993.8390000000004;993.8390000000004;987.6771999999992;993.8390000000004;988.9974999999993;995.8593000000028;
1396.999999999996;996.7440000000181;995.8593000000028;989.4375999999993;989.4375999999993;998.1168000000105;995.8593000000028;997.4304000000143;995.8593000000028;993.8390000000004;993.8390000000004;993.8390000000004;993.8390000000004;987.6771999999992;993.8390000000004;988.9974999999993;995.8593000000028;
1397.999999999996;996.7440000000181;995.8593000000028;989.4375999999993;989.4375999999993;998.1168000000105;995.8593000000028;997.4304000000143;995.8593000000028;993.8390000000004;993.8390000000004;993.8390000000004;993.8390000000004;987.6771999999992;993.8390000000004;988.9974999999993;995.8593000000028;
1398.999999999996;996.7440000000181;995.8593000000028;989.4375999999993;989.4375999999993;998.1168000000105;995.8593000000028;997.4304000000143;995.8593000000028;993.8390000000004;993.8390000000004;993.8390000000004;993.8390000000004;987.6771999999992;993.8390000000004;988.9974999999993;995.8593000000028;
1399.999999999996;996.7440000000181;995.8593000000028;989.4375999999993;989.4375999999993;998.1168000000105;995.8593000000028;997.4304000000143;995.8593000000028;993.8390000000004;993.8390000000004;993.8390000000004;993.8390000000004;987.6771999999992;993.8390000000004;988.9974999999993;995.8593000000028;
1400.999999999996;996.7440000000181;995.8593000000028;989.4375999999993;989.4375999999993;998.1168000000105;995.8593000000028;997.4304000000143;995.8593000000028;993.8390000000004;993.8390000000004;993.8390000000004;993.8390000000004;987.6771999999992;993.8390000000004;988.9974999999993;995.8593000000028;
1401.999999999996;996.7440000000181;995.8593000000028;989.4375999999993;989.4375999999993;998.1168000000105;995.8593000000028;997.4304000000143;995.8593000000028;993.8390000000004;993.8390000000004;993.8390000000004;993.8390000000004;987.6771999999992;993.8390000000004;988.9974999999993;995.8593000000028;
1402.999999999996;996.7440000000181;995.8593000000028;989.4375999999993;989.4375999999993;998.1168000000105;995.8593000000028;997.4304000000143;995.8593000000028;993.8390000000004;993.8390000000004;993.8390000000004;993.8390000000004;987.6771999999992;993.8390000000004;988.9974999999993;995.8593000000028;
1403.999999999996;996.7440000000181;995.8593000000028;989.4375999999993;989.4375999999993;998.1168000000105;995.8593000000028;997.4304000000143;995.8593000000028;993.8390000000004;993.8390000000004;993.8390000000004;993.8390000000004;987.6771999999992;993.8390000000004;988.9974999999993;995.8593000000028;
1404.999999999996;996.7440000000181;995.8593000000028;989.4375999999993;989.4375999999993;998.1168000000105;995.8593000000028;997.4304000000143;995.8593000000028;993.8390000000004;993.8390000000004;993.8390000000004;993.8390000000004;987.6771999999992;993.8390000000004;988.9974999999993;995.8593000000028;
1405.999999999996;996.7440000000181;995.8593000000028;989.4375999999993;989.4375999999993;998.1168000000105;995.8593000000028;997.4304000000143;995.8593000000028;993.8390000000004;993.8390000000004;993.8390000000004;993.8390000000004;987.6771999999992;993.8390000000004;988.9974999999993;995.8593000000028;
1406.999999999996;996.7440000000181;995.8593000000028;989.4375999999993;989.4375999999993;998.1168000000105;995.8593000000028;997.4304000000143;995.8593000000028;993.8390000000004;993.8390000000004;993.8390000000004;993.8390000000004;987.6771999999992;993.8390000000004;988.9974999999993;995.8593000000028;
1407.999999999996;996.7440000000181;995.8593000000028;989.4375999999993;989.4375999999993;998.1168000000105;995.8593000000028;997.4304000000143;995.8593000000028;993.8390000000004;993.8390000000004;993.8390000000004;993.8390000000004;987.6771999999992;993.8390000000004;988.9974999999993;995.8593000000028;
1408.999999999996;996.7440000000181;995.8593000000028;989.4375999999993;989.4375999999993;998.1168000000105;995.8593000000028;997.4304000000143;995.8593000000028;993.8390000000004;993.8390000000004;993.8390000000004;993.8390000000004;987.6771999999992;993.8390000000004;988.9974999999993;995.8593000000028;
1409.9121405720675;996.7440000000181;995.8593000000028;989.4375999999993;989.4375999999993;998.1168000000105;995.8592000000028;997.4304000000143;995.8593000000028;993.8390000000004;993.8390000000004;993.8390000000004;993.8390000000004;987.6771999999992;993.8390000000004;988.9974999999993;995.8593000000028;
1409.9121405720675;996.7440000000181;995.8593000000028;989.4375999999993;989.4375999999993;998.1168000000105;995.7712000000029;997.4304000000143;995.8593000000028;993.8390000000004;993.8390000000004;993.8390000000004;993.8390000000004;987.6771999999992;993.8390000000004;988.9974999999993;995.8593000000028;
1409.9174565720675;996.7352000000182;995.8593000000028;989.4375999999993;989.4375999999993;998.1168000000105;995.7712000000029;997.4304000000143;995.8593000000028;993.8390000000004;993.8390000000004;993.8390000000004;993.8390000000004;987.6771999999992;993.8390000000004;988.9974999999993;995.8593000000028;
1409.9174565720675;996.7264000000182;995.8593000000028;989.4375999999993;989.4375999999993;998.1168000000105;995.7712000000029;997.4304000000143;995.8593000000028;993.8390000000004;993.8390000000004;993.8390000000004;993.8390000000004;987.6771999999992;993.8390000000004;988.9974999999993;995.8593000000028;
1409.9227725720675;996.7264000000182;995.8593000000028;989.4375999999993;989.4375999999993;998.1168000000105;995.7712000000029;997.4216000000143;995.8593000000028;993.8390000000004;993.8390000000004;993.8390000000004;993.8390000000004;987.6771999999992;993.8390000000004;988.9974999999993;995.8593000000028;
1409.9711807818053;996.7264000000182;995.8593000000028;989.4375999999993;989.4374999999993;998.1168000000105;995.7712000000029;997.4216000000143;995.8593000000028;993.8390000000004;993.8390000000004;993.8390000000004;993.8390000000004;987.6771999999992;993.8390000000004;988.9974999999993;995.8593000000028;
1409.9711807818053;996.7264000000182;995.8593000000028;989.4375999999993;988.9974999999993;998.1168000000105;995.7712000000029;997.4216000000143;995.8593000000028;993.8390000000004;993.8390000000004;993.8390000000004;993.8390000000004;987.6771999999992;993.8390000000004;988.9974999999993;995.8593000000028;
1409.9764967818053;996.7264000000182;995.8593000000028;989.4375999999993;988.9974999999993;998.1080000000105;995.7712000000029;997.4216000000143;995.8593000000028;993.8390000000004;993.8390000000004;993.8390000000004;993.8390000000004;987.6771999999992;993.8390000000004;988.9974999999993;995.8593000000028;
1409.9764967818053;996.7264000000182;995.8593000000028;989.4375999999993;988.9974999999993;998.0992000000106;995.7712000000029;997.4216000000143;995.8593000000028;993.8390000000004;993.8390000000004;993.8390000000004;993.8390000000004;987.6771999999992;993.8390000000004;988.9974999999993;995.8593000000028;
1409.9765013406611;996.7264000000182;995.8593000000028;989.4375999999993;988.9974999999993;998.0992000000106;995.7712000000029;997.4216000000143;995.8592000000028;993.8390000000004;993.8390000000004;993.8390000000004;993.8390000000004;987.6771999999992;993.8390000000004;988.9974999999993;995.8593000000028;
1409.9765013406611;996.7264000000182;995.8593000000028;989.4375999999993;988.9974999999993;998.0992000000106;995.7712000000029;997.4216000000143;995.7712000000029;993.8390000000004;993.8390000000004;993.8390000000004;993.8390000000004;987.6771999999992;993.8390000000004;988.9974999999993;995.8593000000028;
1409.979127781556;996.7264000000182;995.8593000000028;989.4375999999993;988.9974999999993;998.0992000000106;995.7712000000029;997.4216000000143;995.7712000000029;993.8390000000004;993.8390000000004;993.8390000000004;993.8390000000004;987.6770999999992;993.8390000000004;988.9974999999993;995.8593000000028;
1410.917479911921;996.7088000000183;995.7712000000029;989.4375999999993;988.9974999999993;998.0904000000106;995.7712000000029;997.4128000000144;995.7712000000029;993.8390000000004;993.8390000000004;993.8390000000004;993.8390000000004;987.2370999999991;993.8390000000004;988.9974999999993;995.7712000000029;
1411.9175032517742;996.7000000000183;995.7712000000029;989.4375999999993;988.9974999999993;998.0816000000107;995.7712000000029;997.3952000000145;995.7712000000029;993.8390000000004;993.8390000000004;993.8390000000004;993.8390000000004;987.2370999999991;993.8390000000004;988.9974999999993;995.7712000000029;
1411.9175032517742;996.6912000000184;995.7712000000029;989.4375999999993;988.9974999999993;998.0816000000107;995.7712000000029;997.3952000000145;995.7712000000029;993.8390000000004;993.8390000000004;993.8390000000004;993.8390000000004;987.2370999999991;993.8390000000004;988.9974999999993;995.7712000000029;
1412.9175265916272;996.6912000000184;995.7712000000029;989.4375999999993;988.9974999999993;998.0816000000107;995.7712000000029;997.3864000000145;995.7712000000029;993.8390000000004;993.8390000000004;993.8390000000004;993.8390000000004;987.2370999999991;993.8390000000004;988.9974999999993;995.7712000000029;
1413.9999999999961;996.6912000000184;995.7712000000029;989.4375999999993;988.9974999999993;998.0816000000107;995.7712000000029;997.3864000000145;995.7712000000029;993.8390000000004;993.8390000000004;993.8390000000004;993.8390000000004;987.2370999999991;993.8390000000004;988.9974999999993;995.7712000000029;
1414.9999999999961;996.6912000000184;995.7712000000029;989.4375999999993;988.9974999999993;998.0816000000107;995.7712000000029;997.3864000000145;995.7712000000029;993.8390000000004;993.8390000000004;993.8390000000004;993.8390000000004;987.2370999999991;993.8390000000004;988.9974999999993;995.7712000000029;
1415.9999999999961;996.6912000000184;995.7712000000029;989.4375999999993;988.9974999999993;998.0816000000107;995.7712000000029;997.3864000000145;995.7712000000029;993.8390000000004;993.8390000000004;993.8390000000004;993.8390000000004;987.2370999999991;993.8390000000004;988.9974999999993;995.7712000000029;
1416.9999999999961;996.6912000000184;995.7712000000029;989.4375999999993;988.9974999999993;998.0816000000107;995.7712000000029;997.3864000000145;995.7712000000029;993.8390000000004;993.8390000000004;993.8390000000004;993.8390000000004;987.2370999999991;993.8390000000004;988.9974999999993;995.7712000000029;
1417.9999999999961;996.6912000000184;995.7712000000029;989.4375999999993;988.9974999999993;998.0816000000107;995.7712000000029;997.3864000000145;995.7712000000029;993.8390000000004;993.8390000000004;993.8390000000004;993.8390000000004;987.2370999999991;993.8390000000004;988.9974999999993;995.7712000000029;
1418.9999999999961;996.6912000000184;995.7712000000029;989.4375999999993;988.9974999999993;998.0816000000107;995.7712000000029;997.3864000000145;995.7712000000029;993.8390000000004;993.8390000000004;993.8390000000004;993.8390000000004;987.2370999999991;993.8390000000004;988.9974999999993;995.7712000000029;
1419.9999999999961;996.6912000000184;995.7712000000029;989.4375999999993;988.9974999999993;998.0816000000107;995.7712000000029;997.3864000000145;995.7712000000029;993.8390000000004;993.8390000000004;993.8390000000004;993.8390000000004;987.2370999999991;993.8390000000004;988.9974999999993;995.7712000000029;
1420.9999999999961;996.6912000000184;995.7712000000029;989.4375999999993;988.9974999999993;998.0816000000107;995.7712000000029;997.3864000000145;995.7712000000029;993.8390000000004;993.8390000000004;993.8390000000004;993.8390000000004;987.2370999999991;993.8390000000004;988.9974999999993;995.7712000000029;
1421.9999999999961;996.6912000000184;995.7712000000029;989.4375999999993;988.9974999999993;998.0816000000107;995.7712000000029;997.3864000000145;995.7712000000029;993.8390000000004;993.8390000000004;993.8390000000004;993.8390000000004;987.2370999999991;993.8390000000004;988.9974999999993;995.7712000000029;
1422.9999999999961;996.6912000000184;995.7712000000029;989.4375999999993;988.9974999999993;998.0816000000107;995.7712000000029;997.3864000000145;995.7712000000029;993.8390000000004;993.8390000000004;993.8390000000004;993.8390000000004;987.2370999999991;993.8390000000004;988.9974999999993;995.7712000000029;
1423.9999999999961;996.6912000000184;995.7712000000029;989.4375999999993;988.9974999999993;998.0816000000107;995.7712000000029;997.3864000000145;995.7712000000029;993.8390000000004;993.8390000000004;993.8390000000004;993.8390000000004;987.2370999999991;993.8390000000004;988.9974999999993;995.7712000000029;
1424.9999999999961;996.6912000000184;995.7712000000029;989.4375999999993;988.9974999999993;998.0816000000107;995.7712000000029;997.3864000000145;995.7712000000029;993.8390000000004;993.8390000000004;993.8390000000004;993.8390000000004;987.2370999999991;993.8390000000004;988.9974999999993;995.7712000000029;
1425.9999999999961;996.6912000000184;995.7712000000029;989.4375999999993;988.9974999999993;998.0816000000107;995.7712000000029;997.3864000000145;995.7712000000029;993.8390000000004;993.8390000000004;993.8390000000004;993.8390000000004;987.2370999999991;993.8390000000004;988.9974999999993;995.7712000000029;
1426.9999999999961;996.6912000000184;995.7712000000029;989.4375999999993;988.9974999999993;998.0816000000107;995.7712000000029;997.3864000000145;995.7712000000029;993.8390000000004;993.8390000000004;993.8390000000004;993.8390000000004;987.2370999999991;993.8390000000004;988.9974999999993;995.7712000000029;
1427.9999999999961;996.6912000000184;995.7712000000029;989.4375999999993;988.9974999999993;998.0816000000107;995.7712000000029;997.3864000000145;995.7712000000029;993.8390000000004;993.8390000000004;993.8390000000004;993.8390000000004;987.2370999999991;993.8390000000004;988.9974999999993;995.7712000000029;
1428.9999999999961;996.6912000000184;995.7712000000029;989.4375999999993;988.9974999999993;998.0816000000107;995.7712000000029;997.3864000000145;995.7712000000029;993.8390000000004;993.8390000000004;993.8390000000004;993.8390000000004;987.2370999999991;993.8390000000004;988.9974999999993;995.7712000000029;
1429.9999999999961;996.6912000000184;995.7712000000029;989.4375999999993;988.9974999999993;998.0816000000107;995.7712000000029;997.3864000000145;995.7712000000029;993.8390000000004;993.8390000000004;993.8390000000004;993.8390000000004;987.2370999999991;993.8390000000004;988.9974999999993;995.7712000000029;
1430.9999999999961;996.6912000000184;995.7712000000029;989.4375999999993;988.9974999999993;998.0816000000107;995.7712000000029;997.3864000000145;995.7712000000029;993.8390000000004;993.8390000000004;993.8390000000004;993.8390000000004;987.2370999999991;993.8390000000004;988.9974999999993;995.7712000000029;
1431.9999999999961;996.6912000000184;995.7712000000029;989.4375999999993;988.9974999999993;998.0816000000107;995.7712000000029;997.3864000000145;995.7712000000029;993.8390000000004;993.8390000000004;993.8390000000004;993.8390000000004;987.2370999999991;993.8390000000004;988.9974999999993;995.7712000000029;
1432.9999999999961;996.6912000000184;995.7712000000029;989.4375999999993;988.9974999999993;998.0816000000107;995.7712000000029;997.3864000000145;995.7712000000029;993.8390000000004;993.8390000000004;993.8390000000004;993.8390000000004;987.2370999999991;993.8390000000004;988.9974999999993;995.7712000000029;
1433.9999999999961;996.6912000000184;995.7712000000029;989.4375999999993;988.9974999999993;998.0816000000107;995.7712000000029;997.3864000000145;995.7712000000029;993.8390000000004;993.8390000000004;993.8390000000004;993.8390000000004;987.2370999999991;993.8390000000004;988.9974999999993;995.7712000000029;
1434.9999999999961;996.6912000000184;995.7712000000029;989.4375999999993;988.9974999999993;998.0816000000107;995.7712000000029;997.3864000000145;995.7712000000029;993.8390000000004;993.8390000000004;993.8390000000004;993.8390000000004;987.2370999999991;993.8390000000004;988.9974999999993;995.7712000000029;
1435.9999999999961;996.6912000000184;995.7712000000029;989.4375999999993;988.9974999999993;998.0816000000107;995.7712000000029;997.3864000000145;995.7712000000029;993.8390000000004;993.8390000000004;993.8390000000004;993.8390000000004;987.2370999999991;993.8390000000004;988.9974999999993;995.7712000000029;
1436.9999999999961;996.6912000000184;995.7712000000029;989.4375999999993;988.9974999999993;998.0816000000107;995.7712000000029;997.3864000000145;995.7712000000029;993.8390000000004;993.8390000000004;993.8390000000004;993.8390000000004;987.2370999999991;993.8390000000004;988.9974999999993;995.7712000000029;
1437.9999999999961;996.6912000000184;995.7712000000029;989.4375999999993;988.9974999999993;998.0816000000107;995.7712000000029;997.3864000000145;995.7712000000029;993.8390000000004;993.8390000000004;993.8390000000004;993.8390000000004;987.2370999999991;993.8390000000004;988.9974999999993;995.7712000000029;
1438.9999999999961;996.6912000000184;995.7712000000029;989.4375999999993;988.9974999999993;998.0816000000107;995.7712000000029;997.3864000000145;995.7712000000029;993.8390000000004;993.8390000000004;993.8390000000004;993.8390000000004;987.2370999999991;993.8390000000004;988.9974999999993;995.7712000000029;
1439.9102462619242;996.6912000000184;995.7712000000029;989.4375999999993;988.9974999999993;998.0816000000107;995.7711000000029;997.3864000000145;995.7712000000029;993.8390000000004;993.8390000000004;993.8390000000004;993.8390000000004;987.2370999999991;993.8390000000004;988.9974999999993;995.7712000000029;
1439.9102462619242;996.6912000000184;995.7712000000029;989.4375999999993;988.9974999999993;998.0816000000107;995.6831000000029;997.3864000000145;995.7712000000029;993.8390000000004;993.8390000000004;993.8390000000004;993.8390000000004;987.2370999999991;993.8390000000004;988.9974999999993;995.7712000000029;
1439.9155622619242;996.6824000000184;995.7712000000029;989.4375999999993;988.9974999999993;998.0816000000107;995.6831000000029;997.3864000000145;995.7712000000029;993.8390000000004;993.8390000000004;993.8390000000004;993.8390000000004;987.2370999999991;993.8390000000004;988.9974999999993;995.7712000000029;
1439.9155622619242;996.6736000000185;995.7712000000029;989.4375999999993;988.9974999999993;998.0816000000107;995.6831000000029;997.3864000000145;995.7712000000029;993.8390000000004;993.8390000000004;993.8390000000004;993.8390000000004;987.2370999999991;993.8390000000004;988.9974999999993;995.7712000000029;
1439.9208782619241;996.6736000000185;995.7712000000029;989.4375999999993;988.9974999999993;998.0816000000107;995.6831000000029;997.3776000000146;995.7712000000029;993.8390000000004;993.8390000000004;993.8390000000004;993.8390000000004;987.2370999999991;993.8390000000004;988.9974999999993;995.7712000000029;
1439.925983714134;996.6736000000185;995.7712000000029;989.4374999999993;988.9974999999993;998.0816000000107;995.6831000000029;997.3776000000146;995.7712000000029;993.8390000000004;993.8390000000004;993.8390000000004;993.8390000000004;987.2370999999991;993.8390000000004;988.9974999999993;995.7712000000029;
1439.925983714134;996.6736000000185;995.7712000000029;988.9974999999993;988.9974999999993;998.0816000000107;995.6831000000029;997.3776000000146;995.7712000000029;993.8390000000004;993.8390000000004;993.8390000000004;993.8390000000004;987.2370999999991;993.8390000000004;988.9974999999993;995.7712000000029;
1439.931299714134;996.6648000000185;995.7712000000029;988.9974999999993;988.9974999999993;998.0816000000107;995.6831000000029;997.3776000000146;995.7712000000029;993.8390000000004;993.8390000000004;993.8390000000004;993.8390000000004;987.2370999999991;993.8390000000004;988.9974999999993;995.7712000000029;
1439.9705622329561;996.6648000000185;995.7712000000029;988.9974999999993;988.9973999999993;998.0816000000107;995.6831000000029;997.3776000000146;995.7712000000029;993.8390000000004;993.8390000000004;993.8390000000004;993.8390000000004;987.2370999999991;993.8390000000004;988.9974999999993;995.7712000000029;
1439.9705622329561;996.6648000000185;995.7712000000029;988.9974999999993;988.5573999999992;998.0816000000107;995.6831000000029;997.3776000000146;995.7712000000029;993.8390000000004;993.8390000000004;993.8390000000004;993.8390000000004;987.2370999999991;993.8390000000004;988.9974999999993;995.7712000000029;
1439.9758782329561;996.6648000000185;995.7712000000029;988.9974999999993;988.5573999999992;998.0728000000107;995.6831000000029;997.3776000000146;995.7712000000029;993.8390000000004;993.8390000000004;993.8390000000004;993.8390000000004;987.2370999999991;993.8390000000004;988.9974999999993;995.7712000000029;
1439.9758782329561;996.6648000000185;995.7712000000029;988.9974999999993;988.5573999999992;998.0640000000108;995.6831000000029;997.3776000000146;995.7712000000029;993.8390000000004;993.8390000000004;993.8390000000004;993.8390000000004;987.2370999999991;993.8390000000004;988.9974999999993;995.7712000000029;
1439.975985262322;996.6648000000185;995.7712000000029;988.9974999999993;988.5573999999992;998.0640000000108;995.6831000000029;997.3776000000146;995.7711000000029;993.8390000000004;993.8390000000004;993.8390000000004;993.8390000000004;987.2370999999991;993.8390000000004;988.9974999999993;995.7712000000029;
1440.9155856017778;996.6472000000186;995.6831000000029;988.9974999999993;988.5573999999992;998.0464000000109;995.6831000000029;997.3688000000146;995.6831000000029;993.8390000000004;993.8390000000004;993.8390000000004;993.8390000000004;986.7969999999991;993.8390000000004;988.5573999999992;995.6831000000029;
1441.9156089416308;996.6384000000187;995.6831000000029;988.9974999999993;988.5573999999992;998.0376000000109;995.6831000000029;997.3512000000147;995.6831000000029;993.8390000000004;993.8390000000004;993.8390000000004;993.8390000000004;986.7969999999991;993.8390000000004;988.5573999999992;995.6831000000029;
1442.9156322814838;996.6296000000187;995.6831000000029;988.9974999999993;988.5573999999992;998.028800000011;995.6831000000029;997.3336000000148;995.6831000000029;993.8390000000004;993.8390000000004;993.8390000000004;993.8390000000004;986.7969999999991;993.8390000000004;988.5573999999992;995.6831000000029;
1442.9156322814838;996.6208000000188;995.6831000000029;988.9974999999993;988.5573999999992;998.028800000011;995.6831000000029;997.3336000000148;995.6831000000029;993.8390000000004;993.8390000000004;993.8390000000004;993.8390000000004;986.7969999999991;993.8390000000004;988.5573999999992;995.6831000000029;
1443.915655621337;996.6208000000188;995.6831000000029;988.9974999999993;988.5573999999992;998.028800000011;995.6831000000029;997.3248000000149;995.6831000000029;993.8390000000004;993.8390000000004;993.8390000000004;993.8390000000004;986.7969999999991;993.8390000000004;988.5573999999992;995.6831000000029;
1444.9999999999964;996.6208000000188;995.6831000000029;988.9974999999993;988.5573999999992;998.028800000011;995.6831000000029;997.3248000000149;995.6831000000029;993.8390000000004;993.8390000000004;993.8390000000004;993.8390000000004;986.7969999999991;993.8390000000004;988.5573999999992;995.6831000000029;
1445.9999999999964;996.6208000000188;995.6831000000029;988.9974999999993;988.5573999999992;998.028800000011;995.6831000000029;997.3248000000149;995.6831000000029;993.8390000000004;993.8390000000004;993.8390000000004;993.8390000000004;986.7969999999991;993.8390000000004;988.5573999999992;995.6831000000029;
1446.9999999999964;996.6208000000188;995.6831000000029;988.9974999999993;988.5573999999992;998.028800000011;995.6831000000029;997.3248000000149;995.6831000000029;993.8390000000004;993.8390000000004;993.8390000000004;993.8390000000004;986.7969999999991;993.8390000000004;988.5573999999992;995.6831000000029;
1447.9999999999964;996.6208000000188;995.6831000000029;988.9974999999993;988.5573999999992;998.028800000011;995.6831000000029;997.3248000000149;995.6831000000029;993.8390000000004;993.8390000000004;993.8390000000004;993.8390000000004;986.7969999999991;993.8390000000004;988.5573999999992;995.6831000000029;
1448.9999999999964;996.6208000000188;995.6831000000029;988.9974999999993;988.5573999999992;998.028800000011;995.6831000000029;997.3248000000149;995.6831000000029;993.8390000000004;993.8390000000004;993.8390000000004;993.8390000000004;986.7969999999991;993.8390000000004;988.5573999999992;995.6831000000029;
1449.9999999999964;996.6208000000188;995.6831000000029;988.9974999999993;988.5573999999992;998.028800000011;995.6831000000029;997.3248000000149;995.6831000000029;993.8390000000004;993.8390000000004;993.8390000000004;993.8390000000004;986.7969999999991;993.8390000000004;988.5573999999992;995.6831000000029;
1450.9999999999964;996.6208000000188;995.6831000000029;988.9974999999993;988.5573999999992;998.028800000011;995.6831000000029;997.3248000000149;995.6831000000029;993.8390000000004;993.8390000000004;993.8390000000004;993.8390000000004;986.7969999999991;993.8390000000004;988.5573999999992;995.6831000000029;
1451.9999999999964;996.6208000000188;995.6831000000029;988.9974999999993;988.5573999999992;998.028800000011;995.6831000000029;997.3248000000149;995.6831000000029;993.8390000000004;993.8390000000004;993.8390000000004;993.8390000000004;986.7969999999991;993.8390000000004;988.5573999999992;995.6831000000029;
1452.9999999999964;996.6208000000188;995.6831000000029;988.9974999999993;988.5573999999992;998.028800000011;995.6831000000029;997.3248000000149;995.6831000000029;993.8390000000004;993.8390000000004;993.8390000000004;993.8390000000004;986.7969999999991;993.8390000000004;988.5573999999992;995.6831000000029;
1453.9999999999964;996.6208000000188;995.6831000000029;988.9974999999993;988.5573999999992;998.028800000011;995.6831000000029;997.3248000000149;995.6831000000029;993.8390000000004;993.8390000000004;993.8390000000004;993.8390000000004;986.7969999999991;993.8390000000004;988.5573999999992;995.6831000000029;
1454.9999999999964;996.6208000000188;995.6831000000029;988.9974999999993;988.5573999999992;998.028800000011;995.6831000000029;997.3248000000149;995.6831000000029;993.8390000000004;993.8390000000004;993.8390000000004;993.8390000000004;986.7969999999991;993.8390000000004;988.5573999999992;995.6831000000029;
1455.9999999999964;996.6208000000188;995.6831000000029;988.9974999999993;988.5573999999992;998.028800000011;995.6831000000029;997.3248000000149;995.6831000000029;993.8390000000004;993.8390000000004;993.8390000000004;993.8390000000004;986.7969999999991;993.8390000000004;988.5573999999992;995.6831000000029;
1456.9999999999964;996.6208000000188;995.6831000000029;988.9974999999993;988.5573999999992;998.028800000011;995.6831000000029;997.3248000000149;995.6831000000029;993.8390000000004;993.8390000000004;993.8390000000004;993.8390000000004;986.7969999999991;993.8390000000004;988.5573999999992;995.6831000000029;
1457.9999999999964;996.6208000000188;995.6831000000029;988.9974999999993;988.5573999999992;998.028800000011;995.6831000000029;997.3248000000149;995.6831000000029;993.8390000000004;993.8390000000004;993.8390000000004;993.8390000000004;986.7969999999991;993.8390000000004;988.5573999999992;995.6831000000029;
1458.9999999999964;996.6208000000188;995.6831000000029;988.9974999999993;988.5573999999992;998.028800000011;995.6831000000029;997.3248000000149;995.6831000000029;993.8390000000004;993.8390000000004;993.8390000000004;993.8390000000004;986.7969999999991;993.8390000000004;988.5573999999992;995.6831000000029;
1459.9999999999964;996.6208000000188;995.6831000000029;988.9974999999993;988.5573999999992;998.028800000011;995.6831000000029;997.3248000000149;995.6831000000029;993.8390000000004;993.8390000000004;993.8390000000004;993.8390000000004;986.7969999999991;993.8390000000004;988.5573999999992;995.6831000000029;
1460.9999999999964;996.6208000000188;995.6831000000029;988.9974999999993;988.5573999999992;998.028800000011;995.6831000000029;997.3248000000149;995.6831000000029;993.8390000000004;993.8390000000004;993.8390000000004;993.8390000000004;986.7969999999991;993.8390000000004;988.5573999999992;995.6831000000029;
1461.9999999999964;996.6208000000188;995.6831000000029;988.9974999999993;988.5573999999992;998.028800000011;995.6831000000029;997.3248000000149;995.6831000000029;993.8390000000004;993.8390000000004;993.8390000000004;993.8390000000004;986.7969999999991;993.8390000000004;988.5573999999992;995.6831000000029;
1462.9999999999964;996.6208000000188;995.6831000000029;988.9974999999993;988.5573999999992;998.028800000011;995.6831000000029;997.3248000000149;995.6831000000029;993.8390000000004;993.8390000000004;993.8390000000004;993.8390000000004;986.7969999999991;993.8390000000004;988.5573999999992;995.6831000000029;
1463.9999999999964;996.6208000000188;995.6831000000029;988.9974999999993;988.5573999999992;998.028800000011;995.6831000000029;997.3248000000149;995.6831000000029;993.8390000000004;993.8390000000004;993.8390000000004;993.8390000000004;986.7969999999991;993.8390000000004;988.5573999999992;995.6831000000029;
1464.9999999999964;996.6208000000188;995.6831000000029;988.9974999999993;988.5573999999992;998.028800000011;995.6831000000029;997.3248000000149;995.6831000000029;993.8390000000004;993.8390000000004;993.8390000000004;993.8390000000004;986.7969999999991;993.8390000000004;988.5573999999992;995.6831000000029;
1465.9999999999964;996.6208000000188;995.6831000000029;988.9974999999993;988.5573999999992;998.028800000011;995.6831000000029;997.3248000000149;995.6831000000029;993.8390000000004;993.8390000000004;993.8390000000004;993.8390000000004;986.7969999999991;993.8390000000004;988.5573999999992;995.6831000000029;
1466.9999999999964;996.6208000000188;995.6831000000029;988.9974999999993;988.5573999999992;998.028800000011;995.6831000000029;997.3248000000149;995.6831000000029;993.8390000000004;993.8390000000004;993.8390000000004;993.8390000000004;986.7969999999991;993.8390000000004;988.5573999999992;995.6831000000029;
1467.9999999999964;996.6208000000188;995.6831000000029;988.9974999999993;988.5573999999992;998.028800000011;995.6831000000029;997.3248000000149;995.6831000000029;993.8390000000004;993.8390000000004;993.8390000000004;993.8390000000004;986.7969999999991;993.8390000000004;988.5573999999992;995.6831000000029;
1468.9999999999964;996.6208000000188;995.6831000000029;988.9974999999993;988.5573999999992;998.028800000011;995.6831000000029;997.3248000000149;995.6831000000029;993.8390000000004;993.8390000000004;993.8390000000004;993.8390000000004;986.7969999999991;993.8390000000004;988.5573999999992;995.6831000000029;
1469.9083519517808;996.6208000000188;995.6831000000029;988.9974999999993;988.5573999999992;998.028800000011;995.683000000003;997.3248000000149;995.6831000000029;993.8390000000004;993.8390000000004;993.8390000000004;993.8390000000004;986.7969999999991;993.8390000000004;988.5573999999992;995.6831000000029;
1469.9083519517808;996.6208000000188;995.6831000000029;988.9974999999993;988.5573999999992;998.028800000011;995.595000000003;997.3248000000149;995.6831000000029;993.8390000000004;993.8390000000004;993.8390000000004;993.8390000000004;986.7969999999991;993.8390000000004;988.5573999999992;995.6831000000029;
1469.9136679517808;996.6120000000188;995.6831000000029;988.9974999999993;988.5573999999992;998.028800000011;995.595000000003;997.3248000000149;995.6831000000029;993.8390000000004;993.8390000000004;993.8390000000004;993.8390000000004;986.7969999999991;993.8390000000004;988.5573999999992;995.6831000000029;
1469.9136679517808;996.6032000000189;995.6831000000029;988.9974999999993;988.5573999999992;998.028800000011;995.595000000003;997.3248000000149;995.6831000000029;993.8390000000004;993.8390000000004;993.8390000000004;993.8390000000004;986.7969999999991;993.8390000000004;988.5573999999992;995.6831000000029;
1469.9189839517808;996.6032000000189;995.6831000000029;988.9974999999993;988.5573999999992;998.028800000011;995.595000000003;997.3160000000149;995.6831000000029;993.8390000000004;993.8390000000004;993.8390000000004;993.8390000000004;986.7969999999991;993.8390000000004;988.5573999999992;995.6831000000029;
1469.9754691839823;996.6032000000189;995.6831000000029;988.9974999999993;988.5573999999992;998.028800000011;995.595000000003;997.3160000000149;995.683000000003;993.8390000000004;993.8390000000004;993.8390000000004;993.8390000000004;986.7969999999991;993.8390000000004;988.5573999999992;995.6831000000029;
1469.9754691839823;996.6032000000189;995.6831000000029;988.9974999999993;988.5573999999992;998.028800000011;995.595000000003;997.3160000000149;995.595000000003;993.8390000000004;993.8390000000004;993.8390000000004;993.8390000000004;986.7969999999991;993.8390000000004;988.5573999999992;995.6831000000029;
1469.9807851839823;996.5944000000189;995.6831000000029;988.9974999999993;988.5573999999992;998.028800000011;995.595000000003;997.3160000000149;995.595000000003;993.8390000000004;993.8390000000004;993.8390000000004;993.8390000000004;986.7969999999991;993.8390000000004;988.5573999999992;995.6831000000029;
1469.9999999999964;996.5944000000189;995.6831000000029;988.9974999999993;988.5573999999992;998.028800000011;995.595000000003;997.3160000000149;995.595000000003;993.8390000000004;993.8390000000004;993.8390000000004;993.8390000000004;986.7969999999991;993.8390000000004;988.5573999999992;995.6831000000029;
1470.0163245932429;996.5944000000189;995.6831000000029;988.9974999999993;988.5573999999992;998.028800000011;995.595000000003;997.3160000000149;995.595000000003;993.8390000000004;993.8390000000004;993.8390000000004;993.8390000000004;986.7969999999991;993.8390000000004;988.5573999999992;995.683000000003;
1470.0163245932429;996.5944000000189;995.6831000000029;988.9974999999993;988.5573999999992;998.028800000011;995.595000000003;997.3160000000149;995.595000000003;993.8390000000004;993.8390000000004;993.8390000000004;993.8390000000004;986.7969999999991;993.8390000000004;988.5573999999992;995.595000000003;
1470.0311253501368;996.5944000000189;995.683000000003;988.9974999999993;988.5573999999992;998.028800000011;995.595000000003;997.3160000000149;995.595000000003;993.8390000000004;993.8390000000004;993.8390000000004;993.8390000000004;986.7969999999991;993.8390000000004;988.5573999999992;995.595000000003;
1470.0311253501368;996.5944000000189;995.595000000003;988.9974999999993;988.5573999999992;998.028800000011;995.595000000003;997.3160000000149;995.595000000003;993.8390000000004;993.8390000000004;993.8390000000004;993.8390000000004;986.7969999999991;993.8390000000004;988.5573999999992;995.595000000003;
1470.913691291634;996.585600000019;995.595000000003;988.9974999999993;988.5573999999992;998.028800000011;995.595000000003;997.3160000000149;995.595000000003;993.8390000000004;993.8390000000004;993.8390000000004;993.8390000000004;986.7969999999991;993.8390000000004;988.5573999999992;995.595000000003;
1471.913714631487;996.576800000019;995.595000000003;988.9974999999993;988.5573999999992;998.028800000011;995.595000000003;997.307200000015;995.595000000003;993.8390000000004;993.8390000000004;993.8390000000004;993.8390000000004;986.7969999999991;993.8390000000004;988.5573999999992;995.595000000003;
1472.9137379713402;996.5680000000191;995.595000000003;988.9974999999993;988.5573999999992;998.028800000011;995.595000000003;997.298400000015;995.595000000003;993.8390000000004;993.8390000000004;993.8390000000004;993.8390000000004;986.7969999999991;993.8390000000004;988.5573999999992;995.595000000003;
1472.9999999999964;996.5680000000191;995.595000000003;988.9974999999993;988.5573999999992;998.028800000011;995.595000000003;997.298400000015;995.595000000003;993.8390000000004;993.8390000000004;993.8390000000004;993.8390000000004;986.7969999999991;993.8390000000004;988.5573999999992;995.595000000003;
1473.9999999999964;996.5680000000191;995.595000000003;988.9974999999993;988.5573999999992;998.028800000011;995.595000000003;997.298400000015;995.595000000003;993.8390000000004;993.8390000000004;993.8390000000004;993.8390000000004;986.7969999999991;993.8390000000004;988.5573999999992;995.595000000003;
1474.9999999999964;996.5680000000191;995.595000000003;988.9974999999993;988.5573999999992;998.028800000011;995.595000000003;997.298400000015;995.595000000003;993.8390000000004;993.8390000000004;993.8390000000004;993.8390000000004;986.7969999999991;993.8390000000004;988.5573999999992;995.595000000003;
1475.9999999999964;996.5680000000191;995.595000000003;988.9974999999993;988.5573999999992;998.028800000011;995.595000000003;997.298400000015;995.595000000003;993.8390000000004;993.8390000000004;993.8390000000004;993.8390000000004;986.7969999999991;993.8390000000004;988.5573999999992;995.595000000003;
1476.9999999999964;996.5680000000191;995.595000000003;988.9974999999993;988.5573999999992;998.028800000011;995.595000000003;997.298400000015;995.595000000003;993.8390000000004;993.8390000000004;993.8390000000004;993.8390000000004;986.7969999999991;993.8390000000004;988.5573999999992;995.595000000003;
1477.9999999999964;996.5680000000191;995.595000000003;988.9974999999993;988.5573999999992;998.028800000011;995.595000000003;997.298400000015;995.595000000003;993.8390000000004;993.8390000000004;993.8390000000004;993.8390000000004;986.7969999999991;993.8390000000004;988.5573999999992;995.595000000003;
1478.9999999999964;996.5680000000191;995.595000000003;988.9974999999993;988.5573999999992;998.028800000011;995.595000000003;997.298400000015;995.595000000003;993.8390000000004;993.8390000000004;993.8390000000004;993.8390000000004;986.7969999999991;993.8390000000004;988.5573999999992;995.595000000003;
1479.9999999999964;996.5680000000191;995.595000000003;988.9974999999993;988.5573999999992;998.028800000011;995.595000000003;997.298400000015;995.595000000003;993.8390000000004;993.8390000000004;993.8390000000004;993.8390000000004;986.7969999999991;993.8390000000004;988.5573999999992;995.595000000003;
1480.9999999999964;996.5680000000191;995.595000000003;988.9974999999993;988.5573999999992;998.028800000011;995.595000000003;997.298400000015;995.595000000003;993.8390000000004;993.8390000000004;993.8390000000004;993.8390000000004;986.7969999999991;993.8390000000004;988.5573999999992;995.595000000003;
1481.9999999999964;996.5680000000191;995.595000000003;988.9974999999993;988.5573999999992;998.028800000011;995.595000000003;997.298400000015;995.595000000003;993.8390000000004;993.8390000000004;993.8390000000004;993.8390000000004;986.7969999999991;993.8390000000004;988.5573999999992;995.595000000003;
1482.9999999999964;996.5680000000191;995.595000000003;988.9974999999993;988.5573999999992;998.028800000011;995.595000000003;997.298400000015;995.595000000003;993.8390000000004;993.8390000000004;993.8390000000004;993.8390000000004;986.7969999999991;993.8390000000004;988.5573999999992;995.595000000003;
1483.9999999999964;996.5680000000191;995.595000000003;988.9974999999993;988.5573999999992;998.028800000011;995.595000000003;997.298400000015;995.595000000003;993.8390000000004;993.8390000000004;993.8390000000004;993.8390000000004;986.7969999999991;993.8390000000004;988.5573999999992;995.595000000003;
1484.9999999999964;996.5680000000191;995.595000000003;988.9974999999993;988.5573999999992;998.028800000011;995.595000000003;997.298400000015;995.595000000003;993.8390000000004;993.8390000000004;993.8390000000004;993.8390000000004;986.7969999999991;993.8390000000004;988.5573999999992;995.595000000003;
1485.9999999999964;996.5680000000191;995.595000000003;988.9974999999993;988.5573999999992;998.028800000011;995.595000000003;997.298400000015;995.595000000003;993.8390000000004;993.8390000000004;993.8390000000004;993.8390000000004;986.7969999999991;993.8390000000004;988.5573999999992;995.595000000003;
1486.9999999999964;996.5680000000191;995.595000000003;988.9974999999993;988.5573999999992;998.028800000011;995.595000000003;997.298400000015;995.595000000003;993.8390000000004;993.8390000000004;993.8390000000004;993.8390000000004;986.7969999999991;993.8390000000004;988.5573999999992;995.595000000003;
1487.9999999999964;996.5680000000191;995.595000000003;988.9974999999993;988.5573999999992;998.028800000011;995.595000000003;997.298400000015;995.595000000003;993.8390000000004;993.8390000000004;993.8390000000004;993.8390000000004;986.7969999999991;993.8390000000004;988.5573999999992;995.595000000003;
1488.9999999999964;996.5680000000191;995.595000000003;988.9974999999993;988.5573999999992;998.028800000011;995.595000000003;997.298400000015;995.595000000003;993.8390000000004;993.8390000000004;993.8390000000004;993.8390000000004;986.7969999999991;993.8390000000004;988.5573999999992;995.595000000003;
1489.9999999999964;996.5680000000191;995.595000000003;988.9974999999993;988.5573999999992;998.028800000011;995.595000000003;997.298400000015;995.595000000003;993.8390000000004;993.8390000000004;993.8390000000004;993.8390000000004;986.7969999999991;993.8390000000004;988.5573999999992;995.595000000003;
1490.9999999999964;996.5680000000191;995.595000000003;988.9974999999993;988.5573999999992;998.028800000011;995.595000000003;997.298400000015;995.595000000003;993.8390000000004;993.8390000000004;993.8390000000004;993.8390000000004;986.7969999999991;993.8390000000004;988.5573999999992;995.595000000003;
1491.9999999999964;996.5680000000191;995.595000000003;988.9974999999993;988.5573999999992;998.028800000011;995.595000000003;997.298400000015;995.595000000003;993.8390000000004;993.8390000000004;993.8390000000004;993.8390000000004;986.7969999999991;993.8390000000004;988.5573999999992;995.595000000003;
1492.9999999999964;996.5680000000191;995.595000000003;988.9974999999993;988.5573999999992;998.028800000011;995.595000000003;997.298400000015;995.595000000003;993.8390000000004;993.8390000000004;993.8390000000004;993.8390000000004;986.7969999999991;993.8390000000004;988.5573999999992;995.595000000003;
1493.9999999999964;996.5680000000191;995.595000000003;988.9974999999993;988.5573999999992;998.028800000011;995.595000000003;997.298400000015;995.595000000003;993.8390000000004;993.8390000000004;993.8390000000004;993.8390000000004;986.7969999999991;993.8390000000004;988.5573999999992;995.595000000003;
1494.9999999999964;996.5680000000191;995.595000000003;988.9974999999993;988.5573999999992;998.028800000011;995.595000000003;997.298400000015;995.595000000003;993.8390000000004;993.8390000000004;993.8390000000004;993.8390000000004;986.7969999999991;993.8390000000004;988.5573999999992;995.595000000003;
1495.9999999999964;996.5680000000191;995.595000000003;988.9974999999993;988.5573999999992;998.028800000011;995.595000000003;997.298400000015;995.595000000003;993.8390000000004;993.8390000000004;993.8390000000004;993.8390000000004;986.7969999999991;993.8390000000004;988.5573999999992;995.595000000003;
1496.9999999999964;996.5680000000191;995.595000000003;988.9974999999993;988.5573999999992;998.028800000011;995.595000000003;997.298400000015;995.595000000003;993.8390000000004;993.8390000000004;993.8390000000004;993.8390000000004;986.7969999999991;993.8390000000004;988.5573999999992;995.595000000003;
1497.9999999999964;996.5680000000191;995.595000000003;988.9974999999993;988.5573999999992;998.028800000011;995.595000000003;997.298400000015;995.595000000003;993.8390000000004;993.8390000000004;993.8390000000004;993.8390000000004;986.7969999999991;993.8390000000004;988.5573999999992;995.595000000003;
1498.9999999999964;996.5680000000191;995.595000000003;988.9974999999993;988.5573999999992;998.028800000011;995.595000000003;997.298400000015;995.595000000003;993.8390000000004;993.8390000000004;993.8390000000004;993.8390000000004;986.7969999999991;993.8390000000004;988.5573999999992;995.595000000003;
1499.9064576416372;996.5680000000191;995.595000000003;988.9974999999993;988.5573999999992;998.028800000011;995.594900000003;997.298400000015;995.595000000003;993.8390000000004;993.8390000000004;993.8390000000004;993.8390000000004;986.7969999999991;993.8390000000004;988.5573999999992;995.595000000003;
1499.9064576416372;996.5680000000191;995.595000000003;988.9974999999993;988.5573999999992;998.028800000011;995.506900000003;997.298400000015;995.595000000003;993.8390000000004;993.8390000000004;993.8390000000004;993.8390000000004;986.7969999999991;993.8390000000004;988.5573999999992;995.595000000003;
1499.9117736416372;996.5592000000191;995.595000000003;988.9974999999993;988.5573999999992;998.028800000011;995.506900000003;997.298400000015;995.595000000003;993.8390000000004;993.8390000000004;993.8390000000004;993.8390000000004;986.7969999999991;993.8390000000004;988.5573999999992;995.595000000003;
1499.9117736416372;996.5504000000192;995.595000000003;988.9974999999993;988.5573999999992;998.028800000011;995.506900000003;997.298400000015;995.595000000003;993.8390000000004;993.8390000000004;993.8390000000004;993.8390000000004;986.7969999999991;993.8390000000004;988.5573999999992;995.595000000003;
1499.9170896416372;996.5504000000192;995.595000000003;988.9974999999993;988.5573999999992;998.028800000011;995.506900000003;997.2896000000151;995.595000000003;993.8390000000004;993.8390000000004;993.8390000000004;993.8390000000004;986.7969999999991;993.8390000000004;988.5573999999992;995.595000000003;
1499.9226390376655;996.5504000000192;995.595000000003;988.9973999999993;988.5573999999992;998.028800000011;995.506900000003;997.2896000000151;995.595000000003;993.8390000000004;993.8390000000004;993.8390000000004;993.8390000000004;986.7969999999991;993.8390000000004;988.5573999999992;995.595000000003;
1499.9226390376655;996.5504000000192;995.595000000003;988.5573999999992;988.5573999999992;998.028800000011;995.506900000003;997.2896000000151;995.595000000003;993.8390000000004;993.8390000000004;993.8390000000004;993.8390000000004;986.7969999999991;993.8390000000004;988.5573999999992;995.595000000003;
1499.9279550376655;996.5416000000192;995.595000000003;988.5573999999992;988.5573999999992;998.028800000011;995.506900000003;997.2896000000151;995.595000000003;993.8390000000004;993.8390000000004;993.8390000000004;993.8390000000004;986.7969999999991;993.8390000000004;988.5573999999992;995.595000000003;
1499.9691589925162;996.5416000000192;995.595000000003;988.5573999999992;988.5573999999992;998.028800000011;995.506900000003;997.2896000000151;995.595000000003;993.8389000000004;993.8390000000004;993.8390000000004;993.8390000000004;986.7969999999991;993.8390000000004;988.5573999999992;995.595000000003;
1499.9691589925162;996.5416000000192;995.595000000003;988.5573999999992;988.5573999999992;998.028800000011;995.506900000003;997.2896000000151;995.595000000003;993.2229000000004;993.8390000000004;993.8390000000004;993.8390000000004;986.7969999999991;993.8390000000004;988.5573999999992;995.595000000003;
1499.9693251352573;996.5416000000192;995.595000000003;988.5573999999992;988.5572999999993;998.028800000011;995.506900000003;997.2896000000151;995.595000000003;993.2229000000004;993.8390000000004;993.8390000000004;993.8390000000004;986.7969999999991;993.8390000000004;988.5573999999992;995.595000000003;
1499.9693251352573;996.5416000000192;995.595000000003;988.5573999999992;988.1172999999992;998.028800000011;995.506900000003;997.2896000000151;995.595000000003;993.2229000000004;993.8390000000004;993.8390000000004;993.8390000000004;986.7969999999991;993.8390000000004;988.5573999999992;995.595000000003;
1500.91179698149;996.5064000000194;995.506900000003;988.5573999999992;988.1172999999992;997.9672000000113;995.506900000003;997.2808000000151;995.506900000003;993.2229000000004;993.2229000000004;993.2229000000004;993.2229000000004;986.3568999999991;993.2229000000004;988.1172999999992;995.506900000003;
1500.91179698149;996.4976000000195;995.506900000003;988.5573999999992;988.1172999999992;997.9672000000113;995.506900000003;997.2808000000151;995.506900000003;993.2229000000004;993.2229000000004;993.2229000000004;993.2229000000004;986.3568999999991;993.2229000000004;988.1172999999992;995.506900000003;
1501.911820321343;996.4976000000195;995.506900000003;988.5573999999992;988.1172999999992;997.9584000000114;995.506900000003;997.2632000000152;995.506900000003;993.2229000000004;993.2229000000004;993.2229000000004;993.2229000000004;986.3568999999991;993.2229000000004;988.1172999999992;995.506900000003;
1502.9118436611961;996.4888000000195;995.506900000003;988.5573999999992;988.1172999999992;997.9496000000114;995.506900000003;997.2456000000153;995.506900000003;993.2229000000004;993.2229000000004;993.2229000000004;993.2229000000004;986.3568999999991;993.2229000000004;988.1172999999992;995.506900000003;
1502.9118436611961;996.4800000000196;995.506900000003;988.5573999999992;988.1172999999992;997.9496000000114;995.506900000003;997.2456000000153;995.506900000003;993.2229000000004;993.2229000000004;993.2229000000004;993.2229000000004;986.3568999999991;993.2229000000004;988.1172999999992;995.506900000003;
1503.9118670010494;996.4800000000196;995.506900000003;988.5573999999992;988.1172999999992;997.9408000000114;995.506900000003;997.2280000000154;995.506900000003;993.2229000000004;993.2229000000004;993.2229000000004;993.2229000000004;986.3568999999991;993.2229000000004;988.1172999999992;995.506900000003;
1504.9118903409023;996.4712000000196;995.506900000003;988.5573999999992;988.1172999999992;997.9320000000115;995.506900000003;997.2104000000155;995.506900000003;993.2229000000004;993.2229000000004;993.2229000000004;993.2229000000004;986.3568999999991;993.2229000000004;988.1172999999992;995.506900000003;
1505.9119136807556;996.4624000000197;995.506900000003;988.5573999999992;988.1172999999992;997.9232000000115;995.506900000003;997.1928000000156;995.506900000003;993.2229000000004;993.2229000000004;993.2229000000004;993.2229000000004;986.3568999999991;993.2229000000004;988.1172999999992;995.506900000003;
1505.9747493423108;996.4624000000197;995.506900000003;988.5573999999992;988.1172999999992;997.9232000000115;995.506900000003;997.1928000000156;995.506900000003;993.2229000000004;993.2229000000004;993.2229000000004;993.2229000000004;986.3568999999991;993.2229000000004;988.1172999999992;995.506900000003;
1506.9999999999961;996.4624000000197;995.506900000003;988.5573999999992;988.1172999999992;997.9232000000115;995.506900000003;997.1928000000156;995.506900000003;993.2229000000004;993.2229000000004;993.2229000000004;993.2229000000004;986.3568999999991;993.2229000000004;988.1172999999992;995.506900000003;
1507.9999999999961;996.4624000000197;995.506900000003;988.5573999999992;988.1172999999992;997.9232000000115;995.506900000003;997.1928000000156;995.506900000003;993.2229000000004;993.2229000000004;993.2229000000004;993.2229000000004;986.3568999999991;993.2229000000004;988.1172999999992;995.506900000003;
1508.9999999999961;996.4624000000197;995.506900000003;988.5573999999992;988.1172999999992;997.9232000000115;995.506900000003;997.1928000000156;995.506900000003;993.2229000000004;993.2229000000004;993.2229000000004;993.2229000000004;986.3568999999991;993.2229000000004;988.1172999999992;995.506900000003;
1509.9999999999961;996.4624000000197;995.506900000003;988.5573999999992;988.1172999999992;997.9232000000115;995.506900000003;997.1928000000156;995.506900000003;993.2229000000004;993.2229000000004;993.2229000000004;993.2229000000004;986.3568999999991;993.2229000000004;988.1172999999992;995.506900000003;
1510.9999999999961;996.4624000000197;995.506900000003;988.5573999999992;988.1172999999992;997.9232000000115;995.506900000003;997.1928000000156;995.506900000003;993.2229000000004;993.2229000000004;993.2229000000004;993.2229000000004;986.3568999999991;993.2229000000004;988.1172999999992;995.506900000003;
1511.9999999999961;996.4624000000197;995.506900000003;988.5573999999992;988.1172999999992;997.9232000000115;995.506900000003;997.1928000000156;995.506900000003;993.2229000000004;993.2229000000004;993.2229000000004;993.2229000000004;986.3568999999991;993.2229000000004;988.1172999999992;995.506900000003;
1512.9999999999961;996.4624000000197;995.506900000003;988.5573999999992;988.1172999999992;997.9232000000115;995.506900000003;997.1928000000156;995.506900000003;993.2229000000004;993.2229000000004;993.2229000000004;993.2229000000004;986.3568999999991;993.2229000000004;988.1172999999992;995.506900000003;
1513.9999999999961;996.4624000000197;995.506900000003;988.5573999999992;988.1172999999992;997.9232000000115;995.506900000003;997.1928000000156;995.506900000003;993.2229000000004;993.2229000000004;993.2229000000004;993.2229000000004;986.3568999999991;993.2229000000004;988.1172999999992;995.506900000003;
1514.9999999999961;996.4624000000197;995.506900000003;988.5573999999992;988.1172999999992;997.9232000000115;995.506900000003;997.1928000000156;995.506900000003;993.2229000000004;993.2229000000004;993.2229000000004;993.2229000000004;986.3568999999991;993.2229000000004;988.1172999999992;995.506900000003;
1515.9999999999961;996.4624000000197;995.506900000003;988.5573999999992;988.1172999999992;997.9232000000115;995.506900000003;997.1928000000156;995.506900000003;993.2229000000004;993.2229000000004;993.2229000000004;993.2229000000004;986.3568999999991;993.2229000000004;988.1172999999992;995.506900000003;
1516.9999999999961;996.4624000000197;995.506900000003;988.5573999999992;988.1172999999992;997.9232000000115;995.506900000003;997.1928000000156;995.506900000003;993.2229000000004;993.2229000000004;993.2229000000004;993.2229000000004;986.3568999999991;993.2229000000004;988.1172999999992;995.506900000003;
1517.9999999999961;996.4624000000197;995.506900000003;988.5573999999992;988.1172999999992;997.9232000000115;995.506900000003;997.1928000000156;995.506900000003;993.2229000000004;993.2229000000004;993.2229000000004;993.2229000000004;986.3568999999991;993.2229000000004;988.1172999999992;995.506900000003;
1518.9999999999961;996.4624000000197;995.506900000003;988.5573999999992;988.1172999999992;997.9232000000115;995.506900000003;997.1928000000156;995.506900000003;993.2229000000004;993.2229000000004;993.2229000000004;993.2229000000004;986.3568999999991;993.2229000000004;988.1172999999992;995.506900000003;
1519.9999999999961;996.4624000000197;995.506900000003;988.5573999999992;988.1172999999992;997.9232000000115;995.506900000003;997.1928000000156;995.506900000003;993.2229000000004;993.2229000000004;993.2229000000004;993.2229000000004;986.3568999999991;993.2229000000004;988.1172999999992;995.506900000003;
1520.9999999999961;996.4624000000197;995.506900000003;988.5573999999992;988.1172999999992;997.9232000000115;995.506900000003;997.1928000000156;995.506900000003;993.2229000000004;993.2229000000004;993.2229000000004;993.2229000000004;986.3568999999991;993.2229000000004;988.1172999999992;995.506900000003;
1521.9999999999961;996.4624000000197;995.506900000003;988.5573999999992;988.1172999999992;997.9232000000115;995.506900000003;997.1928000000156;995.506900000003;993.2229000000004;993.2229000000004;993.2229000000004;993.2229000000004;986.3568999999991;993.2229000000004;988.1172999999992;995.506900000003;
1522.9999999999961;996.4624000000197;995.506900000003;988.5573999999992;988.1172999999992;997.9232000000115;995.506900000003;997.1928000000156;995.506900000003;993.2229000000004;993.2229000000004;993.2229000000004;993.2229000000004;986.3568999999991;993.2229000000004;988.1172999999992;995.506900000003;
1523.9999999999961;996.4624000000197;995.506900000003;988.5573999999992;988.1172999999992;997.9232000000115;995.506900000003;997.1928000000156;995.506900000003;993.2229000000004;993.2229000000004;993.2229000000004;993.2229000000004;986.3568999999991;993.2229000000004;988.1172999999992;995.506900000003;
1524.9999999999961;996.4624000000197;995.506900000003;988.5573999999992;988.1172999999992;997.9232000000115;995.506900000003;997.1928000000156;995.506900000003;993.2229000000004;993.2229000000004;993.2229000000004;993.2229000000004;986.3568999999991;993.2229000000004;988.1172999999992;995.506900000003;
1525.9999999999961;996.4624000000197;995.506900000003;988.5573999999992;988.1172999999992;997.9232000000115;995.506900000003;997.1928000000156;995.506900000003;993.2229000000004;993.2229000000004;993.2229000000004;993.2229000000004;986.3568999999991;993.2229000000004;988.1172999999992;995.506900000003;
1526.9999999999961;996.4624000000197;995.506900000003;988.5573999999992;988.1172999999992;997.9232000000115;995.506900000003;997.1928000000156;995.506900000003;993.2229000000004;993.2229000000004;993.2229000000004;993.2229000000004;986.3568999999991;993.2229000000004;988.1172999999992;995.506900000003;
1527.9999999999961;996.4624000000197;995.506900000003;988.5573999999992;988.1172999999992;997.9232000000115;995.506900000003;997.1928000000156;995.506900000003;993.2229000000004;993.2229000000004;993.2229000000004;993.2229000000004;986.3568999999991;993.2229000000004;988.1172999999992;995.506900000003;
1528.9999999999961;996.4624000000197;995.506900000003;988.5573999999992;988.1172999999992;997.9232000000115;995.506900000003;997.1928000000156;995.506900000003;993.2229000000004;993.2229000000004;993.2229000000004;993.2229000000004;986.3568999999991;993.2229000000004;988.1172999999992;995.506900000003;
1529.9045633314931;996.4624000000197;995.506900000003;988.5573999999992;988.1172999999992;997.9232000000115;995.5068000000031;997.1928000000156;995.506900000003;993.2229000000004;993.2229000000004;993.2229000000004;993.2229000000004;986.3568999999991;993.2229000000004;988.1172999999992;995.506900000003;
1529.9045633314931;996.4624000000197;995.506900000003;988.5573999999992;988.1172999999992;997.9232000000115;995.4188000000031;997.1928000000156;995.506900000003;993.2229000000004;993.2229000000004;993.2229000000004;993.2229000000004;986.3568999999991;993.2229000000004;988.1172999999992;995.506900000003;
1529.9098793314931;996.4536000000197;995.506900000003;988.5573999999992;988.1172999999992;997.9232000000115;995.4188000000031;997.1928000000156;995.506900000003;993.2229000000004;993.2229000000004;993.2229000000004;993.2229000000004;986.3568999999991;993.2229000000004;988.1172999999992;995.506900000003;
1529.9098793314931;996.4448000000198;995.506900000003;988.5573999999992;988.1172999999992;997.9232000000115;995.4188000000031;997.1928000000156;995.506900000003;993.2229000000004;993.2229000000004;993.2229000000004;993.2229000000004;986.3568999999991;993.2229000000004;988.1172999999992;995.506900000003;
1529.9151953314931;996.4448000000198;995.506900000003;988.5573999999992;988.1172999999992;997.9232000000115;995.4188000000031;997.1840000000157;995.506900000003;993.2229000000004;993.2229000000004;993.2229000000004;993.2229000000004;986.3568999999991;993.2229000000004;988.1172999999992;995.506900000003;
1529.9744370273029;996.4448000000198;995.506900000003;988.5573999999992;988.1172999999992;997.9232000000115;995.4188000000031;997.1840000000157;995.5068000000031;993.2229000000004;993.2229000000004;993.2229000000004;993.2229000000004;986.3568999999991;993.2229000000004;988.1172999999992;995.506900000003;
1529.9744370273029;996.4448000000198;995.506900000003;988.5573999999992;988.1172999999992;997.9232000000115;995.4188000000031;997.1840000000157;995.4188000000031;993.2229000000004;993.2229000000004;993.2229000000004;993.2229000000004;986.3568999999991;993.2229000000004;988.1172999999992;995.506900000003;
1529.9797530273029;996.4360000000198;995.506900000003;988.5573999999992;988.1172999999992;997.9232000000115;995.4188000000031;997.1840000000157;995.4188000000031;993.2229000000004;993.2229000000004;993.2229000000004;993.2229000000004;986.3568999999991;993.2229000000004;988.1172999999992;995.506900000003;
1529.9999999999961;996.4360000000198;995.506900000003;988.5573999999992;988.1172999999992;997.9232000000115;995.4188000000031;997.1840000000157;995.4188000000031;993.2229000000004;993.2229000000004;993.2229000000004;993.2229000000004;986.3568999999991;993.2229000000004;988.1172999999992;995.506900000003;
1530.0169698734753;996.4360000000198;995.506900000003;988.5573999999992;988.1172999999992;997.9232000000115;995.4188000000031;997.1840000000157;995.4188000000031;993.2229000000004;993.2229000000004;993.2229000000004;993.2229000000004;986.3568999999991;993.2229000000004;988.1172999999992;995.5068000000031;
1530.0169698734753;996.4360000000198;995.506900000003;988.5573999999992;988.1172999999992;997.9232000000115;995.4188000000031;997.1840000000157;995.4188000000031;993.2229000000004;993.2229000000004;993.2229000000004;993.2229000000004;986.3568999999991;993.2229000000004;988.1172999999992;995.4188000000031;
1530.9099026713463;996.4272000000199;995.4188000000031;988.5573999999992;988.1172999999992;997.9232000000115;995.4188000000031;997.1840000000157;995.4188000000031;993.2229000000004;993.2229000000004;993.2229000000004;993.2229000000004;986.3568999999991;993.2229000000004;988.1172999999992;995.4188000000031;
1530.9099026713463;996.4184000000199;995.4188000000031;988.5573999999992;988.1172999999992;997.9232000000115;995.4188000000031;997.1840000000157;995.4188000000031;993.2229000000004;993.2229000000004;993.2229000000004;993.2229000000004;986.3568999999991;993.2229000000004;988.1172999999992;995.4188000000031;
1531.9099260111996;996.4184000000199;995.4188000000031;988.5573999999992;988.1172999999992;997.9232000000115;995.4188000000031;997.1752000000157;995.4188000000031;993.2229000000004;993.2229000000004;993.2229000000004;993.2229000000004;986.3568999999991;993.2229000000004;988.1172999999992;995.4188000000031;
1532.9099493510525;996.40960000002;995.4188000000031;988.5573999999992;988.1172999999992;997.9232000000115;995.4188000000031;997.1664000000158;995.4188000000031;993.2229000000004;993.2229000000004;993.2229000000004;993.2229000000004;986.3568999999991;993.2229000000004;988.1172999999992;995.4188000000031;
1533.9999999999961;996.40960000002;995.4188000000031;988.5573999999992;988.1172999999992;997.9232000000115;995.4188000000031;997.1664000000158;995.4188000000031;993.2229000000004;993.2229000000004;993.2229000000004;993.2229000000004;986.3568999999991;993.2229000000004;988.1172999999992;995.4188000000031;
1534.9999999999961;996.40960000002;995.4188000000031;988.5573999999992;988.1172999999992;997.9232000000115;995.4188000000031;997.1664000000158;995.4188000000031;993.2229000000004;993.2229000000004;993.2229000000004;993.2229000000004;986.3568999999991;993.2229000000004;988.1172999999992;995.4188000000031;
1535.9999999999961;996.40960000002;995.4188000000031;988.5573999999992;988.1172999999992;997.9232000000115;995.4188000000031;997.1664000000158;995.4188000000031;993.2229000000004;993.2229000000004;993.2229000000004;993.2229000000004;986.3568999999991;993.2229000000004;988.1172999999992;995.4188000000031;
1536.9999999999961;996.40960000002;995.4188000000031;988.5573999999992;988.1172999999992;997.9232000000115;995.4188000000031;997.1664000000158;995.4188000000031;993.2229000000004;993.2229000000004;993.2229000000004;993.2229000000004;986.3568999999991;993.2229000000004;988.1172999999992;995.4188000000031;
1537.9999999999961;996.40960000002;995.4188000000031;988.5573999999992;988.1172999999992;997.9232000000115;995.4188000000031;997.1664000000158;995.4188000000031;993.2229000000004;993.2229000000004;993.2229000000004;993.2229000000004;986.3568999999991;993.2229000000004;988.1172999999992;995.4188000000031;
1538.9999999999961;996.40960000002;995.4188000000031;988.5573999999992;988.1172999999992;997.9232000000115;995.4188000000031;997.1664000000158;995.4188000000031;993.2229000000004;993.2229000000004;993.2229000000004;993.2229000000004;986.3568999999991;993.2229000000004;988.1172999999992;995.4188000000031;
1539.9999999999961;996.40960000002;995.4188000000031;988.5573999999992;988.1172999999992;997.9232000000115;995.4188000000031;997.1664000000158;995.4188000000031;993.2229000000004;993.2229000000004;993.2229000000004;993.2229000000004;986.3568999999991;993.2229000000004;988.1172999999992;995.4188000000031;
1540.9999999999961;996.40960000002;995.4188000000031;988.5573999999992;988.1172999999992;997.9232000000115;995.4188000000031;997.1664000000158;995.4188000000031;993.2229000000004;993.2229000000004;993.2229000000004;993.2229000000004;986.3568999999991;993.2229000000004;988.1172999999992;995.4188000000031;
1541.9999999999961;996.40960000002;995.4188000000031;988.5573999999992;988.1172999999992;997.9232000000115;995.4188000000031;997.1664000000158;995.4188000000031;993.2229000000004;993.2229000000004;993.2229000000004;993.2229000000004;986.3568999999991;993.2229000000004;988.1172999999992;995.4188000000031;
1542.9999999999961;996.40960000002;995.4188000000031;988.5573999999992;988.1172999999992;997.9232000000115;995.4188000000031;997.1664000000158;995.4188000000031;993.2229000000004;993.2229000000004;993.2229000000004;993.2229000000004;986.3568999999991;993.2229000000004;988.1172999999992;995.4188000000031;
1543.9999999999961;996.40960000002;995.4188000000031;988.5573999999992;988.1172999999992;997.9232000000115;995.4188000000031;997.1664000000158;995.4188000000031;993.2229000000004;993.2229000000004;993.2229000000004;993.2229000000004;986.3568999999991;993.2229000000004;988.1172999999992;995.4188000000031;
1544.9999999999961;996.40960000002;995.4188000000031;988.5573999999992;988.1172999999992;997.9232000000115;995.4188000000031;997.1664000000158;995.4188000000031;993.2229000000004;993.2229000000004;993.2229000000004;993.2229000000004;986.3568999999991;993.2229000000004;988.1172999999992;995.4188000000031;
1545.9999999999961;996.40960000002;995.4188000000031;988.5573999999992;988.1172999999992;997.9232000000115;995.4188000000031;997.1664000000158;995.4188000000031;993.2229000000004;993.2229000000004;993.2229000000004;993.2229000000004;986.3568999999991;993.2229000000004;988.1172999999992;995.4188000000031;
1546.9999999999961;996.40960000002;995.4188000000031;988.5573999999992;988.1172999999992;997.9232000000115;995.4188000000031;997.1664000000158;995.4188000000031;993.2229000000004;993.2229000000004;993.2229000000004;993.2229000000004;986.3568999999991;993.2229000000004;988.1172999999992;995.4188000000031;
1547.9999999999961;996.40960000002;995.4188000000031;988.5573999999992;988.1172999999992;997.9232000000115;995.4188000000031;997.1664000000158;995.4188000000031;993.2229000000004;993.2229000000004;993.2229000000004;993.2229000000004;986.3568999999991;993.2229000000004;988.1172999999992;995.4188000000031;
1548.9999999999961;996.40960000002;995.4188000000031;988.5573999999992;988.1172999999992;997.9232000000115;995.4188000000031;997.1664000000158;995.4188000000031;993.2229000000004;993.2229000000004;993.2229000000004;993.2229000000004;986.3568999999991;993.2229000000004;988.1172999999992;995.4188000000031;
1549.9999999999961;996.40960000002;995.4188000000031;988.5573999999992;988.1172999999992;997.9232000000115;995.4188000000031;997.1664000000158;995.4188000000031;993.2229000000004;993.2229000000004;993.2229000000004;993.2229000000004;986.3568999999991;993.2229000000004;988.1172999999992;995.4188000000031;
1550.9999999999961;996.40960000002;995.4188000000031;988.5573999999992;988.1172999999992;997.9232000000115;995.4188000000031;997.1664000000158;995.4188000000031;993.2229000000004;993.2229000000004;993.2229000000004;993.2229000000004;986.3568999999991;993.2229000000004;988.1172999999992;995.4188000000031;
1551.9999999999961;996.40960000002;995.4188000000031;988.5573999999992;988.1172999999992;997.9232000000115;995.4188000000031;997.1664000000158;995.4188000000031;993.2229000000004;993.2229000000004;993.2229000000004;993.2229000000004;986.3568999999991;993.2229000000004;988.1172999999992;995.4188000000031;
1552.9999999999961;996.40960000002;995.4188000000031;988.5573999999992;988.1172999999992;997.9232000000115;995.4188000000031;997.1664000000158;995.4188000000031;993.2229000000004;993.2229000000004;993.2229000000004;993.2229000000004;986.3568999999991;993.2229000000004;988.1172999999992;995.4188000000031;
1553.9999999999961;996.40960000002;995.4188000000031;988.5573999999992;988.1172999999992;997.9232000000115;995.4188000000031;997.1664000000158;995.4188000000031;993.2229000000004;993.2229000000004;993.2229000000004;993.2229000000004;986.3568999999991;993.2229000000004;988.1172999999992;995.4188000000031;
1554.9999999999961;996.40960000002;995.4188000000031;988.5573999999992;988.1172999999992;997.9232000000115;995.4188000000031;997.1664000000158;995.4188000000031;993.2229000000004;993.2229000000004;993.2229000000004;993.2229000000004;986.3568999999991;993.2229000000004;988.1172999999992;995.4188000000031;
1555.9999999999961;996.40960000002;995.4188000000031;988.5573999999992;988.1172999999992;997.9232000000115;995.4188000000031;997.1664000000158;995.4188000000031;993.2229000000004;993.2229000000004;993.2229000000004;993.2229000000004;986.3568999999991;993.2229000000004;988.1172999999992;995.4188000000031;
1556.9999999999961;996.40960000002;995.4188000000031;988.5573999999992;988.1172999999992;997.9232000000115;995.4188000000031;997.1664000000158;995.4188000000031;993.2229000000004;993.2229000000004;993.2229000000004;993.2229000000004;986.3568999999991;993.2229000000004;988.1172999999992;995.4188000000031;
1557.9999999999961;996.40960000002;995.4188000000031;988.5573999999992;988.1172999999992;997.9232000000115;995.4188000000031;997.1664000000158;995.4188000000031;993.2229000000004;993.2229000000004;993.2229000000004;993.2229000000004;986.3568999999991;993.2229000000004;988.1172999999992;995.4188000000031;
1558.9999999999961;996.40960000002;995.4188000000031;988.5573999999992;988.1172999999992;997.9232000000115;995.4188000000031;997.1664000000158;995.4188000000031;993.2229000000004;993.2229000000004;993.2229000000004;993.2229000000004;986.3568999999991;993.2229000000004;988.1172999999992;995.4188000000031;
1559.9026690213495;996.40960000002;995.4188000000031;988.5573999999992;988.1172999999992;997.9232000000115;995.4187000000031;997.1664000000158;995.4188000000031;993.2229000000004;993.2229000000004;993.2229000000004;993.2229000000004;986.3568999999991;993.2229000000004;988.1172999999992;995.4188000000031;
1559.9026690213495;996.40960000002;995.4188000000031;988.5573999999992;988.1172999999992;997.9232000000115;995.3307000000032;997.1664000000158;995.4188000000031;993.2229000000004;993.2229000000004;993.2229000000004;993.2229000000004;986.3568999999991;993.2229000000004;988.1172999999992;995.4188000000031;
1559.9079850213495;996.40080000002;995.4188000000031;988.5573999999992;988.1172999999992;997.9232000000115;995.3307000000032;997.1664000000158;995.4188000000031;993.2229000000004;993.2229000000004;993.2229000000004;993.2229000000004;986.3568999999991;993.2229000000004;988.1172999999992;995.4188000000031;
1559.9079850213495;996.3920000000201;995.4188000000031;988.5573999999992;988.1172999999992;997.9232000000115;995.3307000000032;997.1664000000158;995.4188000000031;993.2229000000004;993.2229000000004;993.2229000000004;993.2229000000004;986.3568999999991;993.2229000000004;988.1172999999992;995.4188000000031;
1559.9133010213495;996.3920000000201;995.4188000000031;988.5573999999992;988.1172999999992;997.9232000000115;995.3307000000032;997.1576000000158;995.4188000000031;993.2229000000004;993.2229000000004;993.2229000000004;993.2229000000004;986.3568999999991;993.2229000000004;988.1172999999992;995.4188000000031;
1559.9192943611963;996.3920000000201;995.4188000000031;988.5572999999993;988.1172999999992;997.9232000000115;995.3307000000032;997.1576000000158;995.4188000000031;993.2229000000004;993.2229000000004;993.2229000000004;993.2229000000004;986.3568999999991;993.2229000000004;988.1172999999992;995.4188000000031;
1559.9192943611963;996.3920000000201;995.4188000000031;988.1172999999992;988.1172999999992;997.9232000000115;995.3307000000032;997.1576000000158;995.4188000000031;993.2229000000004;993.2229000000004;993.2229000000004;993.2229000000004;986.3568999999991;993.2229000000004;988.1172999999992;995.4188000000031;
1559.9246103611963;996.3832000000201;995.4188000000031;988.1172999999992;988.1172999999992;997.9232000000115;995.3307000000032;997.1576000000158;995.4188000000031;993.2229000000004;993.2229000000004;993.2229000000004;993.2229000000004;986.3568999999991;993.2229000000004;988.1172999999992;995.4188000000031;
1559.968088037558;996.3832000000201;995.4188000000031;988.1172999999992;988.1171999999992;997.9232000000115;995.3307000000032;997.1576000000158;995.4188000000031;993.2229000000004;993.2229000000004;993.2229000000004;993.2229000000004;986.3568999999991;993.2229000000004;988.1172999999992;995.4188000000031;
1559.968088037558;996.3832000000201;995.4188000000031;988.1172999999992;987.6771999999992;997.9232000000115;995.3307000000032;997.1576000000158;995.4188000000031;993.2229000000004;993.2229000000004;993.2229000000004;993.2229000000004;986.3568999999991;993.2229000000004;988.1172999999992;995.4188000000031;
1559.9734040375579;996.3832000000201;995.4188000000031;988.1172999999992;987.6771999999992;997.9144000000116;995.3307000000032;997.1576000000158;995.4188000000031;993.2229000000004;993.2229000000004;993.2229000000004;993.2229000000004;986.3568999999991;993.2229000000004;988.1172999999992;995.4188000000031;
1559.9734040375579;996.3832000000201;995.4188000000031;988.1172999999992;987.6771999999992;997.9056000000116;995.3307000000032;997.1576000000158;995.4188000000031;993.2229000000004;993.2229000000004;993.2229000000004;993.2229000000004;986.3568999999991;993.2229000000004;988.1172999999992;995.4188000000031;
1559.9739209489633;996.3832000000201;995.4188000000031;988.1172999999992;987.6771999999992;997.9056000000116;995.3307000000032;997.1576000000158;995.4187000000031;993.2229000000004;993.2229000000004;993.2229000000004;993.2229000000004;986.3568999999991;993.2229000000004;988.1172999999992;995.4188000000031;
1560.9080083612027;996.3656000000202;995.3307000000032;988.1172999999992;987.6771999999992;997.8880000000117;995.3307000000032;997.1488000000159;995.3307000000032;993.2229000000004;993.2229000000004;993.2229000000004;993.2229000000004;985.9167999999991;993.2229000000004;987.6771999999992;995.3307000000032;
1561.9080317010557;996.3568000000203;995.3307000000032;988.1172999999992;987.6771999999992;997.8792000000118;995.3307000000032;997.131200000016;995.3307000000032;993.2229000000004;993.2229000000004;993.2229000000004;993.2229000000004;985.9167999999991;993.2229000000004;987.6771999999992;995.3307000000032;
1561.9080317010557;996.3480000000203;995.3307000000032;988.1172999999992;987.6771999999992;997.8792000000118;995.3307000000032;997.131200000016;995.3307000000032;993.2229000000004;993.2229000000004;993.2229000000004;993.2229000000004;985.9167999999991;993.2229000000004;987.6771999999992;995.3307000000032;
1562.908055040909;996.3480000000203;995.3307000000032;988.1172999999992;987.6771999999992;997.8704000000118;995.3307000000032;997.113600000016;995.3307000000032;993.2229000000004;993.2229000000004;993.2229000000004;993.2229000000004;985.9167999999991;993.2229000000004;987.6771999999992;995.3307000000032;
1563.9080783807622;996.3392000000204;995.3307000000032;988.1172999999992;987.6771999999992;997.8704000000118;995.3307000000032;997.1048000000161;995.3307000000032;993.2229000000004;993.2229000000004;993.2229000000004;993.2229000000004;985.9167999999991;993.2229000000004;987.6771999999992;995.3307000000032;
1563.9999999999961;996.3392000000204;995.3307000000032;988.1172999999992;987.6771999999992;997.8704000000118;995.3307000000032;997.1048000000161;995.3307000000032;993.2229000000004;993.2229000000004;993.2229000000004;993.2229000000004;985.9167999999991;993.2229000000004;987.6771999999992;995.3307000000032;
1564.9999999999961;996.3392000000204;995.3307000000032;988.1172999999992;987.6771999999992;997.8704000000118;995.3307000000032;997.1048000000161;995.3307000000032;993.2229000000004;993.2229000000004;993.2229000000004;993.2229000000004;985.9167999999991;993.2229000000004;987.6771999999992;995.3307000000032;
1565.9999999999961;996.3392000000204;995.3307000000032;988.1172999999992;987.6771999999992;997.8704000000118;995.3307000000032;997.1048000000161;995.3307000000032;993.2229000000004;993.2229000000004;993.2229000000004;993.2229000000004;985.9167999999991;993.2229000000004;987.6771999999992;995.3307000000032;
1566.9999999999961;996.3392000000204;995.3307000000032;988.1172999999992;987.6771999999992;997.8704000000118;995.3307000000032;997.1048000000161;995.3307000000032;993.2229000000004;993.2229000000004;993.2229000000004;993.2229000000004;985.9167999999991;993.2229000000004;987.6771999999992;995.3307000000032;
1567.9999999999961;996.3392000000204;995.3307000000032;988.1172999999992;987.6771999999992;997.8704000000118;995.3307000000032;997.1048000000161;995.3307000000032;993.2229000000004;993.2229000000004;993.2229000000004;993.2229000000004;985.9167999999991;993.2229000000004;987.6771999999992;995.3307000000032;
1568.9999999999961;996.3392000000204;995.3307000000032;988.1172999999992;987.6771999999992;997.8704000000118;995.3307000000032;997.1048000000161;995.3307000000032;993.2229000000004;993.2229000000004;993.2229000000004;993.2229000000004;985.9167999999991;993.2229000000004;987.6771999999992;995.3307000000032;
1569.9999999999961;996.3392000000204;995.3307000000032;988.1172999999992;987.6771999999992;997.8704000000118;995.3307000000032;997.1048000000161;995.3307000000032;993.2229000000004;993.2229000000004;993.2229000000004;993.2229000000004;985.9167999999991;993.2229000000004;987.6771999999992;995.3307000000032;
1570.9999999999961;996.3392000000204;995.3307000000032;988.1172999999992;987.6771999999992;997.8704000000118;995.3307000000032;997.1048000000161;995.3307000000032;993.2229000000004;993.2229000000004;993.2229000000004;993.2229000000004;985.9167999999991;993.2229000000004;987.6771999999992;995.3307000000032;
1571.9999999999961;996.3392000000204;995.3307000000032;988.1172999999992;987.6771999999992;997.8704000000118;995.3307000000032;997.1048000000161;995.3307000000032;993.2229000000004;993.2229000000004;993.2229000000004;993.2229000000004;985.9167999999991;993.2229000000004;987.6771999999992;995.3307000000032;
1572.9999999999961;996.3392000000204;995.3307000000032;988.1172999999992;987.6771999999992;997.8704000000118;995.3307000000032;997.1048000000161;995.3307000000032;993.2229000000004;993.2229000000004;993.2229000000004;993.2229000000004;985.9167999999991;993.2229000000004;987.6771999999992;995.3307000000032;
1573.9999999999961;996.3392000000204;995.3307000000032;988.1172999999992;987.6771999999992;997.8704000000118;995.3307000000032;997.1048000000161;995.3307000000032;993.2229000000004;993.2229000000004;993.2229000000004;993.2229000000004;985.9167999999991;993.2229000000004;987.6771999999992;995.3307000000032;
1574.9999999999961;996.3392000000204;995.3307000000032;988.1172999999992;987.6771999999992;997.8704000000118;995.3307000000032;997.1048000000161;995.3307000000032;993.2229000000004;993.2229000000004;993.2229000000004;993.2229000000004;985.9167999999991;993.2229000000004;987.6771999999992;995.3307000000032;
1575.9999999999961;996.3392000000204;995.3307000000032;988.1172999999992;987.6771999999992;997.8704000000118;995.3307000000032;997.1048000000161;995.3307000000032;993.2229000000004;993.2229000000004;993.2229000000004;993.2229000000004;985.9167999999991;993.2229000000004;987.6771999999992;995.3307000000032;
1576.9999999999961;996.3392000000204;995.3307000000032;988.1172999999992;987.6771999999992;997.8704000000118;995.3307000000032;997.1048000000161;995.3307000000032;993.2229000000004;993.2229000000004;993.2229000000004;993.2229000000004;985.9167999999991;993.2229000000004;987.6771999999992;995.3307000000032;
1577.9999999999961;996.3392000000204;995.3307000000032;988.1172999999992;987.6771999999992;997.8704000000118;995.3307000000032;997.1048000000161;995.3307000000032;993.2229000000004;993.2229000000004;993.2229000000004;993.2229000000004;985.9167999999991;993.2229000000004;987.6771999999992;995.3307000000032;
1578.9999999999961;996.3392000000204;995.3307000000032;988.1172999999992;987.6771999999992;997.8704000000118;995.3307000000032;997.1048000000161;995.3307000000032;993.2229000000004;993.2229000000004;993.2229000000004;993.2229000000004;985.9167999999991;993.2229000000004;987.6771999999992;995.3307000000032;
1579.9999999999961;996.3392000000204;995.3307000000032;988.1172999999992;987.6771999999992;997.8704000000118;995.3307000000032;997.1048000000161;995.3307000000032;993.2229000000004;993.2229000000004;993.2229000000004;993.2229000000004;985.9167999999991;993.2229000000004;987.6771999999992;995.3307000000032;
1580.9999999999961;996.3392000000204;995.3307000000032;988.1172999999992;987.6771999999992;997.8704000000118;995.3307000000032;997.1048000000161;995.3307000000032;993.2229000000004;993.2229000000004;993.2229000000004;993.2229000000004;985.9167999999991;993.2229000000004;987.6771999999992;995.3307000000032;
1581.9999999999961;996.3392000000204;995.3307000000032;988.1172999999992;987.6771999999992;997.8704000000118;995.3307000000032;997.1048000000161;995.3307000000032;993.2229000000004;993.2229000000004;993.2229000000004;993.2229000000004;985.9167999999991;993.2229000000004;987.6771999999992;995.3307000000032;
1582.9999999999961;996.3392000000204;995.3307000000032;988.1172999999992;987.6771999999992;997.8704000000118;995.3307000000032;997.1048000000161;995.3307000000032;993.2229000000004;993.2229000000004;993.2229000000004;993.2229000000004;985.9167999999991;993.2229000000004;987.6771999999992;995.3307000000032;
1583.9999999999961;996.3392000000204;995.3307000000032;988.1172999999992;987.6771999999992;997.8704000000118;995.3307000000032;997.1048000000161;995.3307000000032;993.2229000000004;993.2229000000004;993.2229000000004;993.2229000000004;985.9167999999991;993.2229000000004;987.6771999999992;995.3307000000032;
1584.9999999999961;996.3392000000204;995.3307000000032;988.1172999999992;987.6771999999992;997.8704000000118;995.3307000000032;997.1048000000161;995.3307000000032;993.2229000000004;993.2229000000004;993.2229000000004;993.2229000000004;985.9167999999991;993.2229000000004;987.6771999999992;995.3307000000032;
1585.9999999999961;996.3392000000204;995.3307000000032;988.1172999999992;987.6771999999992;997.8704000000118;995.3307000000032;997.1048000000161;995.3307000000032;993.2229000000004;993.2229000000004;993.2229000000004;993.2229000000004;985.9167999999991;993.2229000000004;987.6771999999992;995.3307000000032;
1586.9999999999961;996.3392000000204;995.3307000000032;988.1172999999992;987.6771999999992;997.8704000000118;995.3307000000032;997.1048000000161;995.3307000000032;993.2229000000004;993.2229000000004;993.2229000000004;993.2229000000004;985.9167999999991;993.2229000000004;987.6771999999992;995.3307000000032;
1587.9999999999961;996.3392000000204;995.3307000000032;988.1172999999992;987.6771999999992;997.8704000000118;995.3307000000032;997.1048000000161;995.3307000000032;993.2229000000004;993.2229000000004;993.2229000000004;993.2229000000004;985.9167999999991;993.2229000000004;987.6771999999992;995.3307000000032;
1588.9999999999961;996.3392000000204;995.3307000000032;988.1172999999992;987.6771999999992;997.8704000000118;995.3307000000032;997.1048000000161;995.3307000000032;993.2229000000004;993.2229000000004;993.2229000000004;993.2229000000004;985.9167999999991;993.2229000000004;987.6771999999992;995.3307000000032;
1589.900774711206;996.3392000000204;995.3307000000032;988.1172999999992;987.6771999999992;997.8704000000118;995.3306000000032;997.1048000000161;995.3307000000032;993.2229000000004;993.2229000000004;993.2229000000004;993.2229000000004;985.9167999999991;993.2229000000004;987.6771999999992;995.3307000000032;
1589.900774711206;996.3392000000204;995.3307000000032;988.1172999999992;987.6771999999992;997.8704000000118;995.2426000000032;997.1048000000161;995.3307000000032;993.2229000000004;993.2229000000004;993.2229000000004;993.2229000000004;985.9167999999991;993.2229000000004;987.6771999999992;995.3307000000032;
1589.906090711206;996.3304000000204;995.3307000000032;988.1172999999992;987.6771999999992;997.8704000000118;995.2426000000032;997.1048000000161;995.3307000000032;993.2229000000004;993.2229000000004;993.2229000000004;993.2229000000004;985.9167999999991;993.2229000000004;987.6771999999992;995.3307000000032;
1589.906090711206;996.3216000000205;995.3307000000032;988.1172999999992;987.6771999999992;997.8704000000118;995.2426000000032;997.1048000000161;995.3307000000032;993.2229000000004;993.2229000000004;993.2229000000004;993.2229000000004;985.9167999999991;993.2229000000004;987.6771999999992;995.3307000000032;
1589.911406711206;996.3216000000205;995.3307000000032;988.1172999999992;987.6771999999992;997.8704000000118;995.2426000000032;997.0960000000161;995.3307000000032;993.2229000000004;993.2229000000004;993.2229000000004;993.2229000000004;985.9167999999991;993.2229000000004;987.6771999999992;995.3307000000032;
1589.9734048706237;996.3216000000205;995.3307000000032;988.1172999999992;987.6771999999992;997.8704000000118;995.2426000000032;997.0960000000161;995.3306000000032;993.2229000000004;993.2229000000004;993.2229000000004;993.2229000000004;985.9167999999991;993.2229000000004;987.6771999999992;995.3307000000032;
1589.9734048706237;996.3216000000205;995.3307000000032;988.1172999999992;987.6771999999992;997.8704000000118;995.2426000000032;997.0960000000161;995.2426000000032;993.2229000000004;993.2229000000004;993.2229000000004;993.2229000000004;985.9167999999991;993.2229000000004;987.6771999999992;995.3307000000032;
1589.9787208706236;996.3128000000205;995.3307000000032;988.1172999999992;987.6771999999992;997.8704000000118;995.2426000000032;997.0960000000161;995.2426000000032;993.2229000000004;993.2229000000004;993.2229000000004;993.2229000000004;985.9167999999991;993.2229000000004;987.6771999999992;995.3307000000032;
1589.9999999999961;996.3128000000205;995.3307000000032;988.1172999999992;987.6771999999992;997.8704000000118;995.2426000000032;997.0960000000161;995.2426000000032;993.2229000000004;993.2229000000004;993.2229000000004;993.2229000000004;985.9167999999991;993.2229000000004;987.6771999999992;995.3307000000032;
1590.017615153708;996.3128000000205;995.3307000000032;988.1172999999992;987.6771999999992;997.8704000000118;995.2426000000032;997.0960000000161;995.2426000000032;993.2229000000004;993.2229000000004;993.2229000000004;993.2229000000004;985.9167999999991;993.2229000000004;987.6771999999992;995.3306000000032;
1590.017615153708;996.3128000000205;995.3307000000032;988.1172999999992;987.6771999999992;997.8704000000118;995.2426000000032;997.0960000000161;995.2426000000032;993.2229000000004;993.2229000000004;993.2229000000004;993.2229000000004;985.9167999999991;993.2229000000004;987.6771999999992;995.2426000000032;
1590.0336224768434;996.3128000000205;995.3306000000032;988.1172999999992;987.6771999999992;997.8704000000118;995.2426000000032;997.0960000000161;995.2426000000032;993.2229000000004;993.2229000000004;993.2229000000004;993.2229000000004;985.9167999999991;993.2229000000004;987.6771999999992;995.2426000000032;
1590.9061140510591;996.3040000000206;995.2426000000032;988.1172999999992;987.6771999999992;997.8704000000118;995.2426000000032;997.0960000000161;995.2426000000032;993.2229000000004;993.2229000000004;993.2229000000004;993.2229000000004;985.9167999999991;993.2229000000004;987.6771999999992;995.2426000000032;
1591.9061373909124;996.2952000000206;995.2426000000032;988.1172999999992;987.6771999999992;997.8704000000118;995.2426000000032;997.0872000000162;995.2426000000032;993.2229000000004;993.2229000000004;993.2229000000004;993.2229000000004;985.9167999999991;993.2229000000004;987.6771999999992;995.2426000000032;
1591.9061373909124;996.2864000000206;995.2426000000032;988.1172999999992;987.6771999999992;997.8704000000118;995.2426000000032;997.0872000000162;995.2426000000032;993.2229000000004;993.2229000000004;993.2229000000004;993.2229000000004;985.9167999999991;993.2229000000004;987.6771999999992;995.2426000000032;
1592.9061607307656;996.2864000000206;995.2426000000032;988.1172999999992;987.6771999999992;997.8704000000118;995.2426000000032;997.0784000000162;995.2426000000032;993.2229000000004;993.2229000000004;993.2229000000004;993.2229000000004;985.9167999999991;993.2229000000004;987.6771999999992;995.2426000000032;
1593.9999999999964;996.2864000000206;995.2426000000032;988.1172999999992;987.6771999999992;997.8704000000118;995.2426000000032;997.0784000000162;995.2426000000032;993.2229000000004;993.2229000000004;993.2229000000004;993.2229000000004;985.9167999999991;993.2229000000004;987.6771999999992;995.2426000000032;
1594.9999999999964;996.2864000000206;995.2426000000032;988.1172999999992;987.6771999999992;997.8704000000118;995.2426000000032;997.0784000000162;995.2426000000032;993.2229000000004;993.2229000000004;993.2229000000004;993.2229000000004;985.9167999999991;993.2229000000004;987.6771999999992;995.2426000000032;
1595.9999999999964;996.2864000000206;995.2426000000032;988.1172999999992;987.6771999999992;997.8704000000118;995.2426000000032;997.0784000000162;995.2426000000032;993.2229000000004;993.2229000000004;993.2229000000004;993.2229000000004;985.9167999999991;993.2229000000004;987.6771999999992;995.2426000000032;
1596.9999999999964;996.2864000000206;995.2426000000032;988.1172999999992;987.6771999999992;997.8704000000118;995.2426000000032;997.0784000000162;995.2426000000032;993.2229000000004;993.2229000000004;993.2229000000004;993.2229000000004;985.9167999999991;993.2229000000004;987.6771999999992;995.2426000000032;
1597.9999999999964;996.2864000000206;995.2426000000032;988.1172999999992;987.6771999999992;997.8704000000118;995.2426000000032;997.0784000000162;995.2426000000032;993.2229000000004;993.2229000000004;993.2229000000004;993.2229000000004;985.9167999999991;993.2229000000004;987.6771999999992;995.2426000000032;
1598.9999999999964;996.2864000000206;995.2426000000032;988.1172999999992;987.6771999999992;997.8704000000118;995.2426000000032;997.0784000000162;995.2426000000032;993.2229000000004;993.2229000000004;993.2229000000004;993.2229000000004;985.9167999999991;993.2229000000004;987.6771999999992;995.2426000000032;
1599.9999999999964;996.2864000000206;995.2426000000032;988.1172999999992;987.6771999999992;997.8704000000118;995.2426000000032;997.0784000000162;995.2426000000032;993.2229000000004;993.2229000000004;993.2229000000004;993.2229000000004;985.9167999999991;993.2229000000004;987.6771999999992;995.2426000000032;
1600.9999999999964;996.2864000000206;995.2426000000032;988.1172999999992;987.6771999999992;997.8704000000118;995.2426000000032;997.0784000000162;995.2426000000032;993.2229000000004;993.2229000000004;993.2229000000004;993.2229000000004;985.9167999999991;993.2229000000004;987.6771999999992;995.2426000000032;
1601.9999999999964;996.2864000000206;995.2426000000032;988.1172999999992;987.6771999999992;997.8704000000118;995.2426000000032;997.0784000000162;995.2426000000032;993.2229000000004;993.2229000000004;993.2229000000004;993.2229000000004;985.9167999999991;993.2229000000004;987.6771999999992;995.2426000000032;
1602.9999999999964;996.2864000000206;995.2426000000032;988.1172999999992;987.6771999999992;997.8704000000118;995.2426000000032;997.0784000000162;995.2426000000032;993.2229000000004;993.2229000000004;993.2229000000004;993.2229000000004;985.9167999999991;993.2229000000004;987.6771999999992;995.2426000000032;
1603.9999999999964;996.2864000000206;995.2426000000032;988.1172999999992;987.6771999999992;997.8704000000118;995.2426000000032;997.0784000000162;995.2426000000032;993.2229000000004;993.2229000000004;993.2229000000004;993.2229000000004;985.9167999999991;993.2229000000004;987.6771999999992;995.2426000000032;
1604.9999999999964;996.2864000000206;995.2426000000032;988.1172999999992;987.6771999999992;997.8704000000118;995.2426000000032;997.0784000000162;995.2426000000032;993.2229000000004;993.2229000000004;993.2229000000004;993.2229000000004;985.9167999999991;993.2229000000004;987.6771999999992;995.2426000000032;
1605.9999999999964;996.2864000000206;995.2426000000032;988.1172999999992;987.6771999999992;997.8704000000118;995.2426000000032;997.0784000000162;995.2426000000032;993.2229000000004;993.2229000000004;993.2229000000004;993.2229000000004;985.9167999999991;993.2229000000004;987.6771999999992;995.2426000000032;
1606.9999999999964;996.2864000000206;995.2426000000032;988.1172999999992;987.6771999999992;997.8704000000118;995.2426000000032;997.0784000000162;995.2426000000032;993.2229000000004;993.2229000000004;993.2229000000004;993.2229000000004;985.9167999999991;993.2229000000004;987.6771999999992;995.2426000000032;
1607.9999999999964;996.2864000000206;995.2426000000032;988.1172999999992;987.6771999999992;997.8704000000118;995.2426000000032;997.0784000000162;995.2426000000032;993.2229000000004;993.2229000000004;993.2229000000004;993.2229000000004;985.9167999999991;993.2229000000004;987.6771999999992;995.2426000000032;
1608.9999999999964;996.2864000000206;995.2426000000032;988.1172999999992;987.6771999999992;997.8704000000118;995.2426000000032;997.0784000000162;995.2426000000032;993.2229000000004;993.2229000000004;993.2229000000004;993.2229000000004;985.9167999999991;993.2229000000004;987.6771999999992;995.2426000000032;
1609.9999999999964;996.2864000000206;995.2426000000032;988.1172999999992;987.6771999999992;997.8704000000118;995.2426000000032;997.0784000000162;995.2426000000032;993.2229000000004;993.2229000000004;993.2229000000004;993.2229000000004;985.9167999999991;993.2229000000004;987.6771999999992;995.2426000000032;
1610.9999999999964;996.2864000000206;995.2426000000032;988.1172999999992;987.6771999999992;997.8704000000118;995.2426000000032;997.0784000000162;995.2426000000032;993.2229000000004;993.2229000000004;993.2229000000004;993.2229000000004;985.9167999999991;993.2229000000004;987.6771999999992;995.2426000000032;
1611.9999999999964;996.2864000000206;995.2426000000032;988.1172999999992;987.6771999999992;997.8704000000118;995.2426000000032;997.0784000000162;995.2426000000032;993.2229000000004;993.2229000000004;993.2229000000004;993.2229000000004;985.9167999999991;993.2229000000004;987.6771999999992;995.2426000000032;
1612.9999999999964;996.2864000000206;995.2426000000032;988.1172999999992;987.6771999999992;997.8704000000118;995.2426000000032;997.0784000000162;995.2426000000032;993.2229000000004;993.2229000000004;993.2229000000004;993.2229000000004;985.9167999999991;993.2229000000004;987.6771999999992;995.2426000000032;
1613.9999999999964;996.2864000000206;995.2426000000032;988.1172999999992;987.6771999999992;997.8704000000118;995.2426000000032;997.0784000000162;995.2426000000032;993.2229000000004;993.2229000000004;993.2229000000004;993.2229000000004;985.9167999999991;993.2229000000004;987.6771999999992;995.2426000000032;
1614.9999999999964;996.2864000000206;995.2426000000032;988.1172999999992;987.6771999999992;997.8704000000118;995.2426000000032;997.0784000000162;995.2426000000032;993.2229000000004;993.2229000000004;993.2229000000004;993.2229000000004;985.9167999999991;993.2229000000004;987.6771999999992;995.2426000000032;
1615.9999999999964;996.2864000000206;995.2426000000032;988.1172999999992;987.6771999999992;997.8704000000118;995.2426000000032;997.0784000000162;995.2426000000032;993.2229000000004;993.2229000000004;993.2229000000004;993.2229000000004;985.9167999999991;993.2229000000004;987.6771999999992;995.2426000000032;
1616.9999999999964;996.2864000000206;995.2426000000032;988.1172999999992;987.6771999999992;997.8704000000118;995.2426000000032;997.0784000000162;995.2426000000032;993.2229000000004;993.2229000000004;993.2229000000004;993.2229000000004;985.9167999999991;993.2229000000004;987.6771999999992;995.2426000000032;
1617.9999999999964;996.2864000000206;995.2426000000032;988.1172999999992;987.6771999999992;997.8704000000118;995.2426000000032;997.0784000000162;995.2426000000032;993.2229000000004;993.2229000000004;993.2229000000004;993.2229000000004;985.9167999999991;993.2229000000004;987.6771999999992;995.2426000000032;
1618.9999999999964;996.2864000000206;995.2426000000032;988.1172999999992;987.6771999999992;997.8704000000118;995.2426000000032;997.0784000000162;995.2426000000032;993.2229000000004;993.2229000000004;993.2229000000004;993.2229000000004;985.9167999999991;993.2229000000004;987.6771999999992;995.2426000000032;
1619.8988804010623;996.2864000000206;995.2426000000032;988.1172999999992;987.6771999999992;997.8704000000118;995.2425000000032;997.0784000000162;995.2426000000032;993.2229000000004;993.2229000000004;993.2229000000004;993.2229000000004;985.9167999999991;993.2229000000004;987.6771999999992;995.2426000000032;
1619.8988804010623;996.2864000000206;995.2426000000032;988.1172999999992;987.6771999999992;997.8704000000118;995.1545000000033;997.0784000000162;995.2426000000032;993.2229000000004;993.2229000000004;993.2229000000004;993.2229000000004;985.9167999999991;993.2229000000004;987.6771999999992;995.2426000000032;
1619.9041964010623;996.2776000000207;995.2426000000032;988.1172999999992;987.6771999999992;997.8704000000118;995.1545000000033;997.0784000000162;995.2426000000032;993.2229000000004;993.2229000000004;993.2229000000004;993.2229000000004;985.9167999999991;993.2229000000004;987.6771999999992;995.2426000000032;
1619.9041964010623;996.2688000000207;995.2426000000032;988.1172999999992;987.6771999999992;997.8704000000118;995.1545000000033;997.0784000000162;995.2426000000032;993.2229000000004;993.2229000000004;993.2229000000004;993.2229000000004;985.9167999999991;993.2229000000004;987.6771999999992;995.2426000000032;
1619.9095124010623;996.2688000000207;995.2426000000032;988.1172999999992;987.6771999999992;997.8704000000118;995.1545000000033;997.0696000000163;995.2426000000032;993.2229000000004;993.2229000000004;993.2229000000004;993.2229000000004;985.9167999999991;993.2229000000004;987.6771999999992;995.2426000000032;
1619.9159496847276;996.2688000000207;995.2426000000032;988.1171999999992;987.6771999999992;997.8704000000118;995.1545000000033;997.0696000000163;995.2426000000032;993.2229000000004;993.2229000000004;993.2229000000004;993.2229000000004;985.9167999999991;993.2229000000004;987.6771999999992;995.2426000000032;
1619.9159496847276;996.2688000000207;995.2426000000032;987.6771999999992;987.6771999999992;997.8704000000118;995.1545000000033;997.0696000000163;995.2426000000032;993.2229000000004;993.2229000000004;993.2229000000004;993.2229000000004;985.9167999999991;993.2229000000004;987.6771999999992;995.2426000000032;
1619.9212656847276;996.2600000000208;995.2426000000032;987.6771999999992;987.6771999999992;997.8704000000118;995.1545000000033;997.0696000000163;995.2426000000032;993.2229000000004;993.2229000000004;993.2229000000004;993.2229000000004;985.9167999999991;993.2229000000004;987.6771999999992;995.2426000000032;
1619.9668509398591;996.2600000000208;995.2426000000032;987.6771999999992;987.6770999999992;997.8704000000118;995.1545000000033;997.0696000000163;995.2426000000032;993.2229000000004;993.2229000000004;993.2229000000004;993.2229000000004;985.9167999999991;993.2229000000004;987.6771999999992;995.2426000000032;
1619.9668509398591;996.2600000000208;995.2426000000032;987.6771999999992;987.2370999999991;997.8704000000118;995.1545000000033;997.0696000000163;995.2426000000032;993.2229000000004;993.2229000000004;993.2229000000004;993.2229000000004;985.9167999999991;993.2229000000004;987.6771999999992;995.2426000000032;
1619.972166939859;996.2600000000208;995.2426000000032;987.6771999999992;987.2370999999991;997.8616000000119;995.1545000000033;997.0696000000163;995.2426000000032;993.2229000000004;993.2229000000004;993.2229000000004;993.2229000000004;985.9167999999991;993.2229000000004;987.6771999999992;995.2426000000032;
1619.972166939859;996.2600000000208;995.2426000000032;987.6771999999992;987.2370999999991;997.8528000000119;995.1545000000033;997.0696000000163;995.2426000000032;993.2229000000004;993.2229000000004;993.2229000000004;993.2229000000004;985.9167999999991;993.2229000000004;987.6771999999992;995.2426000000032;
1619.9728887922843;996.2600000000208;995.2426000000032;987.6771999999992;987.2370999999991;997.8528000000119;995.1545000000033;997.0696000000163;995.2425000000032;993.2229000000004;993.2229000000004;993.2229000000004;993.2229000000004;985.9167999999991;993.2229000000004;987.6771999999992;995.2426000000032;
1620.9042197409158;996.2424000000209;995.1545000000033;987.6771999999992;987.2370999999991;997.835200000012;995.1545000000033;997.0608000000163;995.1545000000033;993.2229000000004;993.2229000000004;993.2229000000004;993.2229000000004;985.476699999999;993.2229000000004;987.2370999999991;995.1545000000033;
1621.904243080769;996.2336000000209;995.1545000000033;987.6771999999992;987.2370999999991;997.8264000000121;995.1545000000033;997.0432000000164;995.1545000000033;993.2229000000004;993.2229000000004;993.2229000000004;993.2229000000004;985.476699999999;993.2229000000004;987.2370999999991;995.1545000000033;
1621.904243080769;996.224800000021;995.1545000000033;987.6771999999992;987.2370999999991;997.8264000000121;995.1545000000033;997.0432000000164;995.1545000000033;993.2229000000004;993.2229000000004;993.2229000000004;993.2229000000004;985.476699999999;993.2229000000004;987.2370999999991;995.1545000000033;
1622.9042664206222;996.224800000021;995.1545000000033;987.6771999999992;987.2370999999991;997.8176000000121;995.1545000000033;997.0256000000165;995.1545000000033;993.2229000000004;993.2229000000004;993.2229000000004;993.2229000000004;985.476699999999;993.2229000000004;987.2370999999991;995.1545000000033;
1623.9042897604754;996.216000000021;995.1545000000033;987.6771999999992;987.2370999999991;997.8176000000121;995.1545000000033;997.0168000000166;995.1545000000033;993.2229000000004;993.2229000000004;993.2229000000004;993.2229000000004;985.476699999999;993.2229000000004;987.2370999999991;995.1545000000033;
1624.9999999999968;996.216000000021;995.1545000000033;987.6771999999992;987.2370999999991;997.8176000000121;995.1545000000033;997.0168000000166;995.1545000000033;993.2229000000004;993.2229000000004;993.2229000000004;993.2229000000004;985.476699999999;993.2229000000004;987.2370999999991;995.1545000000033;
1625.9999999999968;996.216000000021;995.1545000000033;987.6771999999992;987.2370999999991;997.8176000000121;995.1545000000033;997.0168000000166;995.1545000000033;993.2229000000004;993.2229000000004;993.2229000000004;993.2229000000004;985.476699999999;993.2229000000004;987.2370999999991;995.1545000000033;
1626.9999999999968;996.216000000021;995.1545000000033;987.6771999999992;987.2370999999991;997.8176000000121;995.1545000000033;997.0168000000166;995.1545000000033;993.2229000000004;993.2229000000004;993.2229000000004;993.2229000000004;985.476699999999;993.2229000000004;987.2370999999991;995.1545000000033;
1627.9999999999968;996.216000000021;995.1545000000033;987.6771999999992;987.2370999999991;997.8176000000121;995.1545000000033;997.0168000000166;995.1545000000033;993.2229000000004;993.2229000000004;993.2229000000004;993.2229000000004;985.476699999999;993.2229000000004;987.2370999999991;995.1545000000033;
1628.9999999999968;996.216000000021;995.1545000000033;987.6771999999992;987.2370999999991;997.8176000000121;995.1545000000033;997.0168000000166;995.1545000000033;993.2229000000004;993.2229000000004;993.2229000000004;993.2229000000004;985.476699999999;993.2229000000004;987.2370999999991;995.1545000000033;
1629.9999999999968;996.216000000021;995.1545000000033;987.6771999999992;987.2370999999991;997.8176000000121;995.1545000000033;997.0168000000166;995.1545000000033;993.2229000000004;993.2229000000004;993.2229000000004;993.2229000000004;985.476699999999;993.2229000000004;987.2370999999991;995.1545000000033;
1630.9999999999968;996.216000000021;995.1545000000033;987.6771999999992;987.2370999999991;997.8176000000121;995.1545000000033;997.0168000000166;995.1545000000033;993.2229000000004;993.2229000000004;993.2229000000004;993.2229000000004;985.476699999999;993.2229000000004;987.2370999999991;995.1545000000033;
1631.9999999999968;996.216000000021;995.1545000000033;987.6771999999992;987.2370999999991;997.8176000000121;995.1545000000033;997.0168000000166;995.1545000000033;993.2229000000004;993.2229000000004;993.2229000000004;993.2229000000004;985.476699999999;993.2229000000004;987.2370999999991;995.1545000000033;
1632.9999999999968;996.216000000021;995.1545000000033;987.6771999999992;987.2370999999991;997.8176000000121;995.1545000000033;997.0168000000166;995.1545000000033;993.2229000000004;993.2229000000004;993.2229000000004;993.2229000000004;985.476699999999;993.2229000000004;987.2370999999991;995.1545000000033;
1633.9999999999968;996.216000000021;995.1545000000033;987.6771999999992;987.2370999999991;997.8176000000121;995.1545000000033;997.0168000000166;995.1545000000033;993.2229000000004;993.2229000000004;993.2229000000004;993.2229000000004;985.476699999999;993.2229000000004;987.2370999999991;995.1545000000033;
1634.9999999999968;996.216000000021;995.1545000000033;987.6771999999992;987.2370999999991;997.8176000000121;995.1545000000033;997.0168000000166;995.1545000000033;993.2229000000004;993.2229000000004;993.2229000000004;993.2229000000004;985.476699999999;993.2229000000004;987.2370999999991;995.1545000000033;
1635.9999999999968;996.216000000021;995.1545000000033;987.6771999999992;987.2370999999991;997.8176000000121;995.1545000000033;997.0168000000166;995.1545000000033;993.2229000000004;993.2229000000004;993.2229000000004;993.2229000000004;985.476699999999;993.2229000000004;987.2370999999991;995.1545000000033;
1636.9999999999968;996.216000000021;995.1545000000033;987.6771999999992;987.2370999999991;997.8176000000121;995.1545000000033;997.0168000000166;995.1545000000033;993.2229000000004;993.2229000000004;993.2229000000004;993.2229000000004;985.476699999999;993.2229000000004;987.2370999999991;995.1545000000033;
1637.9999999999968;996.216000000021;995.1545000000033;987.6771999999992;987.2370999999991;997.8176000000121;995.1545000000033;997.0168000000166;995.1545000000033;993.2229000000004;993.2229000000004;993.2229000000004;993.2229000000004;985.476699999999;993.2229000000004;987.2370999999991;995.1545000000033;
1638.9999999999968;996.216000000021;995.1545000000033;987.6771999999992;987.2370999999991;997.8176000000121;995.1545000000033;997.0168000000166;995.1545000000033;993.2229000000004;993.2229000000004;993.2229000000004;993.2229000000004;985.476699999999;993.2229000000004;987.2370999999991;995.1545000000033;
1639.9999999999968;996.216000000021;995.1545000000033;987.6771999999992;987.2370999999991;997.8176000000121;995.1545000000033;997.0168000000166;995.1545000000033;993.2229000000004;993.2229000000004;993.2229000000004;993.2229000000004;985.476699999999;993.2229000000004;987.2370999999991;995.1545000000033;
1640.9999999999968;996.216000000021;995.1545000000033;987.6771999999992;987.2370999999991;997.8176000000121;995.1545000000033;997.0168000000166;995.1545000000033;993.2229000000004;993.2229000000004;993.2229000000004;993.2229000000004;985.476699999999;993.2229000000004;987.2370999999991;995.1545000000033;
1641.9999999999968;996.216000000021;995.1545000000033;987.6771999999992;987.2370999999991;997.8176000000121;995.1545000000033;997.0168000000166;995.1545000000033;993.2229000000004;993.2229000000004;993.2229000000004;993.2229000000004;985.476699999999;993.2229000000004;987.2370999999991;995.1545000000033;
1642.9999999999968;996.216000000021;995.1545000000033;987.6771999999992;987.2370999999991;997.8176000000121;995.1545000000033;997.0168000000166;995.1545000000033;993.2229000000004;993.2229000000004;993.2229000000004;993.2229000000004;985.476699999999;993.2229000000004;987.2370999999991;995.1545000000033;
1643.9999999999968;996.216000000021;995.1545000000033;987.6771999999992;987.2370999999991;997.8176000000121;995.1545000000033;997.0168000000166;995.1545000000033;993.2229000000004;993.2229000000004;993.2229000000004;993.2229000000004;985.476699999999;993.2229000000004;987.2370999999991;995.1545000000033;
1644.9999999999968;996.216000000021;995.1545000000033;987.6771999999992;987.2370999999991;997.8176000000121;995.1545000000033;997.0168000000166;995.1545000000033;993.2229000000004;993.2229000000004;993.2229000000004;993.2229000000004;985.476699999999;993.2229000000004;987.2370999999991;995.1545000000033;
1645.9999999999968;996.216000000021;995.1545000000033;987.6771999999992;987.2370999999991;997.8176000000121;995.1545000000033;997.0168000000166;995.1545000000033;993.2229000000004;993.2229000000004;993.2229000000004;993.2229000000004;985.476699999999;993.2229000000004;987.2370999999991;995.1545000000033;
1646.9999999999968;996.216000000021;995.1545000000033;987.6771999999992;987.2370999999991;997.8176000000121;995.1545000000033;997.0168000000166;995.1545000000033;993.2229000000004;993.2229000000004;993.2229000000004;993.2229000000004;985.476699999999;993.2229000000004;987.2370999999991;995.1545000000033;
1647.9999999999968;996.216000000021;995.1545000000033;987.6771999999992;987.2370999999991;997.8176000000121;995.1545000000033;997.0168000000166;995.1545000000033;993.2229000000004;993.2229000000004;993.2229000000004;993.2229000000004;985.476699999999;993.2229000000004;987.2370999999991;995.1545000000033;
1648.9999999999968;996.216000000021;995.1545000000033;987.6771999999992;987.2370999999991;997.8176000000121;995.1545000000033;997.0168000000166;995.1545000000033;993.2229000000004;993.2229000000004;993.2229000000004;993.2229000000004;985.476699999999;993.2229000000004;987.2370999999991;995.1545000000033;
1649.8969860909192;996.216000000021;995.1545000000033;987.6771999999992;987.2370999999991;997.8176000000121;995.1544000000033;997.0168000000166;995.1545000000033;993.2229000000004;993.2229000000004;993.2229000000004;993.2229000000004;985.476699999999;993.2229000000004;987.2370999999991;995.1545000000033;
1649.8969860909192;996.216000000021;995.1545000000033;987.6771999999992;987.2370999999991;997.8176000000121;995.0664000000033;997.0168000000166;995.1545000000033;993.2229000000004;993.2229000000004;993.2229000000004;993.2229000000004;985.476699999999;993.2229000000004;987.2370999999991;995.1545000000033;
1649.9023020909192;996.2072000000211;995.1545000000033;987.6771999999992;987.2370999999991;997.8176000000121;995.0664000000033;997.0168000000166;995.1545000000033;993.2229000000004;993.2229000000004;993.2229000000004;993.2229000000004;985.476699999999;993.2229000000004;987.2370999999991;995.1545000000033;
1649.9023020909192;996.1984000000211;995.1545000000033;987.6771999999992;987.2370999999991;997.8176000000121;995.0664000000033;997.0168000000166;995.1545000000033;993.2229000000004;993.2229000000004;993.2229000000004;993.2229000000004;985.476699999999;993.2229000000004;987.2370999999991;995.1545000000033;
1649.9076180909192;996.1984000000211;995.1545000000033;987.6771999999992;987.2370999999991;997.8176000000121;995.0664000000033;997.0080000000166;995.1545000000033;993.2229000000004;993.2229000000004;993.2229000000004;993.2229000000004;985.476699999999;993.2229000000004;987.2370999999991;995.1545000000033;
1649.9142773464937;996.1984000000211;995.1545000000033;987.6770999999992;987.2370999999991;997.8176000000121;995.0664000000033;997.0080000000166;995.1545000000033;993.2229000000004;993.2229000000004;993.2229000000004;993.2229000000004;985.476699999999;993.2229000000004;987.2370999999991;995.1545000000033;
1649.9142773464937;996.1984000000211;995.1545000000033;987.2370999999991;987.2370999999991;997.8176000000121;995.0664000000033;997.0080000000166;995.1545000000033;993.2229000000004;993.2229000000004;993.2229000000004;993.2229000000004;985.476699999999;993.2229000000004;987.2370999999991;995.1545000000033;
1649.9195933464937;996.1896000000212;995.1545000000033;987.2370999999991;987.2370999999991;997.8176000000121;995.0664000000033;997.0080000000166;995.1545000000033;993.2229000000004;993.2229000000004;993.2229000000004;993.2229000000004;985.476699999999;993.2229000000004;987.2370999999991;995.1545000000033;
1649.96626001889;996.1896000000212;995.1545000000033;987.2370999999991;987.2370999999991;997.8176000000121;995.0664000000033;997.0080000000166;995.1545000000033;993.2228000000005;993.2229000000004;993.2229000000004;993.2229000000004;985.476699999999;993.2229000000004;987.2370999999991;995.1545000000033;
1649.96626001889;996.1896000000212;995.1545000000033;987.2370999999991;987.2370999999991;997.8176000000121;995.0664000000033;997.0080000000166;995.1545000000033;992.6068000000005;993.2229000000004;993.2229000000004;993.2229000000004;985.476699999999;993.2229000000004;987.2370999999991;995.1545000000033;
1649.97157601889;996.1808000000212;995.1545000000033;987.2370999999991;987.2370999999991;997.8176000000121;995.0664000000033;997.0080000000166;995.1545000000033;992.6068000000005;993.2229000000004;993.2229000000004;993.2229000000004;985.476699999999;993.2229000000004;987.2370999999991;995.1545000000033;
1649.972372713945;996.1808000000212;995.1545000000033;987.2370999999991;987.2370999999991;997.8176000000121;995.0664000000033;997.0080000000166;995.1544000000033;992.6068000000005;993.2229000000004;993.2229000000004;993.2229000000004;985.476699999999;993.2229000000004;987.2370999999991;995.1545000000033;
1649.972372713945;996.1808000000212;995.1545000000033;987.2370999999991;987.2370999999991;997.8176000000121;995.0664000000033;997.0080000000166;995.0664000000033;992.6068000000005;993.2229000000004;993.2229000000004;993.2229000000004;985.476699999999;993.2229000000004;987.2370999999991;995.1545000000033;
1650.9023254307726;996.1544000000214;995.0664000000033;987.2370999999991;987.2370999999991;997.7736000000124;995.0664000000033;996.9992000000167;995.0664000000033;992.6068000000005;992.6068000000005;992.6068000000005;992.6068000000005;985.036599999999;992.6068000000005;987.2370999999991;995.0664000000033;
1651.9023487706258;996.1456000000214;995.0664000000033;987.2370999999991;987.2370999999991;997.7648000000124;995.0664000000033;996.9816000000168;995.0664000000033;992.6068000000005;992.6068000000005;992.6068000000005;992.6068000000005;985.036599999999;992.6068000000005;987.2370999999991;995.0664000000033;
1652.9023721104788;996.1368000000215;995.0664000000033;987.2370999999991;987.2370999999991;997.7560000000125;995.0664000000033;996.9640000000169;995.0664000000033;992.6068000000005;992.6068000000005;992.6068000000005;992.6068000000005;985.036599999999;992.6068000000005;987.2370999999991;995.0664000000033;
1652.9023721104788;996.1280000000215;995.0664000000033;987.2370999999991;987.2370999999991;997.7560000000125;995.0664000000033;996.9640000000169;995.0664000000033;992.6068000000005;992.6068000000005;992.6068000000005;992.6068000000005;985.036599999999;992.6068000000005;987.2370999999991;995.0664000000033;
1653.902395450332;996.1280000000215;995.0664000000033;987.2370999999991;987.2370999999991;997.7472000000125;995.0664000000033;996.946400000017;995.0664000000033;992.6068000000005;992.6068000000005;992.6068000000005;992.6068000000005;985.036599999999;992.6068000000005;987.2370999999991;995.0664000000033;
1654.9024187901853;996.1192000000216;995.0664000000033;987.2370999999991;987.2370999999991;997.7472000000125;995.0664000000033;996.937600000017;995.0664000000033;992.6068000000005;992.6068000000005;992.6068000000005;992.6068000000005;985.036599999999;992.6068000000005;987.2370999999991;995.0664000000033;
1654.9024187901853;996.1104000000216;995.0664000000033;987.2370999999991;987.2370999999991;997.7472000000125;995.0664000000033;996.937600000017;995.0664000000033;992.6068000000005;992.6068000000005;992.6068000000005;992.6068000000005;985.036599999999;992.6068000000005;987.2370999999991;995.0664000000033;
1655.9024421300383;996.1104000000216;995.0664000000033;987.2370999999991;987.2370999999991;997.7472000000125;995.0664000000033;996.9288000000171;995.0664000000033;992.6068000000005;992.6068000000005;992.6068000000005;992.6068000000005;985.036599999999;992.6068000000005;987.2370999999991;995.0664000000033;
1656.999999999997;996.1104000000216;995.0664000000033;987.2370999999991;987.2370999999991;997.7472000000125;995.0664000000033;996.9288000000171;995.0664000000033;992.6068000000005;992.6068000000005;992.6068000000005;992.6068000000005;985.036599999999;992.6068000000005;987.2370999999991;995.0664000000033;
1657.999999999997;996.1104000000216;995.0664000000033;987.2370999999991;987.2370999999991;997.7472000000125;995.0664000000033;996.9288000000171;995.0664000000033;992.6068000000005;992.6068000000005;992.6068000000005;992.6068000000005;985.036599999999;992.6068000000005;987.2370999999991;995.0664000000033;
1658.999999999997;996.1104000000216;995.0664000000033;987.2370999999991;987.2370999999991;997.7472000000125;995.0664000000033;996.9288000000171;995.0664000000033;992.6068000000005;992.6068000000005;992.6068000000005;992.6068000000005;985.036599999999;992.6068000000005;987.2370999999991;995.0664000000033;
1659.999999999997;996.1104000000216;995.0664000000033;987.2370999999991;987.2370999999991;997.7472000000125;995.0664000000033;996.9288000000171;995.0664000000033;992.6068000000005;992.6068000000005;992.6068000000005;992.6068000000005;985.036599999999;992.6068000000005;987.2370999999991;995.0664000000033;
1660.999999999997;996.1104000000216;995.0664000000033;987.2370999999991;987.2370999999991;997.7472000000125;995.0664000000033;996.9288000000171;995.0664000000033;992.6068000000005;992.6068000000005;992.6068000000005;992.6068000000005;985.036599999999;992.6068000000005;987.2370999999991;995.0664000000033;
1661.999999999997;996.1104000000216;995.0664000000033;987.2370999999991;987.2370999999991;997.7472000000125;995.0664000000033;996.9288000000171;995.0664000000033;992.6068000000005;992.6068000000005;992.6068000000005;992.6068000000005;985.036599999999;992.6068000000005;987.2370999999991;995.0664000000033;
1662.999999999997;996.1104000000216;995.0664000000033;987.2370999999991;987.2370999999991;997.7472000000125;995.0664000000033;996.9288000000171;995.0664000000033;992.6068000000005;992.6068000000005;992.6068000000005;992.6068000000005;985.036599999999;992.6068000000005;987.2370999999991;995.0664000000033;
1663.999999999997;996.1104000000216;995.0664000000033;987.2370999999991;987.2370999999991;997.7472000000125;995.0664000000033;996.9288000000171;995.0664000000033;992.6068000000005;992.6068000000005;992.6068000000005;992.6068000000005;985.036599999999;992.6068000000005;987.2370999999991;995.0664000000033;
1664.999999999997;996.1104000000216;995.0664000000033;987.2370999999991;987.2370999999991;997.7472000000125;995.0664000000033;996.9288000000171;995.0664000000033;992.6068000000005;992.6068000000005;992.6068000000005;992.6068000000005;985.036599999999;992.6068000000005;987.2370999999991;995.0664000000033;
1665.999999999997;996.1104000000216;995.0664000000033;987.2370999999991;987.2370999999991;997.7472000000125;995.0664000000033;996.9288000000171;995.0664000000033;992.6068000000005;992.6068000000005;992.6068000000005;992.6068000000005;985.036599999999;992.6068000000005;987.2370999999991;995.0664000000033;
1666.999999999997;996.1104000000216;995.0664000000033;987.2370999999991;987.2370999999991;997.7472000000125;995.0664000000033;996.9288000000171;995.0664000000033;992.6068000000005;992.6068000000005;992.6068000000005;992.6068000000005;985.036599999999;992.6068000000005;987.2370999999991;995.0664000000033;
1667.999999999997;996.1104000000216;995.0664000000033;987.2370999999991;987.2370999999991;997.7472000000125;995.0664000000033;996.9288000000171;995.0664000000033;992.6068000000005;992.6068000000005;992.6068000000005;992.6068000000005;985.036599999999;992.6068000000005;987.2370999999991;995.0664000000033;
1668.999999999997;996.1104000000216;995.0664000000033;987.2370999999991;987.2370999999991;997.7472000000125;995.0664000000033;996.9288000000171;995.0664000000033;992.6068000000005;992.6068000000005;992.6068000000005;992.6068000000005;985.036599999999;992.6068000000005;987.2370999999991;995.0664000000033;
1669.999999999997;996.1104000000216;995.0664000000033;987.2370999999991;987.2370999999991;997.7472000000125;995.0664000000033;996.9288000000171;995.0664000000033;992.6068000000005;992.6068000000005;992.6068000000005;992.6068000000005;985.036599999999;992.6068000000005;987.2370999999991;995.0664000000033;
1670.999999999997;996.1104000000216;995.0664000000033;987.2370999999991;987.2370999999991;997.7472000000125;995.0664000000033;996.9288000000171;995.0664000000033;992.6068000000005;992.6068000000005;992.6068000000005;992.6068000000005;985.036599999999;992.6068000000005;987.2370999999991;995.0664000000033;
1671.999999999997;996.1104000000216;995.0664000000033;987.2370999999991;987.2370999999991;997.7472000000125;995.0664000000033;996.9288000000171;995.0664000000033;992.6068000000005;992.6068000000005;992.6068000000005;992.6068000000005;985.036599999999;992.6068000000005;987.2370999999991;995.0664000000033;
1672.999999999997;996.1104000000216;995.0664000000033;987.2370999999991;987.2370999999991;997.7472000000125;995.0664000000033;996.9288000000171;995.0664000000033;992.6068000000005;992.6068000000005;992.6068000000005;992.6068000000005;985.036599999999;992.6068000000005;987.2370999999991;995.0664000000033;
1673.999999999997;996.1104000000216;995.0664000000033;987.2370999999991;987.2370999999991;997.7472000000125;995.0664000000033;996.9288000000171;995.0664000000033;992.6068000000005;992.6068000000005;992.6068000000005;992.6068000000005;985.036599999999;992.6068000000005;987.2370999999991;995.0664000000033;
1674.999999999997;996.1104000000216;995.0664000000033;987.2370999999991;987.2370999999991;997.7472000000125;995.0664000000033;996.9288000000171;995.0664000000033;992.6068000000005;992.6068000000005;992.6068000000005;992.6068000000005;985.036599999999;992.6068000000005;987.2370999999991;995.0664000000033;
1675.999999999997;996.1104000000216;995.0664000000033;987.2370999999991;987.2370999999991;997.7472000000125;995.0664000000033;996.9288000000171;995.0664000000033;992.6068000000005;992.6068000000005;992.6068000000005;992.6068000000005;985.036599999999;992.6068000000005;987.2370999999991;995.0664000000033;
1676.999999999997;996.1104000000216;995.0664000000033;987.2370999999991;987.2370999999991;997.7472000000125;995.0664000000033;996.9288000000171;995.0664000000033;992.6068000000005;992.6068000000005;992.6068000000005;992.6068000000005;985.036599999999;992.6068000000005;987.2370999999991;995.0664000000033;
1677.999999999997;996.1104000000216;995.0664000000033;987.2370999999991;987.2370999999991;997.7472000000125;995.0664000000033;996.9288000000171;995.0664000000033;992.6068000000005;992.6068000000005;992.6068000000005;992.6068000000005;985.036599999999;992.6068000000005;987.2370999999991;995.0664000000033;
1678.999999999997;996.1104000000216;995.0664000000033;987.2370999999991;987.2370999999991;997.7472000000125;995.0664000000033;996.9288000000171;995.0664000000033;992.6068000000005;992.6068000000005;992.6068000000005;992.6068000000005;985.036599999999;992.6068000000005;987.2370999999991;995.0664000000033;
1679.8950917807758;996.1104000000216;995.0664000000033;987.2370999999991;987.2370999999991;997.7472000000125;995.0663000000034;996.9288000000171;995.0664000000033;992.6068000000005;992.6068000000005;992.6068000000005;992.6068000000005;985.036599999999;992.6068000000005;987.2370999999991;995.0664000000033;
1679.8950917807758;996.1104000000216;995.0664000000033;987.2370999999991;987.2370999999991;997.7472000000125;994.9783000000034;996.9288000000171;995.0664000000033;992.6068000000005;992.6068000000005;992.6068000000005;992.6068000000005;985.036599999999;992.6068000000005;987.2370999999991;995.0664000000033;
1679.9004077807758;996.1016000000217;995.0664000000033;987.2370999999991;987.2370999999991;997.7472000000125;994.9783000000034;996.9288000000171;995.0664000000033;992.6068000000005;992.6068000000005;992.6068000000005;992.6068000000005;985.036599999999;992.6068000000005;987.2370999999991;995.0664000000033;
1679.9004077807758;996.0928000000217;995.0664000000033;987.2370999999991;987.2370999999991;997.7472000000125;994.9783000000034;996.9288000000171;995.0664000000033;992.6068000000005;992.6068000000005;992.6068000000005;992.6068000000005;985.036599999999;992.6068000000005;987.2370999999991;995.0664000000033;
1679.9057237807758;996.0928000000217;995.0664000000033;987.2370999999991;987.2370999999991;997.7472000000125;994.9783000000034;996.9200000000171;995.0664000000033;992.6068000000005;992.6068000000005;992.6068000000005;992.6068000000005;985.036599999999;992.6068000000005;987.2370999999991;995.0664000000033;
1679.9656138421608;996.0928000000217;995.0664000000033;987.2370999999991;987.2369999999992;997.7472000000125;994.9783000000034;996.9200000000171;995.0664000000033;992.6068000000005;992.6068000000005;992.6068000000005;992.6068000000005;985.036599999999;992.6068000000005;987.2370999999991;995.0664000000033;
1679.9656138421608;996.0928000000217;995.0664000000033;987.2370999999991;986.7969999999991;997.7472000000125;994.9783000000034;996.9200000000171;995.0664000000033;992.6068000000005;992.6068000000005;992.6068000000005;992.6068000000005;985.036599999999;992.6068000000005;987.2370999999991;995.0664000000033;
1679.9709298421608;996.0928000000217;995.0664000000033;987.2370999999991;986.7969999999991;997.7384000000126;994.9783000000034;996.9200000000171;995.0664000000033;992.6068000000005;992.6068000000005;992.6068000000005;992.6068000000005;985.036599999999;992.6068000000005;987.2370999999991;995.0664000000033;
1679.9709298421608;996.0928000000217;995.0664000000033;987.2370999999991;986.7969999999991;997.7296000000126;994.9783000000034;996.9200000000171;995.0664000000033;992.6068000000005;992.6068000000005;992.6068000000005;992.6068000000005;985.036599999999;992.6068000000005;987.2370999999991;995.0664000000033;
1679.9718566356057;996.0928000000217;995.0664000000033;987.2370999999991;986.7969999999991;997.7296000000126;994.9783000000034;996.9200000000171;995.0663000000034;992.6068000000005;992.6068000000005;992.6068000000005;992.6068000000005;985.036599999999;992.6068000000005;987.2370999999991;995.0664000000033;
1679.9718566356057;996.0928000000217;995.0664000000033;987.2370999999991;986.7969999999991;997.7296000000126;994.9783000000034;996.9200000000171;994.9783000000034;992.6068000000005;992.6068000000005;992.6068000000005;992.6068000000005;985.036599999999;992.6068000000005;987.2370999999991;995.0664000000033;
1680.018583074058;996.0840000000218;995.0664000000033;987.2370999999991;986.7969999999991;997.7208000000127;994.9783000000034;996.9112000000172;994.9783000000034;992.6068000000005;992.6068000000005;992.6068000000005;992.6068000000005;984.596499999999;992.6068000000005;987.2370999999991;995.0663000000034;
1680.900431120629;996.0752000000218;994.9783000000034;987.2370999999991;986.7969999999991;997.7120000000127;994.9783000000034;996.9112000000172;994.9783000000034;992.6068000000005;992.6068000000005;992.6068000000005;992.6068000000005;984.596499999999;992.6068000000005;986.7969999999991;994.9783000000034;
1681.900454460482;996.0664000000219;994.9783000000034;987.2370999999991;986.7969999999991;997.7032000000128;994.9783000000034;996.8936000000173;994.9783000000034;992.6068000000005;992.6068000000005;992.6068000000005;992.6068000000005;984.596499999999;992.6068000000005;986.7969999999991;994.9783000000034;
1682.9004778003352;996.0576000000219;994.9783000000034;987.2370999999991;986.7969999999991;997.6944000000128;994.9783000000034;996.8760000000174;994.9783000000034;992.6068000000005;992.6068000000005;992.6068000000005;992.6068000000005;984.596499999999;992.6068000000005;986.7969999999991;994.9783000000034;
1682.9709839456877;996.0576000000219;994.9783000000034;987.2370999999991;986.7969999999991;997.6944000000128;994.9783000000034;996.8760000000174;994.9783000000034;992.6068000000005;992.6068000000005;992.6068000000005;992.6068000000005;984.596499999999;992.6068000000005;986.7969999999991;994.9783000000034;
1683.999999999997;996.0576000000219;994.9783000000034;987.2370999999991;986.7969999999991;997.6944000000128;994.9783000000034;996.8760000000174;994.9783000000034;992.6068000000005;992.6068000000005;992.6068000000005;992.6068000000005;984.596499999999;992.6068000000005;986.7969999999991;994.9783000000034;
1684.999999999997;996.0576000000219;994.9783000000034;987.2370999999991;986.7969999999991;997.6944000000128;994.9783000000034;996.8760000000174;994.9783000000034;992.6068000000005;992.6068000000005;992.6068000000005;992.6068000000005;984.596499999999;992.6068000000005;986.7969999999991;994.9783000000034;
1685.999999999997;996.0576000000219;994.9783000000034;987.2370999999991;986.7969999999991;997.6944000000128;994.9783000000034;996.8760000000174;994.9783000000034;992.6068000000005;992.6068000000005;992.6068000000005;992.6068000000005;984.596499999999;992.6068000000005;986.7969999999991;994.9783000000034;
1686.999999999997;996.0576000000219;994.9783000000034;987.2370999999991;986.7969999999991;997.6944000000128;994.9783000000034;996.8760000000174;994.9783000000034;992.6068000000005;992.6068000000005;992.6068000000005;992.6068000000005;984.596499999999;992.6068000000005;986.7969999999991;994.9783000000034;
1687.999999999997;996.0576000000219;994.9783000000034;987.2370999999991;986.7969999999991;997.6944000000128;994.9783000000034;996.8760000000174;994.9783000000034;992.6068000000005;992.6068000000005;992.6068000000005;992.6068000000005;984.596499999999;992.6068000000005;986.7969999999991;994.9783000000034;
1688.999999999997;996.0576000000219;994.9783000000034;987.2370999999991;986.7969999999991;997.6944000000128;994.9783000000034;996.8760000000174;994.9783000000034;992.6068000000005;992.6068000000005;992.6068000000005;992.6068000000005;984.596499999999;992.6068000000005;986.7969999999991;994.9783000000034;
1689.999999999997;996.0576000000219;994.9783000000034;987.2370999999991;986.7969999999991;997.6944000000128;994.9783000000034;996.8760000000174;994.9783000000034;992.6068000000005;992.6068000000005;992.6068000000005;992.6068000000005;984.596499999999;992.6068000000005;986.7969999999991;994.9783000000034;
1690.999999999997;996.0576000000219;994.9783000000034;987.2370999999991;986.7969999999991;997.6944000000128;994.9783000000034;996.8760000000174;994.9783000000034;992.6068000000005;992.6068000000005;992.6068000000005;992.6068000000005;984.596499999999;992.6068000000005;986.7969999999991;994.9783000000034;
1691.999999999997;996.0576000000219;994.9783000000034;987.2370999999991;986.7969999999991;997.6944000000128;994.9783000000034;996.8760000000174;994.9783000000034;992.6068000000005;992.6068000000005;992.6068000000005;992.6068000000005;984.596499999999;992.6068000000005;986.7969999999991;994.9783000000034;
1692.999999999997;996.0576000000219;994.9783000000034;987.2370999999991;986.7969999999991;997.6944000000128;994.9783000000034;996.8760000000174;994.9783000000034;992.6068000000005;992.6068000000005;992.6068000000005;992.6068000000005;984.596499999999;992.6068000000005;986.7969999999991;994.9783000000034;
1693.999999999997;996.0576000000219;994.9783000000034;987.2370999999991;986.7969999999991;997.6944000000128;994.9783000000034;996.8760000000174;994.9783000000034;992.6068000000005;992.6068000000005;992.6068000000005;992.6068000000005;984.596499999999;992.6068000000005;986.7969999999991;994.9783000000034;
1694.999999999997;996.0576000000219;994.9783000000034;987.2370999999991;986.7969999999991;997.6944000000128;994.9783000000034;996.8760000000174;994.9783000000034;992.6068000000005;992.6068000000005;992.6068000000005;992.6068000000005;984.596499999999;992.6068000000005;986.7969999999991;994.9783000000034;
1695.999999999997;996.0576000000219;994.9783000000034;987.2370999999991;986.7969999999991;997.6944000000128;994.9783000000034;996.8760000000174;994.9783000000034;992.6068000000005;992.6068000000005;992.6068000000005;992.6068000000005;984.596499999999;992.6068000000005;986.7969999999991;994.9783000000034;
1696.999999999997;996.0576000000219;994.9783000000034;987.2370999999991;986.7969999999991;997.6944000000128;994.9783000000034;996.8760000000174;994.9783000000034;992.6068000000005;992.6068000000005;992.6068000000005;992.6068000000005;984.596499999999;992.6068000000005;986.7969999999991;994.9783000000034;
1697.999999999997;996.0576000000219;994.9783000000034;987.2370999999991;986.7969999999991;997.6944000000128;994.9783000000034;996.8760000000174;994.9783000000034;992.6068000000005;992.6068000000005;992.6068000000005;992.6068000000005;984.596499999999;992.6068000000005;986.7969999999991;994.9783000000034;
1698.999999999997;996.0576000000219;994.9783000000034;987.2370999999991;986.7969999999991;997.6944000000128;994.9783000000034;996.8760000000174;994.9783000000034;992.6068000000005;992.6068000000005;992.6068000000005;992.6068000000005;984.596499999999;992.6068000000005;986.7969999999991;994.9783000000034;
1699.999999999997;996.0576000000219;994.9783000000034;987.2370999999991;986.7969999999991;997.6944000000128;994.9783000000034;996.8760000000174;994.9783000000034;992.6068000000005;992.6068000000005;992.6068000000005;992.6068000000005;984.596499999999;992.6068000000005;986.7969999999991;994.9783000000034;
1700.999999999997;996.0576000000219;994.9783000000034;987.2370999999991;986.7969999999991;997.6944000000128;994.9783000000034;996.8760000000174;994.9783000000034;992.6068000000005;992.6068000000005;992.6068000000005;992.6068000000005;984.596499999999;992.6068000000005;986.7969999999991;994.9783000000034;
1701.999999999997;996.0576000000219;994.9783000000034;987.2370999999991;986.7969999999991;997.6944000000128;994.9783000000034;996.8760000000174;994.9783000000034;992.6068000000005;992.6068000000005;992.6068000000005;992.6068000000005;984.596499999999;992.6068000000005;986.7969999999991;994.9783000000034;
1702.999999999997;996.0576000000219;994.9783000000034;987.2370999999991;986.7969999999991;997.6944000000128;994.9783000000034;996.8760000000174;994.9783000000034;992.6068000000005;992.6068000000005;992.6068000000005;992.6068000000005;984.596499999999;992.6068000000005;986.7969999999991;994.9783000000034;
1703.999999999997;996.0576000000219;994.9783000000034;987.2370999999991;986.7969999999991;997.6944000000128;994.9783000000034;996.8760000000174;994.9783000000034;992.6068000000005;992.6068000000005;992.6068000000005;992.6068000000005;984.596499999999;992.6068000000005;986.7969999999991;994.9783000000034;
1704.999999999997;996.0576000000219;994.9783000000034;987.2370999999991;986.7969999999991;997.6944000000128;994.9783000000034;996.8760000000174;994.9783000000034;992.6068000000005;992.6068000000005;992.6068000000005;992.6068000000005;984.596499999999;992.6068000000005;986.7969999999991;994.9783000000034;
1705.999999999997;996.0576000000219;994.9783000000034;987.2370999999991;986.7969999999991;997.6944000000128;994.9783000000034;996.8760000000174;994.9783000000034;992.6068000000005;992.6068000000005;992.6068000000005;992.6068000000005;984.596499999999;992.6068000000005;986.7969999999991;994.9783000000034;
1706.999999999997;996.0576000000219;994.9783000000034;987.2370999999991;986.7969999999991;997.6944000000128;994.9783000000034;996.8760000000174;994.9783000000034;992.6068000000005;992.6068000000005;992.6068000000005;992.6068000000005;984.596499999999;992.6068000000005;986.7969999999991;994.9783000000034;
1707.999999999997;996.0576000000219;994.9783000000034;987.2370999999991;986.7969999999991;997.6944000000128;994.9783000000034;996.8760000000174;994.9783000000034;992.6068000000005;992.6068000000005;992.6068000000005;992.6068000000005;984.596499999999;992.6068000000005;986.7969999999991;994.9783000000034;
1708.999999999997;996.0576000000219;994.9783000000034;987.2370999999991;986.7969999999991;997.6944000000128;994.9783000000034;996.8760000000174;994.9783000000034;992.6068000000005;992.6068000000005;992.6068000000005;992.6068000000005;984.596499999999;992.6068000000005;986.7969999999991;994.9783000000034;
1709.8931974706322;996.0576000000219;994.9783000000034;987.2370999999991;986.7969999999991;997.6944000000128;994.9782000000034;996.8760000000174;994.9783000000034;992.6068000000005;992.6068000000005;992.6068000000005;992.6068000000005;984.596499999999;992.6068000000005;986.7969999999991;994.9783000000034;
1709.8931974706322;996.0576000000219;994.9783000000034;987.2370999999991;986.7969999999991;997.6944000000128;994.8902000000035;996.8760000000174;994.9783000000034;992.6068000000005;992.6068000000005;992.6068000000005;992.6068000000005;984.596499999999;992.6068000000005;986.7969999999991;994.9783000000034;
1709.8985134706322;996.048800000022;994.9783000000034;987.2370999999991;986.7969999999991;997.6944000000128;994.8902000000035;996.8760000000174;994.9783000000034;992.6068000000005;992.6068000000005;992.6068000000005;992.6068000000005;984.596499999999;992.6068000000005;986.7969999999991;994.9783000000034;
1709.8985134706322;996.040000000022;994.9783000000034;987.2370999999991;986.7969999999991;997.6944000000128;994.8902000000035;996.8760000000174;994.9783000000034;992.6068000000005;992.6068000000005;992.6068000000005;992.6068000000005;984.596499999999;992.6068000000005;986.7969999999991;994.9783000000034;
1709.9038294706322;996.040000000022;994.9783000000034;987.2370999999991;986.7969999999991;997.6944000000128;994.8902000000035;996.8672000000174;994.9783000000034;992.6068000000005;992.6068000000005;992.6068000000005;992.6068000000005;984.596499999999;992.6068000000005;986.7969999999991;994.9783000000034;
1709.9109326700252;996.040000000022;994.9783000000034;987.2369999999992;986.7969999999991;997.6944000000128;994.8902000000035;996.8672000000174;994.9783000000034;992.6068000000005;992.6068000000005;992.6068000000005;992.6068000000005;984.596499999999;992.6068000000005;986.7969999999991;994.9783000000034;
1709.9109326700252;996.040000000022;994.9783000000034;986.7969999999991;986.7969999999991;997.6944000000128;994.8902000000035;996.8672000000174;994.9783000000034;992.6068000000005;992.6068000000005;992.6068000000005;992.6068000000005;984.596499999999;992.6068000000005;986.7969999999991;994.9783000000034;
1709.9162486700252;996.0312000000221;994.9783000000034;986.7969999999991;986.7969999999991;997.6944000000128;994.8902000000035;996.8672000000174;994.9783000000034;992.6068000000005;992.6068000000005;992.6068000000005;992.6068000000005;984.596499999999;992.6068000000005;986.7969999999991;994.9783000000034;
1709.971340557266;996.0312000000221;994.9783000000034;986.7969999999991;986.7969999999991;997.6944000000128;994.8902000000035;996.8672000000174;994.9782000000034;992.6068000000005;992.6068000000005;992.6068000000005;992.6068000000005;984.596499999999;992.6068000000005;986.7969999999991;994.9783000000034;
1709.971340557266;996.0312000000221;994.9783000000034;986.7969999999991;986.7969999999991;997.6944000000128;994.8902000000035;996.8672000000174;994.8902000000035;992.6068000000005;992.6068000000005;992.6068000000005;992.6068000000005;984.596499999999;992.6068000000005;986.7969999999991;994.9783000000034;
1709.974364025674;996.0312000000221;994.9783000000034;986.7969999999991;986.7969999999991;997.6944000000128;994.8902000000035;996.8672000000174;994.8902000000035;992.6068000000005;992.6068000000005;992.6068000000005;992.6068000000005;984.596399999999;992.6068000000005;986.7969999999991;994.9783000000034;
1709.974364025674;996.0312000000221;994.9783000000034;986.7969999999991;986.7969999999991;997.6944000000128;994.8902000000035;996.8672000000174;994.8902000000035;992.6068000000005;992.6068000000005;992.6068000000005;992.6068000000005;984.1563999999989;992.6068000000005;986.7969999999991;994.9783000000034;
1710.8985368104852;996.0136000000222;994.8902000000035;986.7969999999991;986.7969999999991;997.6768000000129;994.8902000000035;996.8584000000175;994.8902000000035;992.6068000000005;992.6068000000005;992.6068000000005;992.6068000000005;984.1563999999989;992.6068000000005;986.7969999999991;994.8902000000035;
1710.8985368104852;996.0048000000222;994.8902000000035;986.7969999999991;986.7969999999991;997.6768000000129;994.8902000000035;996.8584000000175;994.8902000000035;992.6068000000005;992.6068000000005;992.6068000000005;992.6068000000005;984.1563999999989;992.6068000000005;986.7969999999991;994.8902000000035;
1711.8985601503384;996.0048000000222;994.8902000000035;986.7969999999991;986.7969999999991;997.6768000000129;994.8902000000035;996.8496000000175;994.8902000000035;992.6068000000005;992.6068000000005;992.6068000000005;992.6068000000005;984.1563999999989;992.6068000000005;986.7969999999991;994.8902000000035;
1712.8985834901916;995.9960000000223;994.8902000000035;986.7969999999991;986.7969999999991;997.6768000000129;994.8902000000035;996.8408000000176;994.8902000000035;992.6068000000005;992.6068000000005;992.6068000000005;992.6068000000005;984.1563999999989;992.6068000000005;986.7969999999991;994.8902000000035;
1712.9038994901916;995.9872000000223;994.8902000000035;986.7969999999991;986.7969999999991;997.6768000000129;994.8902000000035;996.8320000000176;994.8902000000035;992.6068000000005;992.6068000000005;992.6068000000005;992.6068000000005;984.1563999999989;992.6068000000005;986.7969999999991;994.8902000000035;
1713.8986068300446;995.9872000000223;994.8902000000035;986.7969999999991;986.7969999999991;997.6768000000129;994.8902000000035;996.8320000000176;994.8902000000035;992.6068000000005;992.6068000000005;992.6068000000005;992.6068000000005;984.1563999999989;992.6068000000005;986.7969999999991;994.8902000000035;
1714.999999999997;995.9872000000223;994.8902000000035;986.7969999999991;986.7969999999991;997.6768000000129;994.8902000000035;996.8320000000176;994.8902000000035;992.6068000000005;992.6068000000005;992.6068000000005;992.6068000000005;984.1563999999989;992.6068000000005;986.7969999999991;994.8902000000035;
1715.999999999997;995.9872000000223;994.8902000000035;986.7969999999991;986.7969999999991;997.6768000000129;994.8902000000035;996.8320000000176;994.8902000000035;992.6068000000005;992.6068000000005;992.6068000000005;992.6068000000005;984.1563999999989;992.6068000000005;986.7969999999991;994.8902000000035;
1716.999999999997;995.9872000000223;994.8902000000035;986.7969999999991;986.7969999999991;997.6768000000129;994.8902000000035;996.8320000000176;994.8902000000035;992.6068000000005;992.6068000000005;992.6068000000005;992.6068000000005;984.1563999999989;992.6068000000005;986.7969999999991;994.8902000000035;
1717.999999999997;995.9872000000223;994.8902000000035;986.7969999999991;986.7969999999991;997.6768000000129;994.8902000000035;996.8320000000176;994.8902000000035;992.6068000000005;992.6068000000005;992.6068000000005;992.6068000000005;984.1563999999989;992.6068000000005;986.7969999999991;994.8902000000035;
1718.999999999997;995.9872000000223;994.8902000000035;986.7969999999991;986.7969999999991;997.6768000000129;994.8902000000035;996.8320000000176;994.8902000000035;992.6068000000005;992.6068000000005;992.6068000000005;992.6068000000005;984.1563999999989;992.6068000000005;986.7969999999991;994.8902000000035;
1719.999999999997;995.9872000000223;994.8902000000035;986.7969999999991;986.7969999999991;997.6768000000129;994.8902000000035;996.8320000000176;994.8902000000035;992.6068000000005;992.6068000000005;992.6068000000005;992.6068000000005;984.1563999999989;992.6068000000005;986.7969999999991;994.8902000000035;
1720.999999999997;995.9872000000223;994.8902000000035;986.7969999999991;986.7969999999991;997.6768000000129;994.8902000000035;996.8320000000176;994.8902000000035;992.6068000000005;992.6068000000005;992.6068000000005;992.6068000000005;984.1563999999989;992.6068000000005;986.7969999999991;994.8902000000035;
1721.999999999997;995.9872000000223;994.8902000000035;986.7969999999991;986.7969999999991;997.6768000000129;994.8902000000035;996.8320000000176;994.8902000000035;992.6068000000005;992.6068000000005;992.6068000000005;992.6068000000005;984.1563999999989;992.6068000000005;986.7969999999991;994.8902000000035;
1722.999999999997;995.9872000000223;994.8902000000035;986.7969999999991;986.7969999999991;997.6768000000129;994.8902000000035;996.8320000000176;994.8902000000035;992.6068000000005;992.6068000000005;992.6068000000005;992.6068000000005;984.1563999999989;992.6068000000005;986.7969999999991;994.8902000000035;
1723.999999999997;995.9872000000223;994.8902000000035;986.7969999999991;986.7969999999991;997.6768000000129;994.8902000000035;996.8320000000176;994.8902000000035;992.6068000000005;992.6068000000005;992.6068000000005;992.6068000000005;984.1563999999989;992.6068000000005;986.7969999999991;994.8902000000035;
1724.999999999997;995.9872000000223;994.8902000000035;986.7969999999991;986.7969999999991;997.6768000000129;994.8902000000035;996.8320000000176;994.8902000000035;992.6068000000005;992.6068000000005;992.6068000000005;992.6068000000005;984.1563999999989;992.6068000000005;986.7969999999991;994.8902000000035;
1725.999999999997;995.9872000000223;994.8902000000035;986.7969999999991;986.7969999999991;997.6768000000129;994.8902000000035;996.8320000000176;994.8902000000035;992.6068000000005;992.6068000000005;992.6068000000005;992.6068000000005;984.1563999999989;992.6068000000005;986.7969999999991;994.8902000000035;
1726.999999999997;995.9872000000223;994.8902000000035;986.7969999999991;986.7969999999991;997.6768000000129;994.8902000000035;996.8320000000176;994.8902000000035;992.6068000000005;992.6068000000005;992.6068000000005;992.6068000000005;984.1563999999989;992.6068000000005;986.7969999999991;994.8902000000035;
1727.999999999997;995.9872000000223;994.8902000000035;986.7969999999991;986.7969999999991;997.6768000000129;994.8902000000035;996.8320000000176;994.8902000000035;992.6068000000005;992.6068000000005;992.6068000000005;992.6068000000005;984.1563999999989;992.6068000000005;986.7969999999991;994.8902000000035;
1728.999999999997;995.9872000000223;994.8902000000035;986.7969999999991;986.7969999999991;997.6768000000129;994.8902000000035;996.8320000000176;994.8902000000035;992.6068000000005;992.6068000000005;992.6068000000005;992.6068000000005;984.1563999999989;992.6068000000005;986.7969999999991;994.8902000000035;
1729.999999999997;995.9872000000223;994.8902000000035;986.7969999999991;986.7969999999991;997.6768000000129;994.8902000000035;996.8320000000176;994.8902000000035;992.6068000000005;992.6068000000005;992.6068000000005;992.6068000000005;984.1563999999989;992.6068000000005;986.7969999999991;994.8902000000035;
1730.999999999997;995.9872000000223;994.8902000000035;986.7969999999991;986.7969999999991;997.6768000000129;994.8902000000035;996.8320000000176;994.8902000000035;992.6068000000005;992.6068000000005;992.6068000000005;992.6068000000005;984.1563999999989;992.6068000000005;986.7969999999991;994.8902000000035;
1731.999999999997;995.9872000000223;994.8902000000035;986.7969999999991;986.7969999999991;997.6768000000129;994.8902000000035;996.8320000000176;994.8902000000035;992.6068000000005;992.6068000000005;992.6068000000005;992.6068000000005;984.1563999999989;992.6068000000005;986.7969999999991;994.8902000000035;
1732.999999999997;995.9872000000223;994.8902000000035;986.7969999999991;986.7969999999991;997.6768000000129;994.8902000000035;996.8320000000176;994.8902000000035;992.6068000000005;992.6068000000005;992.6068000000005;992.6068000000005;984.1563999999989;992.6068000000005;986.7969999999991;994.8902000000035;
1733.999999999997;995.9872000000223;994.8902000000035;986.7969999999991;986.7969999999991;997.6768000000129;994.8902000000035;996.8320000000176;994.8902000000035;992.6068000000005;992.6068000000005;992.6068000000005;992.6068000000005;984.1563999999989;992.6068000000005;986.7969999999991;994.8902000000035;
1734.999999999997;995.9872000000223;994.8902000000035;986.7969999999991;986.7969999999991;997.6768000000129;994.8902000000035;996.8320000000176;994.8902000000035;992.6068000000005;992.6068000000005;992.6068000000005;992.6068000000005;984.1563999999989;992.6068000000005;986.7969999999991;994.8902000000035;
1735.999999999997;995.9872000000223;994.8902000000035;986.7969999999991;986.7969999999991;997.6768000000129;994.8902000000035;996.8320000000176;994.8902000000035;992.6068000000005;992.6068000000005;992.6068000000005;992.6068000000005;984.1563999999989;992.6068000000005;986.7969999999991;994.8902000000035;
1736.999999999997;995.9872000000223;994.8902000000035;986.7969999999991;986.7969999999991;997.6768000000129;994.8902000000035;996.8320000000176;994.8902000000035;992.6068000000005;992.6068000000005;992.6068000000005;992.6068000000005;984.1563999999989;992.6068000000005;986.7969999999991;994.8902000000035;
1737.999999999997;995.9872000000223;994.8902000000035;986.7969999999991;986.7969999999991;997.6768000000129;994.8902000000035;996.8320000000176;994.8902000000035;992.6068000000005;992.6068000000005;992.6068000000005;992.6068000000005;984.1563999999989;992.6068000000005;986.7969999999991;994.8902000000035;
1738.999999999997;995.9872000000223;994.8902000000035;986.7969999999991;986.7969999999991;997.6768000000129;994.8902000000035;996.8320000000176;994.8902000000035;992.6068000000005;992.6068000000005;992.6068000000005;992.6068000000005;984.1563999999989;992.6068000000005;986.7969999999991;994.8902000000035;
1739.8913031604884;995.9872000000223;994.8902000000035;986.7969999999991;986.7969999999991;997.6768000000129;994.8901000000035;996.8320000000176;994.8902000000035;992.6068000000005;992.6068000000005;992.6068000000005;992.6068000000005;984.1563999999989;992.6068000000005;986.7969999999991;994.8902000000035;
1739.8913031604884;995.9872000000223;994.8902000000035;986.7969999999991;986.7969999999991;997.6768000000129;994.8021000000035;996.8320000000176;994.8902000000035;992.6068000000005;992.6068000000005;992.6068000000005;992.6068000000005;984.1563999999989;992.6068000000005;986.7969999999991;994.8902000000035;
1739.8966191604884;995.9784000000224;994.8902000000035;986.7969999999991;986.7969999999991;997.6768000000129;994.8021000000035;996.8320000000176;994.8902000000035;992.6068000000005;992.6068000000005;992.6068000000005;992.6068000000005;984.1563999999989;992.6068000000005;986.7969999999991;994.8902000000035;
1739.8966191604884;995.9696000000224;994.8902000000035;986.7969999999991;986.7969999999991;997.6768000000129;994.8021000000035;996.8320000000176;994.8902000000035;992.6068000000005;992.6068000000005;992.6068000000005;992.6068000000005;984.1563999999989;992.6068000000005;986.7969999999991;994.8902000000035;
1739.9019351604884;995.9696000000224;994.8902000000035;986.7969999999991;986.7969999999991;997.6768000000129;994.8021000000035;996.8232000000177;994.8902000000035;992.6068000000005;992.6068000000005;992.6068000000005;992.6068000000005;984.1563999999989;992.6068000000005;986.7969999999991;994.8902000000035;
1739.9643767444618;995.9696000000224;994.8902000000035;986.7969999999991;986.7968999999991;997.6768000000129;994.8021000000035;996.8232000000177;994.8902000000035;992.6068000000005;992.6068000000005;992.6068000000005;992.6068000000005;984.1563999999989;992.6068000000005;986.7969999999991;994.8902000000035;
1739.9643767444618;995.9696000000224;994.8902000000035;986.7969999999991;986.3568999999991;997.6768000000129;994.8021000000035;996.8232000000177;994.8902000000035;992.6068000000005;992.6068000000005;992.6068000000005;992.6068000000005;984.1563999999989;992.6068000000005;986.7969999999991;994.8902000000035;
1739.9696927444618;995.9696000000224;994.8902000000035;986.7969999999991;986.3568999999991;997.668000000013;994.8021000000035;996.8232000000177;994.8902000000035;992.6068000000005;992.6068000000005;992.6068000000005;992.6068000000005;984.1563999999989;992.6068000000005;986.7969999999991;994.8902000000035;
1739.9696927444618;995.9696000000224;994.8902000000035;986.7969999999991;986.3568999999991;997.659200000013;994.8021000000035;996.8232000000177;994.8902000000035;992.6068000000005;992.6068000000005;992.6068000000005;992.6068000000005;984.1563999999989;992.6068000000005;986.7969999999991;994.8902000000035;
1739.9708244789265;995.9696000000224;994.8902000000035;986.7969999999991;986.3568999999991;997.659200000013;994.8021000000035;996.8232000000177;994.8901000000035;992.6068000000005;992.6068000000005;992.6068000000005;992.6068000000005;984.1563999999989;992.6068000000005;986.7969999999991;994.8902000000035;
1739.9708244789265;995.9696000000224;994.8902000000035;986.7969999999991;986.3568999999991;997.659200000013;994.8021000000035;996.8232000000177;994.8021000000035;992.6068000000005;992.6068000000005;992.6068000000005;992.6068000000005;984.1563999999989;992.6068000000005;986.7969999999991;994.8902000000035;
1739.9738876500858;995.9696000000224;994.8902000000035;986.7969999999991;986.3568999999991;997.659200000013;994.8021000000035;996.8232000000177;994.8021000000035;992.6068000000005;992.6068000000005;992.6068000000005;992.6068000000005;984.156299999999;992.6068000000005;986.7969999999991;994.8902000000035;
1740.8966425003418;995.9520000000225;994.8021000000035;986.7969999999991;986.3568999999991;997.6416000000131;994.8021000000035;996.8144000000177;994.8021000000035;992.6068000000005;992.6068000000005;992.6068000000005;992.6068000000005;983.7162999999989;992.6068000000005;986.3568999999991;994.8021000000035;
1740.9019585003418;995.9432000000226;994.8021000000035;986.7969999999991;986.3568999999991;997.6416000000131;994.8021000000035;996.8056000000178;994.8021000000035;992.6068000000005;992.6068000000005;992.6068000000005;992.6068000000005;983.7162999999989;992.6068000000005;986.3568999999991;994.8021000000035;
1741.896665840195;995.9432000000226;994.8021000000035;986.7969999999991;986.3568999999991;997.6328000000132;994.8021000000035;996.7968000000178;994.8021000000035;992.6068000000005;992.6068000000005;992.6068000000005;992.6068000000005;983.7162999999989;992.6068000000005;986.3568999999991;994.8021000000035;
1742.896689180048;995.9344000000226;994.8021000000035;986.7969999999991;986.3568999999991;997.6240000000132;994.8021000000035;996.7792000000179;994.8021000000035;992.6068000000005;992.6068000000005;992.6068000000005;992.6068000000005;983.7162999999989;992.6068000000005;986.3568999999991;994.8021000000035;
1743.9999999999973;995.9344000000226;994.8021000000035;986.7969999999991;986.3568999999991;997.6240000000132;994.8021000000035;996.7792000000179;994.8021000000035;992.6068000000005;992.6068000000005;992.6068000000005;992.6068000000005;983.7162999999989;992.6068000000005;986.3568999999991;994.8021000000035;
1744.9999999999973;995.9344000000226;994.8021000000035;986.7969999999991;986.3568999999991;997.6240000000132;994.8021000000035;996.7792000000179;994.8021000000035;992.6068000000005;992.6068000000005;992.6068000000005;992.6068000000005;983.7162999999989;992.6068000000005;986.3568999999991;994.8021000000035;
1745.9999999999973;995.9344000000226;994.8021000000035;986.7969999999991;986.3568999999991;997.6240000000132;994.8021000000035;996.7792000000179;994.8021000000035;992.6068000000005;992.6068000000005;992.6068000000005;992.6068000000005;983.7162999999989;992.6068000000005;986.3568999999991;994.8021000000035;
1746.9999999999973;995.9344000000226;994.8021000000035;986.7969999999991;986.3568999999991;997.6240000000132;994.8021000000035;996.7792000000179;994.8021000000035;992.6068000000005;992.6068000000005;992.6068000000005;992.6068000000005;983.7162999999989;992.6068000000005;986.3568999999991;994.8021000000035;
1747.9999999999973;995.9344000000226;994.8021000000035;986.7969999999991;986.3568999999991;997.6240000000132;994.8021000000035;996.7792000000179;994.8021000000035;992.6068000000005;992.6068000000005;992.6068000000005;992.6068000000005;983.7162999999989;992.6068000000005;986.3568999999991;994.8021000000035;
1748.9999999999973;995.9344000000226;994.8021000000035;986.7969999999991;986.3568999999991;997.6240000000132;994.8021000000035;996.7792000000179;994.8021000000035;992.6068000000005;992.6068000000005;992.6068000000005;992.6068000000005;983.7162999999989;992.6068000000005;986.3568999999991;994.8021000000035;
1749.9999999999973;995.9344000000226;994.8021000000035;986.7969999999991;986.3568999999991;997.6240000000132;994.8021000000035;996.7792000000179;994.8021000000035;992.6068000000005;992.6068000000005;992.6068000000005;992.6068000000005;983.7162999999989;992.6068000000005;986.3568999999991;994.8021000000035;
1750.9999999999973;995.9344000000226;994.8021000000035;986.7969999999991;986.3568999999991;997.6240000000132;994.8021000000035;996.7792000000179;994.8021000000035;992.6068000000005;992.6068000000005;992.6068000000005;992.6068000000005;983.7162999999989;992.6068000000005;986.3568999999991;994.8021000000035;
1751.9999999999973;995.9344000000226;994.8021000000035;986.7969999999991;986.3568999999991;997.6240000000132;994.8021000000035;996.7792000000179;994.8021000000035;992.6068000000005;992.6068000000005;992.6068000000005;992.6068000000005;983.7162999999989;992.6068000000005;986.3568999999991;994.8021000000035;
1752.9999999999973;995.9344000000226;994.8021000000035;986.7969999999991;986.3568999999991;997.6240000000132;994.8021000000035;996.7792000000179;994.8021000000035;992.6068000000005;992.6068000000005;992.6068000000005;992.6068000000005;983.7162999999989;992.6068000000005;986.3568999999991;994.8021000000035;
1753.9999999999973;995.9344000000226;994.8021000000035;986.7969999999991;986.3568999999991;997.6240000000132;994.8021000000035;996.7792000000179;994.8021000000035;992.6068000000005;992.6068000000005;992.6068000000005;992.6068000000005;983.7162999999989;992.6068000000005;986.3568999999991;994.8021000000035;
1754.9999999999973;995.9344000000226;994.8021000000035;986.7969999999991;986.3568999999991;997.6240000000132;994.8021000000035;996.7792000000179;994.8021000000035;992.6068000000005;992.6068000000005;992.6068000000005;992.6068000000005;983.7162999999989;992.6068000000005;986.3568999999991;994.8021000000035;
1755.9999999999973;995.9344000000226;994.8021000000035;986.7969999999991;986.3568999999991;997.6240000000132;994.8021000000035;996.7792000000179;994.8021000000035;992.6068000000005;992.6068000000005;992.6068000000005;992.6068000000005;983.7162999999989;992.6068000000005;986.3568999999991;994.8021000000035;
1756.9999999999973;995.9344000000226;994.8021000000035;986.7969999999991;986.3568999999991;997.6240000000132;994.8021000000035;996.7792000000179;994.8021000000035;992.6068000000005;992.6068000000005;992.6068000000005;992.6068000000005;983.7162999999989;992.6068000000005;986.3568999999991;994.8021000000035;
1757.9999999999973;995.9344000000226;994.8021000000035;986.7969999999991;986.3568999999991;997.6240000000132;994.8021000000035;996.7792000000179;994.8021000000035;992.6068000000005;992.6068000000005;992.6068000000005;992.6068000000005;983.7162999999989;992.6068000000005;986.3568999999991;994.8021000000035;
1758.9999999999973;995.9344000000226;994.8021000000035;986.7969999999991;986.3568999999991;997.6240000000132;994.8021000000035;996.7792000000179;994.8021000000035;992.6068000000005;992.6068000000005;992.6068000000005;992.6068000000005;983.7162999999989;992.6068000000005;986.3568999999991;994.8021000000035;
1759.9999999999973;995.9344000000226;994.8021000000035;986.7969999999991;986.3568999999991;997.6240000000132;994.8021000000035;996.7792000000179;994.8021000000035;992.6068000000005;992.6068000000005;992.6068000000005;992.6068000000005;983.7162999999989;992.6068000000005;986.3568999999991;994.8021000000035;
1760.9999999999973;995.9344000000226;994.8021000000035;986.7969999999991;986.3568999999991;997.6240000000132;994.8021000000035;996.7792000000179;994.8021000000035;992.6068000000005;992.6068000000005;992.6068000000005;992.6068000000005;983.7162999999989;992.6068000000005;986.3568999999991;994.8021000000035;
1761.9999999999973;995.9344000000226;994.8021000000035;986.7969999999991;986.3568999999991;997.6240000000132;994.8021000000035;996.7792000000179;994.8021000000035;992.6068000000005;992.6068000000005;992.6068000000005;992.6068000000005;983.7162999999989;992.6068000000005;986.3568999999991;994.8021000000035;
1762.9999999999973;995.9344000000226;994.8021000000035;986.7969999999991;986.3568999999991;997.6240000000132;994.8021000000035;996.7792000000179;994.8021000000035;992.6068000000005;992.6068000000005;992.6068000000005;992.6068000000005;983.7162999999989;992.6068000000005;986.3568999999991;994.8021000000035;
1763.9999999999973;995.9344000000226;994.8021000000035;986.7969999999991;986.3568999999991;997.6240000000132;994.8021000000035;996.7792000000179;994.8021000000035;992.6068000000005;992.6068000000005;992.6068000000005;992.6068000000005;983.7162999999989;992.6068000000005;986.3568999999991;994.8021000000035;
1764.9999999999973;995.9344000000226;994.8021000000035;986.7969999999991;986.3568999999991;997.6240000000132;994.8021000000035;996.7792000000179;994.8021000000035;992.6068000000005;992.6068000000005;992.6068000000005;992.6068000000005;983.7162999999989;992.6068000000005;986.3568999999991;994.8021000000035;
1765.9999999999973;995.9344000000226;994.8021000000035;986.7969999999991;986.3568999999991;997.6240000000132;994.8021000000035;996.7792000000179;994.8021000000035;992.6068000000005;992.6068000000005;992.6068000000005;992.6068000000005;983.7162999999989;992.6068000000005;986.3568999999991;994.8021000000035;
1766.9999999999973;995.9344000000226;994.8021000000035;986.7969999999991;986.3568999999991;997.6240000000132;994.8021000000035;996.7792000000179;994.8021000000035;992.6068000000005;992.6068000000005;992.6068000000005;992.6068000000005;983.7162999999989;992.6068000000005;986.3568999999991;994.8021000000035;
1767.9999999999973;995.9344000000226;994.8021000000035;986.7969999999991;986.3568999999991;997.6240000000132;994.8021000000035;996.7792000000179;994.8021000000035;992.6068000000005;992.6068000000005;992.6068000000005;992.6068000000005;983.7162999999989;992.6068000000005;986.3568999999991;994.8021000000035;
1768.9999999999973;995.9344000000226;994.8021000000035;986.7969999999991;986.3568999999991;997.6240000000132;994.8021000000035;996.7792000000179;994.8021000000035;992.6068000000005;992.6068000000005;992.6068000000005;992.6068000000005;983.7162999999989;992.6068000000005;986.3568999999991;994.8021000000035;
1769.889408850345;995.9344000000226;994.8021000000035;986.7969999999991;986.3568999999991;997.6240000000132;994.8020000000035;996.7792000000179;994.8021000000035;992.6068000000005;992.6068000000005;992.6068000000005;992.6068000000005;983.7162999999989;992.6068000000005;986.3568999999991;994.8021000000035;
1769.889408850345;995.9344000000226;994.8021000000035;986.7969999999991;986.3568999999991;997.6240000000132;994.7140000000036;996.7792000000179;994.8021000000035;992.6068000000005;992.6068000000005;992.6068000000005;992.6068000000005;983.7162999999989;992.6068000000005;986.3568999999991;994.8021000000035;
1769.894724850345;995.9256000000227;994.8021000000035;986.7969999999991;986.3568999999991;997.6240000000132;994.7140000000036;996.7792000000179;994.8021000000035;992.6068000000005;992.6068000000005;992.6068000000005;992.6068000000005;983.7162999999989;992.6068000000005;986.3568999999991;994.8021000000035;
1769.894724850345;995.9168000000227;994.8021000000035;986.7969999999991;986.3568999999991;997.6240000000132;994.7140000000036;996.7792000000179;994.8021000000035;992.6068000000005;992.6068000000005;992.6068000000005;992.6068000000005;983.7162999999989;992.6068000000005;986.3568999999991;994.8021000000035;
1769.900040850345;995.9168000000227;994.8021000000035;986.7969999999991;986.3568999999991;997.6240000000132;994.7140000000036;996.770400000018;994.8021000000035;992.6068000000005;992.6068000000005;992.6068000000005;992.6068000000005;983.7162999999989;992.6068000000005;986.3568999999991;994.8021000000035;
1769.9075879935565;995.9168000000227;994.8021000000035;986.7968999999991;986.3568999999991;997.6240000000132;994.7140000000036;996.770400000018;994.8021000000035;992.6068000000005;992.6068000000005;992.6068000000005;992.6068000000005;983.7162999999989;992.6068000000005;986.3568999999991;994.8021000000035;
1769.9075879935565;995.9168000000227;994.8021000000035;986.3568999999991;986.3568999999991;997.6240000000132;994.7140000000036;996.770400000018;994.8021000000035;992.6068000000005;992.6068000000005;992.6068000000005;992.6068000000005;983.7162999999989;992.6068000000005;986.3568999999991;994.8021000000035;
1769.9129039935565;995.9080000000228;994.8021000000035;986.3568999999991;986.3568999999991;997.6240000000132;994.7140000000036;996.770400000018;994.8021000000035;992.6068000000005;992.6068000000005;992.6068000000005;992.6068000000005;983.7162999999989;992.6068000000005;986.3568999999991;994.8021000000035;
1769.970308400587;995.9080000000228;994.8021000000035;986.3568999999991;986.3568999999991;997.6240000000132;994.7140000000036;996.770400000018;994.8020000000035;992.6068000000005;992.6068000000005;992.6068000000005;992.6068000000005;983.7162999999989;992.6068000000005;986.3568999999991;994.8021000000035;
1769.970308400587;995.9080000000228;994.8021000000035;986.3568999999991;986.3568999999991;997.6240000000132;994.7140000000036;996.770400000018;994.7140000000036;992.6068000000005;992.6068000000005;992.6068000000005;992.6068000000005;983.7162999999989;992.6068000000005;986.3568999999991;994.8021000000035;
1769.9734112744975;995.9080000000228;994.8021000000035;986.3568999999991;986.3568999999991;997.6240000000132;994.7140000000036;996.770400000018;994.7140000000036;992.6068000000005;992.6068000000005;992.6068000000005;992.6068000000005;983.7161999999989;992.6068000000005;986.3568999999991;994.8021000000035;
1769.9734112744975;995.9080000000228;994.8021000000035;986.3568999999991;986.3568999999991;997.6240000000132;994.7140000000036;996.770400000018;994.7140000000036;992.6068000000005;992.6068000000005;992.6068000000005;992.6068000000005;983.2761999999989;992.6068000000005;986.3568999999991;994.8021000000035;
1769.975624400587;995.8992000000228;994.8021000000035;986.3568999999991;986.3568999999991;997.6240000000132;994.7140000000036;996.770400000018;994.7140000000036;992.6068000000005;992.6068000000005;992.6068000000005;992.6068000000005;983.2761999999989;992.6068000000005;986.3568999999991;994.8021000000035;
1770.8947481901978;995.8904000000229;994.7140000000036;986.3568999999991;986.3568999999991;997.6064000000133;994.7140000000036;996.761600000018;994.7140000000036;992.6068000000005;992.6068000000005;992.6068000000005;992.6068000000005;983.2761999999989;992.6068000000005;986.3568999999991;994.7140000000036;
1771.8947715300508;995.8816000000229;994.7140000000036;986.3568999999991;986.3568999999991;997.6064000000133;994.7140000000036;996.752800000018;994.7140000000036;992.6068000000005;992.6068000000005;992.6068000000005;992.6068000000005;983.2761999999989;992.6068000000005;986.3568999999991;994.7140000000036;
1771.8947715300508;995.872800000023;994.7140000000036;986.3568999999991;986.3568999999991;997.6064000000133;994.7140000000036;996.752800000018;994.7140000000036;992.6068000000005;992.6068000000005;992.6068000000005;992.6068000000005;983.2761999999989;992.6068000000005;986.3568999999991;994.7140000000036;
1772.894794869904;995.872800000023;994.7140000000036;986.3568999999991;986.3568999999991;997.6064000000133;994.7140000000036;996.7440000000181;994.7140000000036;992.6068000000005;992.6068000000005;992.6068000000005;992.6068000000005;983.2761999999989;992.6068000000005;986.3568999999991;994.7140000000036;
1773.8948182097572;995.864000000023;994.7140000000036;986.3568999999991;986.3568999999991;997.6064000000133;994.7140000000036;996.7352000000182;994.7140000000036;992.6068000000005;992.6068000000005;992.6068000000005;992.6068000000005;983.2761999999989;992.6068000000005;986.3568999999991;994.7140000000036;
1773.9999999999968;995.864000000023;994.7140000000036;986.3568999999991;986.3568999999991;997.6064000000133;994.7140000000036;996.7352000000182;994.7140000000036;992.6068000000005;992.6068000000005;992.6068000000005;992.6068000000005;983.2761999999989;992.6068000000005;986.3568999999991;994.7140000000036;
1774.9999999999968;995.864000000023;994.7140000000036;986.3568999999991;986.3568999999991;997.6064000000133;994.7140000000036;996.7352000000182;994.7140000000036;992.6068000000005;992.6068000000005;992.6068000000005;992.6068000000005;983.2761999999989;992.6068000000005;986.3568999999991;994.7140000000036;
1775.9999999999968;995.864000000023;994.7140000000036;986.3568999999991;986.3568999999991;997.6064000000133;994.7140000000036;996.7352000000182;994.7140000000036;992.6068000000005;992.6068000000005;992.6068000000005;992.6068000000005;983.2761999999989;992.6068000000005;986.3568999999991;994.7140000000036;
1776.9999999999968;995.864000000023;994.7140000000036;986.3568999999991;986.3568999999991;997.6064000000133;994.7140000000036;996.7352000000182;994.7140000000036;992.6068000000005;992.6068000000005;992.6068000000005;992.6068000000005;983.2761999999989;992.6068000000005;986.3568999999991;994.7140000000036;
1777.9999999999968;995.864000000023;994.7140000000036;986.3568999999991;986.3568999999991;997.6064000000133;994.7140000000036;996.7352000000182;994.7140000000036;992.6068000000005;992.6068000000005;992.6068000000005;992.6068000000005;983.2761999999989;992.6068000000005;986.3568999999991;994.7140000000036;
1778.9999999999968;995.864000000023;994.7140000000036;986.3568999999991;986.3568999999991;997.6064000000133;994.7140000000036;996.7352000000182;994.7140000000036;992.6068000000005;992.6068000000005;992.6068000000005;992.6068000000005;983.2761999999989;992.6068000000005;986.3568999999991;994.7140000000036;
1779.9999999999968;995.864000000023;994.7140000000036;986.3568999999991;986.3568999999991;997.6064000000133;994.7140000000036;996.7352000000182;994.7140000000036;992.6068000000005;992.6068000000005;992.6068000000005;992.6068000000005;983.2761999999989;992.6068000000005;986.3568999999991;994.7140000000036;
1780.9999999999968;995.864000000023;994.7140000000036;986.3568999999991;986.3568999999991;997.6064000000133;994.7140000000036;996.7352000000182;994.7140000000036;992.6068000000005;992.6068000000005;992.6068000000005;992.6068000000005;983.2761999999989;992.6068000000005;986.3568999999991;994.7140000000036;
1781.9999999999968;995.864000000023;994.7140000000036;986.3568999999991;986.3568999999991;997.6064000000133;994.7140000000036;996.7352000000182;994.7140000000036;992.6068000000005;992.6068000000005;992.6068000000005;992.6068000000005;983.2761999999989;992.6068000000005;986.3568999999991;994.7140000000036;
1782.9999999999968;995.864000000023;994.7140000000036;986.3568999999991;986.3568999999991;997.6064000000133;994.7140000000036;996.7352000000182;994.7140000000036;992.6068000000005;992.6068000000005;992.6068000000005;992.6068000000005;983.2761999999989;992.6068000000005;986.3568999999991;994.7140000000036;
1783.9999999999968;995.864000000023;994.7140000000036;986.3568999999991;986.3568999999991;997.6064000000133;994.7140000000036;996.7352000000182;994.7140000000036;992.6068000000005;992.6068000000005;992.6068000000005;992.6068000000005;983.2761999999989;992.6068000000005;986.3568999999991;994.7140000000036;
1784.9999999999968;995.864000000023;994.7140000000036;986.3568999999991;986.3568999999991;997.6064000000133;994.7140000000036;996.7352000000182;994.7140000000036;992.6068000000005;992.6068000000005;992.6068000000005;992.6068000000005;983.2761999999989;992.6068000000005;986.3568999999991;994.7140000000036;
1785.9999999999968;995.864000000023;994.7140000000036;986.3568999999991;986.3568999999991;997.6064000000133;994.7140000000036;996.7352000000182;994.7140000000036;992.6068000000005;992.6068000000005;992.6068000000005;992.6068000000005;983.2761999999989;992.6068000000005;986.3568999999991;994.7140000000036;
1786.9999999999968;995.864000000023;994.7140000000036;986.3568999999991;986.3568999999991;997.6064000000133;994.7140000000036;996.7352000000182;994.7140000000036;992.6068000000005;992.6068000000005;992.6068000000005;992.6068000000005;983.2761999999989;992.6068000000005;986.3568999999991;994.7140000000036;
1787.9999999999968;995.864000000023;994.7140000000036;986.3568999999991;986.3568999999991;997.6064000000133;994.7140000000036;996.7352000000182;994.7140000000036;992.6068000000005;992.6068000000005;992.6068000000005;992.6068000000005;983.2761999999989;992.6068000000005;986.3568999999991;994.7140000000036;
1788.9999999999968;995.864000000023;994.7140000000036;986.3568999999991;986.3568999999991;997.6064000000133;994.7140000000036;996.7352000000182;994.7140000000036;992.6068000000005;992.6068000000005;992.6068000000005;992.6068000000005;983.2761999999989;992.6068000000005;986.3568999999991;994.7140000000036;
1789.9999999999968;995.864000000023;994.7140000000036;986.3568999999991;986.3568999999991;997.6064000000133;994.7140000000036;996.7352000000182;994.7140000000036;992.6068000000005;992.6068000000005;992.6068000000005;992.6068000000005;983.2761999999989;992.6068000000005;986.3568999999991;994.7140000000036;
1790.9999999999968;995.864000000023;994.7140000000036;986.3568999999991;986.3568999999991;997.6064000000133;994.7140000000036;996.7352000000182;994.7140000000036;992.6068000000005;992.6068000000005;992.6068000000005;992.6068000000005;983.2761999999989;992.6068000000005;986.3568999999991;994.7140000000036;
1791.9999999999968;995.864000000023;994.7140000000036;986.3568999999991;986.3568999999991;997.6064000000133;994.7140000000036;996.7352000000182;994.7140000000036;992.6068000000005;992.6068000000005;992.6068000000005;992.6068000000005;983.2761999999989;992.6068000000005;986.3568999999991;994.7140000000036;
1792.9999999999968;995.864000000023;994.7140000000036;986.3568999999991;986.3568999999991;997.6064000000133;994.7140000000036;996.7352000000182;994.7140000000036;992.6068000000005;992.6068000000005;992.6068000000005;992.6068000000005;983.2761999999989;992.6068000000005;986.3568999999991;994.7140000000036;
1793.9999999999968;995.864000000023;994.7140000000036;986.3568999999991;986.3568999999991;997.6064000000133;994.7140000000036;996.7352000000182;994.7140000000036;992.6068000000005;992.6068000000005;992.6068000000005;992.6068000000005;983.2761999999989;992.6068000000005;986.3568999999991;994.7140000000036;
1794.9999999999968;995.864000000023;994.7140000000036;986.3568999999991;986.3568999999991;997.6064000000133;994.7140000000036;996.7352000000182;994.7140000000036;992.6068000000005;992.6068000000005;992.6068000000005;992.6068000000005;983.2761999999989;992.6068000000005;986.3568999999991;994.7140000000036;
1795.9999999999968;995.864000000023;994.7140000000036;986.3568999999991;986.3568999999991;997.6064000000133;994.7140000000036;996.7352000000182;994.7140000000036;992.6068000000005;992.6068000000005;992.6068000000005;992.6068000000005;983.2761999999989;992.6068000000005;986.3568999999991;994.7140000000036;
1796.9999999999968;995.864000000023;994.7140000000036;986.3568999999991;986.3568999999991;997.6064000000133;994.7140000000036;996.7352000000182;994.7140000000036;992.6068000000005;992.6068000000005;992.6068000000005;992.6068000000005;983.2761999999989;992.6068000000005;986.3568999999991;994.7140000000036;
1797.9999999999968;995.864000000023;994.7140000000036;986.3568999999991;986.3568999999991;997.6064000000133;994.7140000000036;996.7352000000182;994.7140000000036;992.6068000000005;992.6068000000005;992.6068000000005;992.6068000000005;983.2761999999989;992.6068000000005;986.3568999999991;994.7140000000036;
1798.9999999999968;995.864000000023;994.7140000000036;986.3568999999991;986.3568999999991;997.6064000000133;994.7140000000036;996.7352000000182;994.7140000000036;992.6068000000005;992.6068000000005;992.6068000000005;992.6068000000005;983.2761999999989;992.6068000000005;986.3568999999991;994.7140000000036;
1799.887514540201;995.864000000023;994.7140000000036;986.3568999999991;986.3568999999991;997.6064000000133;994.7139000000036;996.7352000000182;994.7140000000036;992.6068000000005;992.6068000000005;992.6068000000005;992.6068000000005;983.2761999999989;992.6068000000005;986.3568999999991;994.7140000000036;
1799.887514540201;995.864000000023;994.7140000000036;986.3568999999991;986.3568999999991;997.6064000000133;994.6259000000036;996.7352000000182;994.7140000000036;992.6068000000005;992.6068000000005;992.6068000000005;992.6068000000005;983.2761999999989;992.6068000000005;986.3568999999991;994.7140000000036;
1799.892830540201;995.855200000023;994.7140000000036;986.3568999999991;986.3568999999991;997.6064000000133;994.6259000000036;996.7352000000182;994.7140000000036;992.6068000000005;992.6068000000005;992.6068000000005;992.6068000000005;983.2761999999989;992.6068000000005;986.3568999999991;994.7140000000036;
1799.892830540201;995.8464000000231;994.7140000000036;986.3568999999991;986.3568999999991;997.6064000000133;994.6259000000036;996.7352000000182;994.7140000000036;992.6068000000005;992.6068000000005;992.6068000000005;992.6068000000005;983.2761999999989;992.6068000000005;986.3568999999991;994.7140000000036;
1799.898146540201;995.8464000000231;994.7140000000036;986.3568999999991;986.3568999999991;997.6064000000133;994.6259000000036;996.7264000000182;994.7140000000036;992.6068000000005;992.6068000000005;992.6068000000005;992.6068000000005;983.2761999999989;992.6068000000005;986.3568999999991;994.7140000000036;
1799.9631396467626;995.8464000000231;994.7140000000036;986.3568999999991;986.3567999999991;997.6064000000133;994.6259000000036;996.7264000000182;994.7140000000036;992.6068000000005;992.6068000000005;992.6068000000005;992.6068000000005;983.2761999999989;992.6068000000005;986.3568999999991;994.7140000000036;
1799.9631396467626;995.8464000000231;994.7140000000036;986.3568999999991;985.9167999999991;997.6064000000133;994.6259000000036;996.7264000000182;994.7140000000036;992.6068000000005;992.6068000000005;992.6068000000005;992.6068000000005;983.2761999999989;992.6068000000005;986.3568999999991;994.7140000000036;
1799.9633610452634;995.8464000000231;994.7140000000036;986.3568999999991;985.9167999999991;997.6064000000133;994.6259000000036;996.7264000000182;994.7140000000036;992.6067000000005;992.6068000000005;992.6068000000005;992.6068000000005;983.2761999999989;992.6068000000005;986.3568999999991;994.7140000000036;
1799.9633610452634;995.8464000000231;994.7140000000036;986.3568999999991;985.9167999999991;997.6064000000133;994.6259000000036;996.7264000000182;994.7140000000036;991.9907000000005;992.6068000000005;992.6068000000005;992.6068000000005;983.2761999999989;992.6068000000005;986.3568999999991;994.7140000000036;
1799.9684556467625;995.8464000000231;994.7140000000036;986.3568999999991;985.9167999999991;997.5976000000134;994.6259000000036;996.7264000000182;994.7140000000036;991.9907000000005;992.6068000000005;992.6068000000005;992.6068000000005;983.2761999999989;992.6068000000005;986.3568999999991;994.7140000000036;
1799.9684556467625;995.8464000000231;994.7140000000036;986.3568999999991;985.9167999999991;997.5888000000134;994.6259000000036;996.7264000000182;994.7140000000036;991.9907000000005;992.6068000000005;992.6068000000005;992.6068000000005;983.2761999999989;992.6068000000005;986.3568999999991;994.7140000000036;
1799.9686770452633;995.8376000000231;994.7140000000036;986.3568999999991;985.9167999999991;997.5888000000134;994.6259000000036;996.7264000000182;994.7140000000036;991.9907000000005;992.6068000000005;992.6068000000005;992.6068000000005;983.2761999999989;992.6068000000005;986.3568999999991;994.7140000000036;
1800.892853880054;995.8112000000233;994.6259000000036;986.3568999999991;985.9167999999991;997.5448000000137;994.6259000000036;996.7176000000183;994.6259000000036;991.9907000000005;991.9907000000005;991.9907000000005;991.9907000000005;982.8360999999989;991.9907000000005;985.9167999999991;994.6259000000036;
1801.892877219907;995.8024000000233;994.6259000000036;986.3568999999991;985.9167999999991;997.5360000000137;994.6259000000036;996.7000000000183;994.6259000000036;991.9907000000005;991.9907000000005;991.9907000000005;991.9907000000005;982.8360999999989;991.9907000000005;985.9167999999991;994.6259000000036;
1801.892877219907;995.7936000000234;994.6259000000036;986.3568999999991;985.9167999999991;997.5360000000137;994.6259000000036;996.7000000000183;994.6259000000036;991.9907000000005;991.9907000000005;991.9907000000005;991.9907000000005;982.8360999999989;991.9907000000005;985.9167999999991;994.6259000000036;
1802.8929005597602;995.7936000000234;994.6259000000036;986.3568999999991;985.9167999999991;997.5272000000137;994.6259000000036;996.6824000000184;994.6259000000036;991.9907000000005;991.9907000000005;991.9907000000005;991.9907000000005;982.8360999999989;991.9907000000005;985.9167999999991;994.6259000000036;
1803.8929238996134;995.7848000000234;994.6259000000036;986.3568999999991;985.9167999999991;997.5184000000138;994.6259000000036;996.6648000000185;994.6259000000036;991.9907000000005;991.9907000000005;991.9907000000005;991.9907000000005;982.8360999999989;991.9907000000005;985.9167999999991;994.6259000000036;
1803.9685277847984;995.7760000000235;994.6259000000036;986.3568999999991;985.9167999999991;997.5184000000138;994.6259000000036;996.6560000000186;994.6259000000036;991.9907000000005;991.9907000000005;991.9907000000005;991.9907000000005;982.8360999999989;991.9907000000005;985.9167999999991;994.6259000000036;
1804.8929472394664;995.7760000000235;994.6259000000036;986.3568999999991;985.9167999999991;997.5096000000138;994.6259000000036;996.6472000000186;994.6259000000036;991.9907000000005;991.9907000000005;991.9907000000005;991.9907000000005;982.8360999999989;991.9907000000005;985.9167999999991;994.6259000000036;
1805.9685638538162;995.7760000000235;994.6259000000036;986.3568999999991;985.9167999999991;997.5008000000139;994.6259000000036;996.6384000000187;994.6259000000036;991.9907000000005;991.9907000000005;991.9907000000005;991.9907000000005;982.8360999999989;991.9907000000005;985.9167999999991;994.6259000000036;
1806.9999999999966;995.7760000000235;994.6259000000036;986.3568999999991;985.9167999999991;997.5008000000139;994.6259000000036;996.6384000000187;994.6259000000036;991.9907000000005;991.9907000000005;991.9907000000005;991.9907000000005;982.8360999999989;991.9907000000005;985.9167999999991;994.6259000000036;
1807.9999999999966;995.7760000000235;994.6259000000036;986.3568999999991;985.9167999999991;997.5008000000139;994.6259000000036;996.6384000000187;994.6259000000036;991.9907000000005;991.9907000000005;991.9907000000005;991.9907000000005;982.8360999999989;991.9907000000005;985.9167999999991;994.6259000000036;
1808.9999999999966;995.7760000000235;994.6259000000036;986.3568999999991;985.9167999999991;997.5008000000139;994.6259000000036;996.6384000000187;994.6259000000036;991.9907000000005;991.9907000000005;991.9907000000005;991.9907000000005;982.8360999999989;991.9907000000005;985.9167999999991;994.6259000000036;
1809.9999999999966;995.7760000000235;994.6259000000036;986.3568999999991;985.9167999999991;997.5008000000139;994.6259000000036;996.6384000000187;994.6259000000036;991.9907000000005;991.9907000000005;991.9907000000005;991.9907000000005;982.8360999999989;991.9907000000005;985.9167999999991;994.6259000000036;
1810.9999999999966;995.7760000000235;994.6259000000036;986.3568999999991;985.9167999999991;997.5008000000139;994.6259000000036;996.6384000000187;994.6259000000036;991.9907000000005;991.9907000000005;991.9907000000005;991.9907000000005;982.8360999999989;991.9907000000005;985.9167999999991;994.6259000000036;
1811.9999999999966;995.7760000000235;994.6259000000036;986.3568999999991;985.9167999999991;997.5008000000139;994.6259000000036;996.6384000000187;994.6259000000036;991.9907000000005;991.9907000000005;991.9907000000005;991.9907000000005;982.8360999999989;991.9907000000005;985.9167999999991;994.6259000000036;
1812.9999999999966;995.7760000000235;994.6259000000036;986.3568999999991;985.9167999999991;997.5008000000139;994.6259000000036;996.6384000000187;994.6259000000036;991.9907000000005;991.9907000000005;991.9907000000005;991.9907000000005;982.8360999999989;991.9907000000005;985.9167999999991;994.6259000000036;
1813.9999999999966;995.7760000000235;994.6259000000036;986.3568999999991;985.9167999999991;997.5008000000139;994.6259000000036;996.6384000000187;994.6259000000036;991.9907000000005;991.9907000000005;991.9907000000005;991.9907000000005;982.8360999999989;991.9907000000005;985.9167999999991;994.6259000000036;
1814.9999999999966;995.7760000000235;994.6259000000036;986.3568999999991;985.9167999999991;997.5008000000139;994.6259000000036;996.6384000000187;994.6259000000036;991.9907000000005;991.9907000000005;991.9907000000005;991.9907000000005;982.8360999999989;991.9907000000005;985.9167999999991;994.6259000000036;
1815.9999999999966;995.7760000000235;994.6259000000036;986.3568999999991;985.9167999999991;997.5008000000139;994.6259000000036;996.6384000000187;994.6259000000036;991.9907000000005;991.9907000000005;991.9907000000005;991.9907000000005;982.8360999999989;991.9907000000005;985.9167999999991;994.6259000000036;
1816.9999999999966;995.7760000000235;994.6259000000036;986.3568999999991;985.9167999999991;997.5008000000139;994.6259000000036;996.6384000000187;994.6259000000036;991.9907000000005;991.9907000000005;991.9907000000005;991.9907000000005;982.8360999999989;991.9907000000005;985.9167999999991;994.6259000000036;
1817.9999999999966;995.7760000000235;994.6259000000036;986.3568999999991;985.9167999999991;997.5008000000139;994.6259000000036;996.6384000000187;994.6259000000036;991.9907000000005;991.9907000000005;991.9907000000005;991.9907000000005;982.8360999999989;991.9907000000005;985.9167999999991;994.6259000000036;
1818.9999999999966;995.7760000000235;994.6259000000036;986.3568999999991;985.9167999999991;997.5008000000139;994.6259000000036;996.6384000000187;994.6259000000036;991.9907000000005;991.9907000000005;991.9907000000005;991.9907000000005;982.8360999999989;991.9907000000005;985.9167999999991;994.6259000000036;
1819.9999999999966;995.7760000000235;994.6259000000036;986.3568999999991;985.9167999999991;997.5008000000139;994.6259000000036;996.6384000000187;994.6259000000036;991.9907000000005;991.9907000000005;991.9907000000005;991.9907000000005;982.8360999999989;991.9907000000005;985.9167999999991;994.6259000000036;
1820.9999999999966;995.7760000000235;994.6259000000036;986.3568999999991;985.9167999999991;997.5008000000139;994.6259000000036;996.6384000000187;994.6259000000036;991.9907000000005;991.9907000000005;991.9907000000005;991.9907000000005;982.8360999999989;991.9907000000005;985.9167999999991;994.6259000000036;
1821.9999999999966;995.7760000000235;994.6259000000036;986.3568999999991;985.9167999999991;997.5008000000139;994.6259000000036;996.6384000000187;994.6259000000036;991.9907000000005;991.9907000000005;991.9907000000005;991.9907000000005;982.8360999999989;991.9907000000005;985.9167999999991;994.6259000000036;
1822.9999999999966;995.7760000000235;994.6259000000036;986.3568999999991;985.9167999999991;997.5008000000139;994.6259000000036;996.6384000000187;994.6259000000036;991.9907000000005;991.9907000000005;991.9907000000005;991.9907000000005;982.8360999999989;991.9907000000005;985.9167999999991;994.6259000000036;
1823.9999999999966;995.7760000000235;994.6259000000036;986.3568999999991;985.9167999999991;997.5008000000139;994.6259000000036;996.6384000000187;994.6259000000036;991.9907000000005;991.9907000000005;991.9907000000005;991.9907000000005;982.8360999999989;991.9907000000005;985.9167999999991;994.6259000000036;
1824.9999999999966;995.7760000000235;994.6259000000036;986.3568999999991;985.9167999999991;997.5008000000139;994.6259000000036;996.6384000000187;994.6259000000036;991.9907000000005;991.9907000000005;991.9907000000005;991.9907000000005;982.8360999999989;991.9907000000005;985.9167999999991;994.6259000000036;
1825.9999999999966;995.7760000000235;994.6259000000036;986.3568999999991;985.9167999999991;997.5008000000139;994.6259000000036;996.6384000000187;994.6259000000036;991.9907000000005;991.9907000000005;991.9907000000005;991.9907000000005;982.8360999999989;991.9907000000005;985.9167999999991;994.6259000000036;
1826.9999999999966;995.7760000000235;994.6259000000036;986.3568999999991;985.9167999999991;997.5008000000139;994.6259000000036;996.6384000000187;994.6259000000036;991.9907000000005;991.9907000000005;991.9907000000005;991.9907000000005;982.8360999999989;991.9907000000005;985.9167999999991;994.6259000000036;
1827.9999999999966;995.7760000000235;994.6259000000036;986.3568999999991;985.9167999999991;997.5008000000139;994.6259000000036;996.6384000000187;994.6259000000036;991.9907000000005;991.9907000000005;991.9907000000005;991.9907000000005;982.8360999999989;991.9907000000005;985.9167999999991;994.6259000000036;
1828.9999999999966;995.7760000000235;994.6259000000036;986.3568999999991;985.9167999999991;997.5008000000139;994.6259000000036;996.6384000000187;994.6259000000036;991.9907000000005;991.9907000000005;991.9907000000005;991.9907000000005;982.8360999999989;991.9907000000005;985.9167999999991;994.6259000000036;
1829.885620230057;995.7760000000235;994.6259000000036;986.3568999999991;985.9167999999991;997.5008000000139;994.6258000000037;996.6384000000187;994.6259000000036;991.9907000000005;991.9907000000005;991.9907000000005;991.9907000000005;982.8360999999989;991.9907000000005;985.9167999999991;994.6259000000036;
1829.885620230057;995.7760000000235;994.6259000000036;986.3568999999991;985.9167999999991;997.5008000000139;994.5378000000037;996.6384000000187;994.6259000000036;991.9907000000005;991.9907000000005;991.9907000000005;991.9907000000005;982.8360999999989;991.9907000000005;985.9167999999991;994.6259000000036;
1829.890936230057;995.7672000000235;994.6259000000036;986.3568999999991;985.9167999999991;997.5008000000139;994.5378000000037;996.6384000000187;994.6259000000036;991.9907000000005;991.9907000000005;991.9907000000005;991.9907000000005;982.8360999999989;991.9907000000005;985.9167999999991;994.6259000000036;
1829.890936230057;995.7584000000236;994.6259000000036;986.3568999999991;985.9167999999991;997.5008000000139;994.5378000000037;996.6384000000187;994.6259000000036;991.9907000000005;991.9907000000005;991.9907000000005;991.9907000000005;982.8360999999989;991.9907000000005;985.9167999999991;994.6259000000036;
1829.896252230057;995.7584000000236;994.6259000000036;986.3568999999991;985.9167999999991;997.5008000000139;994.5378000000037;996.6296000000187;994.6259000000036;991.9907000000005;991.9907000000005;991.9907000000005;991.9907000000005;982.8360999999989;991.9907000000005;985.9167999999991;994.6259000000036;
1829.9042433170869;995.7584000000236;994.6259000000036;986.3567999999991;985.9167999999991;997.5008000000139;994.5378000000037;996.6296000000187;994.6259000000036;991.9907000000005;991.9907000000005;991.9907000000005;991.9907000000005;982.8360999999989;991.9907000000005;985.9167999999991;994.6259000000036;
1829.9042433170869;995.7584000000236;994.6259000000036;985.9167999999991;985.9167999999991;997.5008000000139;994.5378000000037;996.6296000000187;994.6259000000036;991.9907000000005;991.9907000000005;991.9907000000005;991.9907000000005;982.8360999999989;991.9907000000005;985.9167999999991;994.6259000000036;
1829.9095593170869;995.7496000000236;994.6259000000036;985.9167999999991;985.9167999999991;997.5008000000139;994.5378000000037;996.6296000000187;994.6259000000036;991.9907000000005;991.9907000000005;991.9907000000005;991.9907000000005;982.8360999999989;991.9907000000005;985.9167999999991;994.6259000000036;
1829.969276243907;995.7496000000236;994.6259000000036;985.9167999999991;985.9167999999991;997.5008000000139;994.5378000000037;996.6296000000187;994.6258000000037;991.9907000000005;991.9907000000005;991.9907000000005;991.9907000000005;982.8360999999989;991.9907000000005;985.9167999999991;994.6259000000036;
1829.969276243907;995.7496000000236;994.6259000000036;985.9167999999991;985.9167999999991;997.5008000000139;994.5378000000037;996.6296000000187;994.5378000000037;991.9907000000005;991.9907000000005;991.9907000000005;991.9907000000005;982.8360999999989;991.9907000000005;985.9167999999991;994.6259000000036;
1829.974592243907;995.7408000000237;994.6259000000036;985.9167999999991;985.9167999999991;997.5008000000139;994.5378000000037;996.6296000000187;994.5378000000037;991.9907000000005;991.9907000000005;991.9907000000005;991.9907000000005;982.8360999999989;991.9907000000005;985.9167999999991;994.6259000000036;
1829.9999999999964;995.7408000000237;994.6259000000036;985.9167999999991;985.9167999999991;997.5008000000139;994.5378000000037;996.6296000000187;994.5378000000037;991.9907000000005;991.9907000000005;991.9907000000005;991.9907000000005;982.8360999999989;991.9907000000005;985.9167999999991;994.6259000000036;
1830.89095956991;995.7320000000237;994.5378000000037;985.9167999999991;985.9167999999991;997.5008000000139;994.5378000000037;996.6296000000187;994.5378000000037;991.9907000000005;991.9907000000005;991.9907000000005;991.9907000000005;982.8360999999989;991.9907000000005;985.9167999999991;994.5378000000037;
1831.8909829097631;995.7232000000238;994.5378000000037;985.9167999999991;985.9167999999991;997.5008000000139;994.5378000000037;996.6208000000188;994.5378000000037;991.9907000000005;991.9907000000005;991.9907000000005;991.9907000000005;982.8360999999989;991.9907000000005;985.9167999999991;994.5378000000037;
1831.9999999999964;995.7144000000238;994.5378000000037;985.9167999999991;985.9167999999991;997.5008000000139;994.5378000000037;996.6120000000188;994.5378000000037;991.9907000000005;991.9907000000005;991.9907000000005;991.9907000000005;982.8360999999989;991.9907000000005;985.9167999999991;994.5378000000037;
1832.8910062496163;995.7144000000238;994.5378000000037;985.9167999999991;985.9167999999991;997.5008000000139;994.5378000000037;996.6120000000188;994.5378000000037;991.9907000000005;991.9907000000005;991.9907000000005;991.9907000000005;982.8360999999989;991.9907000000005;985.9167999999991;994.5378000000037;
1833.8910295894693;995.7056000000239;994.5378000000037;985.9167999999991;985.9167999999991;997.5008000000139;994.5378000000037;996.6032000000189;994.5378000000037;991.9907000000005;991.9907000000005;991.9907000000005;991.9907000000005;982.8360999999989;991.9907000000005;985.9167999999991;994.5378000000037;
1834.9999999999964;995.7056000000239;994.5378000000037;985.9167999999991;985.9167999999991;997.5008000000139;994.5378000000037;996.6032000000189;994.5378000000037;991.9907000000005;991.9907000000005;991.9907000000005;991.9907000000005;982.8360999999989;991.9907000000005;985.9167999999991;994.5378000000037;
1835.9999999999964;995.7056000000239;994.5378000000037;985.9167999999991;985.9167999999991;997.5008000000139;994.5378000000037;996.6032000000189;994.5378000000037;991.9907000000005;991.9907000000005;991.9907000000005;991.9907000000005;982.8360999999989;991.9907000000005;985.9167999999991;994.5378000000037;
1836.9999999999964;995.7056000000239;994.5378000000037;985.9167999999991;985.9167999999991;997.5008000000139;994.5378000000037;996.6032000000189;994.5378000000037;991.9907000000005;991.9907000000005;991.9907000000005;991.9907000000005;982.8360999999989;991.9907000000005;985.9167999999991;994.5378000000037;
1837.9999999999964;995.7056000000239;994.5378000000037;985.9167999999991;985.9167999999991;997.5008000000139;994.5378000000037;996.6032000000189;994.5378000000037;991.9907000000005;991.9907000000005;991.9907000000005;991.9907000000005;982.8360999999989;991.9907000000005;985.9167999999991;994.5378000000037;
1838.9999999999964;995.7056000000239;994.5378000000037;985.9167999999991;985.9167999999991;997.5008000000139;994.5378000000037;996.6032000000189;994.5378000000037;991.9907000000005;991.9907000000005;991.9907000000005;991.9907000000005;982.8360999999989;991.9907000000005;985.9167999999991;994.5378000000037;
1839.9999999999964;995.7056000000239;994.5378000000037;985.9167999999991;985.9167999999991;997.5008000000139;994.5378000000037;996.6032000000189;994.5378000000037;991.9907000000005;991.9907000000005;991.9907000000005;991.9907000000005;982.8360999999989;991.9907000000005;985.9167999999991;994.5378000000037;
1840.9999999999964;995.7056000000239;994.5378000000037;985.9167999999991;985.9167999999991;997.5008000000139;994.5378000000037;996.6032000000189;994.5378000000037;991.9907000000005;991.9907000000005;991.9907000000005;991.9907000000005;982.8360999999989;991.9907000000005;985.9167999999991;994.5378000000037;
1841.9999999999964;995.7056000000239;994.5378000000037;985.9167999999991;985.9167999999991;997.5008000000139;994.5378000000037;996.6032000000189;994.5378000000037;991.9907000000005;991.9907000000005;991.9907000000005;991.9907000000005;982.8360999999989;991.9907000000005;985.9167999999991;994.5378000000037;
1842.9999999999964;995.7056000000239;994.5378000000037;985.9167999999991;985.9167999999991;997.5008000000139;994.5378000000037;996.6032000000189;994.5378000000037;991.9907000000005;991.9907000000005;991.9907000000005;991.9907000000005;982.8360999999989;991.9907000000005;985.9167999999991;994.5378000000037;
1843.9999999999964;995.7056000000239;994.5378000000037;985.9167999999991;985.9167999999991;997.5008000000139;994.5378000000037;996.6032000000189;994.5378000000037;991.9907000000005;991.9907000000005;991.9907000000005;991.9907000000005;982.8360999999989;991.9907000000005;985.9167999999991;994.5378000000037;
1844.9999999999964;995.7056000000239;994.5378000000037;985.9167999999991;985.9167999999991;997.5008000000139;994.5378000000037;996.6032000000189;994.5378000000037;991.9907000000005;991.9907000000005;991.9907000000005;991.9907000000005;982.8360999999989;991.9907000000005;985.9167999999991;994.5378000000037;
1845.9999999999964;995.7056000000239;994.5378000000037;985.9167999999991;985.9167999999991;997.5008000000139;994.5378000000037;996.6032000000189;994.5378000000037;991.9907000000005;991.9907000000005;991.9907000000005;991.9907000000005;982.8360999999989;991.9907000000005;985.9167999999991;994.5378000000037;
1846.9999999999964;995.7056000000239;994.5378000000037;985.9167999999991;985.9167999999991;997.5008000000139;994.5378000000037;996.6032000000189;994.5378000000037;991.9907000000005;991.9907000000005;991.9907000000005;991.9907000000005;982.8360999999989;991.9907000000005;985.9167999999991;994.5378000000037;
1847.9999999999964;995.7056000000239;994.5378000000037;985.9167999999991;985.9167999999991;997.5008000000139;994.5378000000037;996.6032000000189;994.5378000000037;991.9907000000005;991.9907000000005;991.9907000000005;991.9907000000005;982.8360999999989;991.9907000000005;985.9167999999991;994.5378000000037;
1848.9999999999964;995.7056000000239;994.5378000000037;985.9167999999991;985.9167999999991;997.5008000000139;994.5378000000037;996.6032000000189;994.5378000000037;991.9907000000005;991.9907000000005;991.9907000000005;991.9907000000005;982.8360999999989;991.9907000000005;985.9167999999991;994.5378000000037;
1849.9999999999964;995.7056000000239;994.5378000000037;985.9167999999991;985.9167999999991;997.5008000000139;994.5378000000037;996.6032000000189;994.5378000000037;991.9907000000005;991.9907000000005;991.9907000000005;991.9907000000005;982.8360999999989;991.9907000000005;985.9167999999991;994.5378000000037;
1850.9999999999964;995.7056000000239;994.5378000000037;985.9167999999991;985.9167999999991;997.5008000000139;994.5378000000037;996.6032000000189;994.5378000000037;991.9907000000005;991.9907000000005;991.9907000000005;991.9907000000005;982.8360999999989;991.9907000000005;985.9167999999991;994.5378000000037;
1851.9999999999964;995.7056000000239;994.5378000000037;985.9167999999991;985.9167999999991;997.5008000000139;994.5378000000037;996.6032000000189;994.5378000000037;991.9907000000005;991.9907000000005;991.9907000000005;991.9907000000005;982.8360999999989;991.9907000000005;985.9167999999991;994.5378000000037;
1852.9999999999964;995.7056000000239;994.5378000000037;985.9167999999991;985.9167999999991;997.5008000000139;994.5378000000037;996.6032000000189;994.5378000000037;991.9907000000005;991.9907000000005;991.9907000000005;991.9907000000005;982.8360999999989;991.9907000000005;985.9167999999991;994.5378000000037;
1853.9999999999964;995.7056000000239;994.5378000000037;985.9167999999991;985.9167999999991;997.5008000000139;994.5378000000037;996.6032000000189;994.5378000000037;991.9907000000005;991.9907000000005;991.9907000000005;991.9907000000005;982.8360999999989;991.9907000000005;985.9167999999991;994.5378000000037;
1854.9999999999964;995.7056000000239;994.5378000000037;985.9167999999991;985.9167999999991;997.5008000000139;994.5378000000037;996.6032000000189;994.5378000000037;991.9907000000005;991.9907000000005;991.9907000000005;991.9907000000005;982.8360999999989;991.9907000000005;985.9167999999991;994.5378000000037;
1855.9999999999964;995.7056000000239;994.5378000000037;985.9167999999991;985.9167999999991;997.5008000000139;994.5378000000037;996.6032000000189;994.5378000000037;991.9907000000005;991.9907000000005;991.9907000000005;991.9907000000005;982.8360999999989;991.9907000000005;985.9167999999991;994.5378000000037;
1856.9999999999964;995.7056000000239;994.5378000000037;985.9167999999991;985.9167999999991;997.5008000000139;994.5378000000037;996.6032000000189;994.5378000000037;991.9907000000005;991.9907000000005;991.9907000000005;991.9907000000005;982.8360999999989;991.9907000000005;985.9167999999991;994.5378000000037;
1857.9999999999964;995.7056000000239;994.5378000000037;985.9167999999991;985.9167999999991;997.5008000000139;994.5378000000037;996.6032000000189;994.5378000000037;991.9907000000005;991.9907000000005;991.9907000000005;991.9907000000005;982.8360999999989;991.9907000000005;985.9167999999991;994.5378000000037;
1858.9999999999964;995.7056000000239;994.5378000000037;985.9167999999991;985.9167999999991;997.5008000000139;994.5378000000037;996.6032000000189;994.5378000000037;991.9907000000005;991.9907000000005;991.9907000000005;991.9907000000005;982.8360999999989;991.9907000000005;985.9167999999991;994.5378000000037;
1859.883725919913;995.7056000000239;994.5378000000037;985.9167999999991;985.9167999999991;997.5008000000139;994.5377000000037;996.6032000000189;994.5378000000037;991.9907000000005;991.9907000000005;991.9907000000005;991.9907000000005;982.8360999999989;991.9907000000005;985.9167999999991;994.5378000000037;
1859.883725919913;995.7056000000239;994.5378000000037;985.9167999999991;985.9167999999991;997.5008000000139;994.4497000000038;996.6032000000189;994.5378000000037;991.9907000000005;991.9907000000005;991.9907000000005;991.9907000000005;982.8360999999989;991.9907000000005;985.9167999999991;994.5378000000037;
1859.889041919913;995.6968000000239;994.5378000000037;985.9167999999991;985.9167999999991;997.5008000000139;994.4497000000038;996.6032000000189;994.5378000000037;991.9907000000005;991.9907000000005;991.9907000000005;991.9907000000005;982.8360999999989;991.9907000000005;985.9167999999991;994.5378000000037;
1859.889041919913;995.688000000024;994.5378000000037;985.9167999999991;985.9167999999991;997.5008000000139;994.4497000000038;996.6032000000189;994.5378000000037;991.9907000000005;991.9907000000005;991.9907000000005;991.9907000000005;982.8360999999989;991.9907000000005;985.9167999999991;994.5378000000037;
1859.894357919913;995.688000000024;994.5378000000037;985.9167999999991;985.9167999999991;997.5008000000139;994.4497000000038;996.5944000000189;994.5378000000037;991.9907000000005;991.9907000000005;991.9907000000005;991.9907000000005;982.8360999999989;991.9907000000005;985.9167999999991;994.5378000000037;
1859.961902549063;995.688000000024;994.5378000000037;985.9167999999991;985.9166999999991;997.5008000000139;994.4497000000038;996.5944000000189;994.5378000000037;991.9907000000005;991.9907000000005;991.9907000000005;991.9907000000005;982.8360999999989;991.9907000000005;985.9167999999991;994.5378000000037;
1859.961902549063;995.688000000024;994.5378000000037;985.9167999999991;985.476699999999;997.5008000000139;994.4497000000038;996.5944000000189;994.5378000000037;991.9907000000005;991.9907000000005;991.9907000000005;991.9907000000005;982.8360999999989;991.9907000000005;985.9167999999991;994.5378000000037;
1859.967218549063;995.688000000024;994.5378000000037;985.9167999999991;985.476699999999;997.492000000014;994.4497000000038;996.5944000000189;994.5378000000037;991.9907000000005;991.9907000000005;991.9907000000005;991.9907000000005;982.8360999999989;991.9907000000005;985.9167999999991;994.5378000000037;
1859.967218549063;995.688000000024;994.5378000000037;985.9167999999991;985.476699999999;997.483200000014;994.4497000000038;996.5944000000189;994.5378000000037;991.9907000000005;991.9907000000005;991.9907000000005;991.9907000000005;982.8360999999989;991.9907000000005;985.9167999999991;994.5378000000037;
1859.9687601655673;995.688000000024;994.5378000000037;985.9167999999991;985.476699999999;997.483200000014;994.4497000000038;996.5944000000189;994.5377000000037;991.9907000000005;991.9907000000005;991.9907000000005;991.9907000000005;982.8360999999989;991.9907000000005;985.9167999999991;994.5378000000037;
1859.9687601655673;995.688000000024;994.5378000000037;985.9167999999991;985.476699999999;997.483200000014;994.4497000000038;996.5944000000189;994.4497000000038;991.9907000000005;991.9907000000005;991.9907000000005;991.9907000000005;982.8360999999989;991.9907000000005;985.9167999999991;994.5378000000037;
1859.9719821477318;995.688000000024;994.5378000000037;985.9167999999991;985.476699999999;997.483200000014;994.4497000000038;996.5944000000189;994.4497000000038;991.9907000000005;991.9907000000005;991.9907000000005;991.9907000000005;982.8359999999989;991.9907000000005;985.9167999999991;994.5378000000037;
1859.9719821477318;995.688000000024;994.5378000000037;985.9167999999991;985.476699999999;997.483200000014;994.4497000000038;996.5944000000189;994.4497000000038;991.9907000000005;991.9907000000005;991.9907000000005;991.9907000000005;982.3959999999988;991.9907000000005;985.9167999999991;994.5378000000037;
1860.8890652597663;995.6704000000241;994.4497000000038;985.9167999999991;985.476699999999;997.4656000000141;994.4497000000038;996.585600000019;994.4497000000038;991.9907000000005;991.9907000000005;991.9907000000005;991.9907000000005;982.3959999999988;991.9907000000005;985.476699999999;994.4497000000038;
1861.8890885996195;995.6616000000241;994.4497000000038;985.9167999999991;985.476699999999;997.4568000000141;994.4497000000038;996.5680000000191;994.4497000000038;991.9907000000005;991.9907000000005;991.9907000000005;991.9907000000005;982.3959999999988;991.9907000000005;985.476699999999;994.4497000000038;
1862.8891119394725;995.6528000000242;994.4497000000038;985.9167999999991;985.476699999999;997.4480000000142;994.4497000000038;996.5504000000192;994.4497000000038;991.9907000000005;991.9907000000005;991.9907000000005;991.9907000000005;982.3959999999988;991.9907000000005;985.476699999999;994.4497000000038;
1862.96727265259;995.6528000000242;994.4497000000038;985.9167999999991;985.476699999999;997.4480000000142;994.4497000000038;996.5504000000192;994.4497000000038;991.9907000000005;991.9907000000005;991.9907000000005;991.9907000000005;982.3959999999988;991.9907000000005;985.476699999999;994.4497000000038;
1863.9999999999964;995.6528000000242;994.4497000000038;985.9167999999991;985.476699999999;997.4480000000142;994.4497000000038;996.5504000000192;994.4497000000038;991.9907000000005;991.9907000000005;991.9907000000005;991.9907000000005;982.3959999999988;991.9907000000005;985.476699999999;994.4497000000038;
1864.9999999999964;995.6528000000242;994.4497000000038;985.9167999999991;985.476699999999;997.4480000000142;994.4497000000038;996.5504000000192;994.4497000000038;991.9907000000005;991.9907000000005;991.9907000000005;991.9907000000005;982.3959999999988;991.9907000000005;985.476699999999;994.4497000000038;
1865.9999999999964;995.6528000000242;994.4497000000038;985.9167999999991;985.476699999999;997.4480000000142;994.4497000000038;996.5504000000192;994.4497000000038;991.9907000000005;991.9907000000005;991.9907000000005;991.9907000000005;982.3959999999988;991.9907000000005;985.476699999999;994.4497000000038;
1866.9999999999964;995.6528000000242;994.4497000000038;985.9167999999991;985.476699999999;997.4480000000142;994.4497000000038;996.5504000000192;994.4497000000038;991.9907000000005;991.9907000000005;991.9907000000005;991.9907000000005;982.3959999999988;991.9907000000005;985.476699999999;994.4497000000038;
1867.9999999999964;995.6528000000242;994.4497000000038;985.9167999999991;985.476699999999;997.4480000000142;994.4497000000038;996.5504000000192;994.4497000000038;991.9907000000005;991.9907000000005;991.9907000000005;991.9907000000005;982.3959999999988;991.9907000000005;985.476699999999;994.4497000000038;
1868.9999999999964;995.6528000000242;994.4497000000038;985.9167999999991;985.476699999999;997.4480000000142;994.4497000000038;996.5504000000192;994.4497000000038;991.9907000000005;991.9907000000005;991.9907000000005;991.9907000000005;982.3959999999988;991.9907000000005;985.476699999999;994.4497000000038;
1869.9999999999964;995.6528000000242;994.4497000000038;985.9167999999991;985.476699999999;997.4480000000142;994.4497000000038;996.5504000000192;994.4497000000038;991.9907000000005;991.9907000000005;991.9907000000005;991.9907000000005;982.3959999999988;991.9907000000005;985.476699999999;994.4497000000038;
1870.9999999999964;995.6528000000242;994.4497000000038;985.9167999999991;985.476699999999;997.4480000000142;994.4497000000038;996.5504000000192;994.4497000000038;991.9907000000005;991.9907000000005;991.9907000000005;991.9907000000005;982.3959999999988;991.9907000000005;985.476699999999;994.4497000000038;
1871.9999999999964;995.6528000000242;994.4497000000038;985.9167999999991;985.476699999999;997.4480000000142;994.4497000000038;996.5504000000192;994.4497000000038;991.9907000000005;991.9907000000005;991.9907000000005;991.9907000000005;982.3959999999988;991.9907000000005;985.476699999999;994.4497000000038;
1872.9999999999964;995.6528000000242;994.4497000000038;985.9167999999991;985.476699999999;997.4480000000142;994.4497000000038;996.5504000000192;994.4497000000038;991.9907000000005;991.9907000000005;991.9907000000005;991.9907000000005;982.3959999999988;991.9907000000005;985.476699999999;994.4497000000038;
1873.9999999999964;995.6528000000242;994.4497000000038;985.9167999999991;985.476699999999;997.4480000000142;994.4497000000038;996.5504000000192;994.4497000000038;991.9907000000005;991.9907000000005;991.9907000000005;991.9907000000005;982.3959999999988;991.9907000000005;985.476699999999;994.4497000000038;
1874.9999999999964;995.6528000000242;994.4497000000038;985.9167999999991;985.476699999999;997.4480000000142;994.4497000000038;996.5504000000192;994.4497000000038;991.9907000000005;991.9907000000005;991.9907000000005;991.9907000000005;982.3959999999988;991.9907000000005;985.476699999999;994.4497000000038;
1875.9999999999964;995.6528000000242;994.4497000000038;985.9167999999991;985.476699999999;997.4480000000142;994.4497000000038;996.5504000000192;994.4497000000038;991.9907000000005;991.9907000000005;991.9907000000005;991.9907000000005;982.3959999999988;991.9907000000005;985.476699999999;994.4497000000038;
1876.9999999999964;995.6528000000242;994.4497000000038;985.9167999999991;985.476699999999;997.4480000000142;994.4497000000038;996.5504000000192;994.4497000000038;991.9907000000005;991.9907000000005;991.9907000000005;991.9907000000005;982.3959999999988;991.9907000000005;985.476699999999;994.4497000000038;
1877.9999999999964;995.6528000000242;994.4497000000038;985.9167999999991;985.476699999999;997.4480000000142;994.4497000000038;996.5504000000192;994.4497000000038;991.9907000000005;991.9907000000005;991.9907000000005;991.9907000000005;982.3959999999988;991.9907000000005;985.476699999999;994.4497000000038;
1878.9999999999964;995.6528000000242;994.4497000000038;985.9167999999991;985.476699999999;997.4480000000142;994.4497000000038;996.5504000000192;994.4497000000038;991.9907000000005;991.9907000000005;991.9907000000005;991.9907000000005;982.3959999999988;991.9907000000005;985.476699999999;994.4497000000038;
1879.9999999999964;995.6528000000242;994.4497000000038;985.9167999999991;985.476699999999;997.4480000000142;994.4497000000038;996.5504000000192;994.4497000000038;991.9907000000005;991.9907000000005;991.9907000000005;991.9907000000005;982.3959999999988;991.9907000000005;985.476699999999;994.4497000000038;
1880.9999999999964;995.6528000000242;994.4497000000038;985.9167999999991;985.476699999999;997.4480000000142;994.4497000000038;996.5504000000192;994.4497000000038;991.9907000000005;991.9907000000005;991.9907000000005;991.9907000000005;982.3959999999988;991.9907000000005;985.476699999999;994.4497000000038;
1881.9999999999964;995.6528000000242;994.4497000000038;985.9167999999991;985.476699999999;997.4480000000142;994.4497000000038;996.5504000000192;994.4497000000038;991.9907000000005;991.9907000000005;991.9907000000005;991.9907000000005;982.3959999999988;991.9907000000005;985.476699999999;994.4497000000038;
1882.9999999999964;995.6528000000242;994.4497000000038;985.9167999999991;985.476699999999;997.4480000000142;994.4497000000038;996.5504000000192;994.4497000000038;991.9907000000005;991.9907000000005;991.9907000000005;991.9907000000005;982.3959999999988;991.9907000000005;985.476699999999;994.4497000000038;
1883.9999999999964;995.6528000000242;994.4497000000038;985.9167999999991;985.476699999999;997.4480000000142;994.4497000000038;996.5504000000192;994.4497000000038;991.9907000000005;991.9907000000005;991.9907000000005;991.9907000000005;982.3959999999988;991.9907000000005;985.476699999999;994.4497000000038;
1884.9999999999964;995.6528000000242;994.4497000000038;985.9167999999991;985.476699999999;997.4480000000142;994.4497000000038;996.5504000000192;994.4497000000038;991.9907000000005;991.9907000000005;991.9907000000005;991.9907000000005;982.3959999999988;991.9907000000005;985.476699999999;994.4497000000038;
1885.9999999999964;995.6528000000242;994.4497000000038;985.9167999999991;985.476699999999;997.4480000000142;994.4497000000038;996.5504000000192;994.4497000000038;991.9907000000005;991.9907000000005;991.9907000000005;991.9907000000005;982.3959999999988;991.9907000000005;985.476699999999;994.4497000000038;
1886.9999999999964;995.6528000000242;994.4497000000038;985.9167999999991;985.476699999999;997.4480000000142;994.4497000000038;996.5504000000192;994.4497000000038;991.9907000000005;991.9907000000005;991.9907000000005;991.9907000000005;982.3959999999988;991.9907000000005;985.476699999999;994.4497000000038;
1887.9999999999964;995.6528000000242;994.4497000000038;985.9167999999991;985.476699999999;997.4480000000142;994.4497000000038;996.5504000000192;994.4497000000038;991.9907000000005;991.9907000000005;991.9907000000005;991.9907000000005;982.3959999999988;991.9907000000005;985.476699999999;994.4497000000038;
1888.9999999999964;995.6528000000242;994.4497000000038;985.9167999999991;985.476699999999;997.4480000000142;994.4497000000038;996.5504000000192;994.4497000000038;991.9907000000005;991.9907000000005;991.9907000000005;991.9907000000005;982.3959999999988;991.9907000000005;985.476699999999;994.4497000000038;
1889.8818316097695;995.6528000000242;994.4497000000038;985.9167999999991;985.476699999999;997.4480000000142;994.4496000000038;996.5504000000192;994.4497000000038;991.9907000000005;991.9907000000005;991.9907000000005;991.9907000000005;982.3959999999988;991.9907000000005;985.476699999999;994.4497000000038;
1889.8818316097695;995.6528000000242;994.4497000000038;985.9167999999991;985.476699999999;997.4480000000142;994.3616000000038;996.5504000000192;994.4497000000038;991.9907000000005;991.9907000000005;991.9907000000005;991.9907000000005;982.3959999999988;991.9907000000005;985.476699999999;994.4497000000038;
1889.8871476097695;995.6440000000242;994.4497000000038;985.9167999999991;985.476699999999;997.4480000000142;994.3616000000038;996.5504000000192;994.4497000000038;991.9907000000005;991.9907000000005;991.9907000000005;991.9907000000005;982.3959999999988;991.9907000000005;985.476699999999;994.4497000000038;
1889.8871476097695;995.6352000000243;994.4497000000038;985.9167999999991;985.476699999999;997.4480000000142;994.3616000000038;996.5504000000192;994.4497000000038;991.9907000000005;991.9907000000005;991.9907000000005;991.9907000000005;982.3959999999988;991.9907000000005;985.476699999999;994.4497000000038;
1889.8924636097695;995.6352000000243;994.4497000000038;985.9167999999991;985.476699999999;997.4480000000142;994.3616000000038;996.5416000000192;994.4497000000038;991.9907000000005;991.9907000000005;991.9907000000005;991.9907000000005;982.3959999999988;991.9907000000005;985.476699999999;994.4497000000038;
1889.900898640618;995.6352000000243;994.4497000000038;985.9166999999991;985.476699999999;997.4480000000142;994.3616000000038;996.5416000000192;994.4497000000038;991.9907000000005;991.9907000000005;991.9907000000005;991.9907000000005;982.3959999999988;991.9907000000005;985.476699999999;994.4497000000038;
1889.900898640618;995.6352000000243;994.4497000000038;985.476699999999;985.476699999999;997.4480000000142;994.3616000000038;996.5416000000192;994.4497000000038;991.9907000000005;991.9907000000005;991.9907000000005;991.9907000000005;982.3959999999988;991.9907000000005;985.476699999999;994.4497000000038;
1889.906214640618;995.6264000000243;994.4497000000038;985.476699999999;985.476699999999;997.4480000000142;994.3616000000038;996.5416000000192;994.4497000000038;991.9907000000005;991.9907000000005;991.9907000000005;991.9907000000005;982.3959999999988;991.9907000000005;985.476699999999;994.4497000000038;
1889.9682440872277;995.6264000000243;994.4497000000038;985.476699999999;985.476699999999;997.4480000000142;994.3616000000038;996.5416000000192;994.4496000000038;991.9907000000005;991.9907000000005;991.9907000000005;991.9907000000005;982.3959999999988;991.9907000000005;985.476699999999;994.4497000000038;
1889.9682440872277;995.6264000000243;994.4497000000038;985.476699999999;985.476699999999;997.4480000000142;994.3616000000038;996.5416000000192;994.3616000000038;991.9907000000005;991.9907000000005;991.9907000000005;991.9907000000005;982.3959999999988;991.9907000000005;985.476699999999;994.4497000000038;
1889.9715057721435;995.6264000000243;994.4497000000038;985.476699999999;985.476699999999;997.4480000000142;994.3616000000038;996.5416000000192;994.3616000000038;991.9907000000005;991.9907000000005;991.9907000000005;991.9907000000005;982.3958999999988;991.9907000000005;985.476699999999;994.4497000000038;
1889.9715057721435;995.6264000000243;994.4497000000038;985.476699999999;985.476699999999;997.4480000000142;994.3616000000038;996.5416000000192;994.3616000000038;991.9907000000005;991.9907000000005;991.9907000000005;991.9907000000005;981.9558999999988;991.9907000000005;985.476699999999;994.4497000000038;
1890.0208415548714;995.6176000000244;994.4497000000038;985.476699999999;985.476699999999;997.4304000000143;994.3616000000038;996.5328000000193;994.3616000000038;991.9907000000005;991.9907000000005;991.9907000000005;991.9907000000005;981.9558999999988;991.9907000000005;985.476699999999;994.4496000000038;
1890.8871709496227;995.6088000000244;994.3616000000038;985.476699999999;985.476699999999;997.4304000000143;994.3616000000038;996.5328000000193;994.3616000000038;991.9907000000005;991.9907000000005;991.9907000000005;991.9907000000005;981.9558999999988;991.9907000000005;985.476699999999;994.3616000000038;
1891.887194289476;995.6000000000245;994.3616000000038;985.476699999999;985.476699999999;997.4304000000143;994.3616000000038;996.5240000000193;994.3616000000038;991.9907000000005;991.9907000000005;991.9907000000005;991.9907000000005;981.9558999999988;991.9907000000005;985.476699999999;994.3616000000038;
1892.8872176293291;995.5912000000245;994.3616000000038;985.476699999999;985.476699999999;997.4304000000143;994.3616000000038;996.5152000000194;994.3616000000038;991.9907000000005;991.9907000000005;991.9907000000005;991.9907000000005;981.9558999999988;991.9907000000005;985.476699999999;994.3616000000038;
1892.8872176293291;995.5824000000246;994.3616000000038;985.476699999999;985.476699999999;997.4304000000143;994.3616000000038;996.5152000000194;994.3616000000038;991.9907000000005;991.9907000000005;991.9907000000005;991.9907000000005;981.9558999999988;991.9907000000005;985.476699999999;994.3616000000038;
1893.8872409691824;995.5824000000246;994.3616000000038;985.476699999999;985.476699999999;997.4304000000143;994.3616000000038;996.5064000000194;994.3616000000038;991.9907000000005;991.9907000000005;991.9907000000005;991.9907000000005;981.9558999999988;991.9907000000005;985.476699999999;994.3616000000038;
1894.9999999999966;995.5824000000246;994.3616000000038;985.476699999999;985.476699999999;997.4304000000143;994.3616000000038;996.5064000000194;994.3616000000038;991.9907000000005;991.9907000000005;991.9907000000005;991.9907000000005;981.9558999999988;991.9907000000005;985.476699999999;994.3616000000038;
1895.9999999999966;995.5824000000246;994.3616000000038;985.476699999999;985.476699999999;997.4304000000143;994.3616000000038;996.5064000000194;994.3616000000038;991.9907000000005;991.9907000000005;991.9907000000005;991.9907000000005;981.9558999999988;991.9907000000005;985.476699999999;994.3616000000038;
1896.9999999999966;995.5824000000246;994.3616000000038;985.476699999999;985.476699999999;997.4304000000143;994.3616000000038;996.5064000000194;994.3616000000038;991.9907000000005;991.9907000000005;991.9907000000005;991.9907000000005;981.9558999999988;991.9907000000005;985.476699999999;994.3616000000038;
1897.9999999999966;995.5824000000246;994.3616000000038;985.476699999999;985.476699999999;997.4304000000143;994.3616000000038;996.5064000000194;994.3616000000038;991.9907000000005;991.9907000000005;991.9907000000005;991.9907000000005;981.9558999999988;991.9907000000005;985.476699999999;994.3616000000038;
1898.9999999999966;995.5824000000246;994.3616000000038;985.476699999999;985.476699999999;997.4304000000143;994.3616000000038;996.5064000000194;994.3616000000038;991.9907000000005;991.9907000000005;991.9907000000005;991.9907000000005;981.9558999999988;991.9907000000005;985.476699999999;994.3616000000038;
1899.9999999999966;995.5824000000246;994.3616000000038;985.476699999999;985.476699999999;997.4304000000143;994.3616000000038;996.5064000000194;994.3616000000038;991.9907000000005;991.9907000000005;991.9907000000005;991.9907000000005;981.9558999999988;991.9907000000005;985.476699999999;994.3616000000038;
1900.9999999999966;995.5824000000246;994.3616000000038;985.476699999999;985.476699999999;997.4304000000143;994.3616000000038;996.5064000000194;994.3616000000038;991.9907000000005;991.9907000000005;991.9907000000005;991.9907000000005;981.9558999999988;991.9907000000005;985.476699999999;994.3616000000038;
1901.9999999999966;995.5824000000246;994.3616000000038;985.476699999999;985.476699999999;997.4304000000143;994.3616000000038;996.5064000000194;994.3616000000038;991.9907000000005;991.9907000000005;991.9907000000005;991.9907000000005;981.9558999999988;991.9907000000005;985.476699999999;994.3616000000038;
1902.9999999999966;995.5824000000246;994.3616000000038;985.476699999999;985.476699999999;997.4304000000143;994.3616000000038;996.5064000000194;994.3616000000038;991.9907000000005;991.9907000000005;991.9907000000005;991.9907000000005;981.9558999999988;991.9907000000005;985.476699999999;994.3616000000038;
1903.9999999999966;995.5824000000246;994.3616000000038;985.476699999999;985.476699999999;997.4304000000143;994.3616000000038;996.5064000000194;994.3616000000038;991.9907000000005;991.9907000000005;991.9907000000005;991.9907000000005;981.9558999999988;991.9907000000005;985.476699999999;994.3616000000038;
1904.9999999999966;995.5824000000246;994.3616000000038;985.476699999999;985.476699999999;997.4304000000143;994.3616000000038;996.5064000000194;994.3616000000038;991.9907000000005;991.9907000000005;991.9907000000005;991.9907000000005;981.9558999999988;991.9907000000005;985.476699999999;994.3616000000038;
1905.9999999999966;995.5824000000246;994.3616000000038;985.476699999999;985.476699999999;997.4304000000143;994.3616000000038;996.5064000000194;994.3616000000038;991.9907000000005;991.9907000000005;991.9907000000005;991.9907000000005;981.9558999999988;991.9907000000005;985.476699999999;994.3616000000038;
1906.9999999999966;995.5824000000246;994.3616000000038;985.476699999999;985.476699999999;997.4304000000143;994.3616000000038;996.5064000000194;994.3616000000038;991.9907000000005;991.9907000000005;991.9907000000005;991.9907000000005;981.9558999999988;991.9907000000005;985.476699999999;994.3616000000038;
1907.9999999999966;995.5824000000246;994.3616000000038;985.476699999999;985.476699999999;997.4304000000143;994.3616000000038;996.5064000000194;994.3616000000038;991.9907000000005;991.9907000000005;991.9907000000005;991.9907000000005;981.9558999999988;991.9907000000005;985.476699999999;994.3616000000038;
1908.9999999999966;995.5824000000246;994.3616000000038;985.476699999999;985.476699999999;997.4304000000143;994.3616000000038;996.5064000000194;994.3616000000038;991.9907000000005;991.9907000000005;991.9907000000005;991.9907000000005;981.9558999999988;991.9907000000005;985.476699999999;994.3616000000038;
1909.9999999999966;995.5824000000246;994.3616000000038;985.476699999999;985.476699999999;997.4304000000143;994.3616000000038;996.5064000000194;994.3616000000038;991.9907000000005;991.9907000000005;991.9907000000005;991.9907000000005;981.9558999999988;991.9907000000005;985.476699999999;994.3616000000038;
1910.9999999999966;995.5824000000246;994.3616000000038;985.476699999999;985.476699999999;997.4304000000143;994.3616000000038;996.5064000000194;994.3616000000038;991.9907000000005;991.9907000000005;991.9907000000005;991.9907000000005;981.9558999999988;991.9907000000005;985.476699999999;994.3616000000038;
1911.9999999999966;995.5824000000246;994.3616000000038;985.476699999999;985.476699999999;997.4304000000143;994.3616000000038;996.5064000000194;994.3616000000038;991.9907000000005;991.9907000000005;991.9907000000005;991.9907000000005;981.9558999999988;991.9907000000005;985.476699999999;994.3616000000038;
1912.9999999999966;995.5824000000246;994.3616000000038;985.476699999999;985.476699999999;997.4304000000143;994.3616000000038;996.5064000000194;994.3616000000038;991.9907000000005;991.9907000000005;991.9907000000005;991.9907000000005;981.9558999999988;991.9907000000005;985.476699999999;994.3616000000038;
1913.9999999999966;995.5824000000246;994.3616000000038;985.476699999999;985.476699999999;997.4304000000143;994.3616000000038;996.5064000000194;994.3616000000038;991.9907000000005;991.9907000000005;991.9907000000005;991.9907000000005;981.9558999999988;991.9907000000005;985.476699999999;994.3616000000038;
1914.9999999999966;995.5824000000246;994.3616000000038;985.476699999999;985.476699999999;997.4304000000143;994.3616000000038;996.5064000000194;994.3616000000038;991.9907000000005;991.9907000000005;991.9907000000005;991.9907000000005;981.9558999999988;991.9907000000005;985.476699999999;994.3616000000038;
1915.9999999999966;995.5824000000246;994.3616000000038;985.476699999999;985.476699999999;997.4304000000143;994.3616000000038;996.5064000000194;994.3616000000038;991.9907000000005;991.9907000000005;991.9907000000005;991.9907000000005;981.9558999999988;991.9907000000005;985.476699999999;994.3616000000038;
1916.9999999999966;995.5824000000246;994.3616000000038;985.476699999999;985.476699999999;997.4304000000143;994.3616000000038;996.5064000000194;994.3616000000038;991.9907000000005;991.9907000000005;991.9907000000005;991.9907000000005;981.9558999999988;991.9907000000005;985.476699999999;994.3616000000038;
1917.9999999999966;995.5824000000246;994.3616000000038;985.476699999999;985.476699999999;997.4304000000143;994.3616000000038;996.5064000000194;994.3616000000038;991.9907000000005;991.9907000000005;991.9907000000005;991.9907000000005;981.9558999999988;991.9907000000005;985.476699999999;994.3616000000038;
1918.9999999999966;995.5824000000246;994.3616000000038;985.476699999999;985.476699999999;997.4304000000143;994.3616000000038;996.5064000000194;994.3616000000038;991.9907000000005;991.9907000000005;991.9907000000005;991.9907000000005;981.9558999999988;991.9907000000005;985.476699999999;994.3616000000038;
1919.8799372996261;995.5824000000246;994.3616000000038;985.476699999999;985.476699999999;997.4304000000143;994.3615000000038;996.5064000000194;994.3616000000038;991.9907000000005;991.9907000000005;991.9907000000005;991.9907000000005;981.9558999999988;991.9907000000005;985.476699999999;994.3616000000038;
1919.8799372996261;995.5824000000246;994.3616000000038;985.476699999999;985.476699999999;997.4304000000143;994.2735000000039;996.5064000000194;994.3616000000038;991.9907000000005;991.9907000000005;991.9907000000005;991.9907000000005;981.9558999999988;991.9907000000005;985.476699999999;994.3616000000038;
1919.8852532996261;995.5736000000246;994.3616000000038;985.476699999999;985.476699999999;997.4304000000143;994.2735000000039;996.5064000000194;994.3616000000038;991.9907000000005;991.9907000000005;991.9907000000005;991.9907000000005;981.9558999999988;991.9907000000005;985.476699999999;994.3616000000038;
1919.8852532996261;995.5648000000247;994.3616000000038;985.476699999999;985.476699999999;997.4304000000143;994.2735000000039;996.5064000000194;994.3616000000038;991.9907000000005;991.9907000000005;991.9907000000005;991.9907000000005;981.9558999999988;991.9907000000005;985.476699999999;994.3616000000038;
1919.8905692996261;995.5648000000247;994.3616000000038;985.476699999999;985.476699999999;997.4304000000143;994.2735000000039;996.4976000000195;994.3616000000038;991.9907000000005;991.9907000000005;991.9907000000005;991.9907000000005;981.9558999999988;991.9907000000005;985.476699999999;994.3616000000038;
1919.9606654513643;995.5648000000247;994.3616000000038;985.476699999999;985.476599999999;997.4304000000143;994.2735000000039;996.4976000000195;994.3616000000038;991.9907000000005;991.9907000000005;991.9907000000005;991.9907000000005;981.9558999999988;991.9907000000005;985.476699999999;994.3616000000038;
1919.9606654513643;995.5648000000247;994.3616000000038;985.476699999999;985.036599999999;997.4304000000143;994.2735000000039;996.4976000000195;994.3616000000038;991.9907000000005;991.9907000000005;991.9907000000005;991.9907000000005;981.9558999999988;991.9907000000005;985.476699999999;994.3616000000038;
1919.9659814513643;995.5648000000247;994.3616000000038;985.476699999999;985.036599999999;997.4216000000143;994.2735000000039;996.4976000000195;994.3616000000038;991.9907000000005;991.9907000000005;991.9907000000005;991.9907000000005;981.9558999999988;991.9907000000005;985.476699999999;994.3616000000038;
1919.9659814513643;995.5648000000247;994.3616000000038;985.476699999999;985.036599999999;997.4128000000144;994.2735000000039;996.4976000000195;994.3616000000038;991.9907000000005;991.9907000000005;991.9907000000005;991.9907000000005;981.9558999999988;991.9907000000005;985.476699999999;994.3616000000038;
1919.9677280088883;995.5648000000247;994.3616000000038;985.476699999999;985.036599999999;997.4128000000144;994.2735000000039;996.4976000000195;994.3615000000038;991.9907000000005;991.9907000000005;991.9907000000005;991.9907000000005;981.9558999999988;991.9907000000005;985.476699999999;994.3616000000038;
1919.9677280088883;995.5648000000247;994.3616000000038;985.476699999999;985.036599999999;997.4128000000144;994.2735000000039;996.4976000000195;994.2735000000039;991.9907000000005;991.9907000000005;991.9907000000005;991.9907000000005;981.9558999999988;991.9907000000005;985.476699999999;994.3616000000038;
1919.9710293965554;995.5648000000247;994.3616000000038;985.476699999999;985.036599999999;997.4128000000144;994.2735000000039;996.4976000000195;994.2735000000039;991.9907000000005;991.9907000000005;991.9907000000005;991.9907000000005;981.9557999999988;991.9907000000005;985.476699999999;994.3616000000038;
1920.1077823388648;995.5472000000248;994.2735000000039;985.476699999999;985.036599999999;997.4040000000144;994.2735000000039;996.4888000000195;994.2735000000039;991.9907000000005;991.9907000000005;991.9907000000005;991.9907000000005;981.5157999999988;991.9907000000005;985.476599999999;994.2735000000039;
1920.8852766394791;995.5472000000248;994.2735000000039;985.476699999999;985.036599999999;997.3952000000145;994.2735000000039;996.4888000000195;994.2735000000039;991.9907000000005;991.9907000000005;991.9907000000005;991.9907000000005;981.5157999999988;991.9907000000005;985.036599999999;994.2735000000039;
1921.885299979332;995.5384000000248;994.2735000000039;985.476699999999;985.036599999999;997.3864000000145;994.2735000000039;996.4712000000196;994.2735000000039;991.9907000000005;991.9907000000005;991.9907000000005;991.9907000000005;981.5157999999988;991.9907000000005;985.036599999999;994.2735000000039;
1922.8853233191853;995.5296000000249;994.2735000000039;985.476699999999;985.036599999999;997.3776000000146;994.2735000000039;996.4536000000197;994.2735000000039;991.9907000000005;991.9907000000005;991.9907000000005;991.9907000000005;981.5157999999988;991.9907000000005;985.036599999999;994.2735000000039;
1922.966035554891;995.5296000000249;994.2735000000039;985.476699999999;985.036599999999;997.3776000000146;994.2735000000039;996.4536000000197;994.2735000000039;991.9907000000005;991.9907000000005;991.9907000000005;991.9907000000005;981.5157999999988;991.9907000000005;985.036599999999;994.2735000000039;
1923.9999999999964;995.5296000000249;994.2735000000039;985.476699999999;985.036599999999;997.3776000000146;994.2735000000039;996.4536000000197;994.2735000000039;991.9907000000005;991.9907000000005;991.9907000000005;991.9907000000005;981.5157999999988;991.9907000000005;985.036599999999;994.2735000000039;
1924.9999999999964;995.5296000000249;994.2735000000039;985.476699999999;985.036599999999;997.3776000000146;994.2735000000039;996.4536000000197;994.2735000000039;991.9907000000005;991.9907000000005;991.9907000000005;991.9907000000005;981.5157999999988;991.9907000000005;985.036599999999;994.2735000000039;
1925.9999999999964;995.5296000000249;994.2735000000039;985.476699999999;985.036599999999;997.3776000000146;994.2735000000039;996.4536000000197;994.2735000000039;991.9907000000005;991.9907000000005;991.9907000000005;991.9907000000005;981.5157999999988;991.9907000000005;985.036599999999;994.2735000000039;
1926.9999999999964;995.5296000000249;994.2735000000039;985.476699999999;985.036599999999;997.3776000000146;994.2735000000039;996.4536000000197;994.2735000000039;991.9907000000005;991.9907000000005;991.9907000000005;991.9907000000005;981.5157999999988;991.9907000000005;985.036599999999;994.2735000000039;
1927.9999999999964;995.5296000000249;994.2735000000039;985.476699999999;985.036599999999;997.3776000000146;994.2735000000039;996.4536000000197;994.2735000000039;991.9907000000005;991.9907000000005;991.9907000000005;991.9907000000005;981.5157999999988;991.9907000000005;985.036599999999;994.2735000000039;
1928.9999999999964;995.5296000000249;994.2735000000039;985.476699999999;985.036599999999;997.3776000000146;994.2735000000039;996.4536000000197;994.2735000000039;991.9907000000005;991.9907000000005;991.9907000000005;991.9907000000005;981.5157999999988;991.9907000000005;985.036599999999;994.2735000000039;
1929.9999999999964;995.5296000000249;994.2735000000039;985.476699999999;985.036599999999;997.3776000000146;994.2735000000039;996.4536000000197;994.2735000000039;991.9907000000005;991.9907000000005;991.9907000000005;991.9907000000005;981.5157999999988;991.9907000000005;985.036599999999;994.2735000000039;
1930.9999999999964;995.5296000000249;994.2735000000039;985.476699999999;985.036599999999;997.3776000000146;994.2735000000039;996.4536000000197;994.2735000000039;991.9907000000005;991.9907000000005;991.9907000000005;991.9907000000005;981.5157999999988;991.9907000000005;985.036599999999;994.2735000000039;
1931.9999999999964;995.5296000000249;994.2735000000039;985.476699999999;985.036599999999;997.3776000000146;994.2735000000039;996.4536000000197;994.2735000000039;991.9907000000005;991.9907000000005;991.9907000000005;991.9907000000005;981.5157999999988;991.9907000000005;985.036599999999;994.2735000000039;
1932.9999999999964;995.5296000000249;994.2735000000039;985.476699999999;985.036599999999;997.3776000000146;994.2735000000039;996.4536000000197;994.2735000000039;991.9907000000005;991.9907000000005;991.9907000000005;991.9907000000005;981.5157999999988;991.9907000000005;985.036599999999;994.2735000000039;
1933.9999999999964;995.5296000000249;994.2735000000039;985.476699999999;985.036599999999;997.3776000000146;994.2735000000039;996.4536000000197;994.2735000000039;991.9907000000005;991.9907000000005;991.9907000000005;991.9907000000005;981.5157999999988;991.9907000000005;985.036599999999;994.2735000000039;
1934.9999999999964;995.5296000000249;994.2735000000039;985.476699999999;985.036599999999;997.3776000000146;994.2735000000039;996.4536000000197;994.2735000000039;991.9907000000005;991.9907000000005;991.9907000000005;991.9907000000005;981.5157999999988;991.9907000000005;985.036599999999;994.2735000000039;
1935.9999999999964;995.5296000000249;994.2735000000039;985.476699999999;985.036599999999;997.3776000000146;994.2735000000039;996.4536000000197;994.2735000000039;991.9907000000005;991.9907000000005;991.9907000000005;991.9907000000005;981.5157999999988;991.9907000000005;985.036599999999;994.2735000000039;
1936.9999999999964;995.5296000000249;994.2735000000039;985.476699999999;985.036599999999;997.3776000000146;994.2735000000039;996.4536000000197;994.2735000000039;991.9907000000005;991.9907000000005;991.9907000000005;991.9907000000005;981.5157999999988;991.9907000000005;985.036599999999;994.2735000000039;
1937.9999999999964;995.5296000000249;994.2735000000039;985.476699999999;985.036599999999;997.3776000000146;994.2735000000039;996.4536000000197;994.2735000000039;991.9907000000005;991.9907000000005;991.9907000000005;991.9907000000005;981.5157999999988;991.9907000000005;985.036599999999;994.2735000000039;
1938.9999999999964;995.5296000000249;994.2735000000039;985.476699999999;985.036599999999;997.3776000000146;994.2735000000039;996.4536000000197;994.2735000000039;991.9907000000005;991.9907000000005;991.9907000000005;991.9907000000005;981.5157999999988;991.9907000000005;985.036599999999;994.2735000000039;
1939.9999999999964;995.5296000000249;994.2735000000039;985.476699999999;985.036599999999;997.3776000000146;994.2735000000039;996.4536000000197;994.2735000000039;991.9907000000005;991.9907000000005;991.9907000000005;991.9907000000005;981.5157999999988;991.9907000000005;985.036599999999;994.2735000000039;
1940.9999999999964;995.5296000000249;994.2735000000039;985.476699999999;985.036599999999;997.3776000000146;994.2735000000039;996.4536000000197;994.2735000000039;991.9907000000005;991.9907000000005;991.9907000000005;991.9907000000005;981.5157999999988;991.9907000000005;985.036599999999;994.2735000000039;
1941.9999999999964;995.5296000000249;994.2735000000039;985.476699999999;985.036599999999;997.3776000000146;994.2735000000039;996.4536000000197;994.2735000000039;991.9907000000005;991.9907000000005;991.9907000000005;991.9907000000005;981.5157999999988;991.9907000000005;985.036599999999;994.2735000000039;
1942.9999999999964;995.5296000000249;994.2735000000039;985.476699999999;985.036599999999;997.3776000000146;994.2735000000039;996.4536000000197;994.2735000000039;991.9907000000005;991.9907000000005;991.9907000000005;991.9907000000005;981.5157999999988;991.9907000000005;985.036599999999;994.2735000000039;
1943.9999999999964;995.5296000000249;994.2735000000039;985.476699999999;985.036599999999;997.3776000000146;994.2735000000039;996.4536000000197;994.2735000000039;991.9907000000005;991.9907000000005;991.9907000000005;991.9907000000005;981.5157999999988;991.9907000000005;985.036599999999;994.2735000000039;
1944.9999999999964;995.5296000000249;994.2735000000039;985.476699999999;985.036599999999;997.3776000000146;994.2735000000039;996.4536000000197;994.2735000000039;991.9907000000005;991.9907000000005;991.9907000000005;991.9907000000005;981.5157999999988;991.9907000000005;985.036599999999;994.2735000000039;
1945.9999999999964;995.5296000000249;994.2735000000039;985.476699999999;985.036599999999;997.3776000000146;994.2735000000039;996.4536000000197;994.2735000000039;991.9907000000005;991.9907000000005;991.9907000000005;991.9907000000005;981.5157999999988;991.9907000000005;985.036599999999;994.2735000000039;
1946.9999999999964;995.5296000000249;994.2735000000039;985.476699999999;985.036599999999;997.3776000000146;994.2735000000039;996.4536000000197;994.2735000000039;991.9907000000005;991.9907000000005;991.9907000000005;991.9907000000005;981.5157999999988;991.9907000000005;985.036599999999;994.2735000000039;
1947.9999999999964;995.5296000000249;994.2735000000039;985.476699999999;985.036599999999;997.3776000000146;994.2735000000039;996.4536000000197;994.2735000000039;991.9907000000005;991.9907000000005;991.9907000000005;991.9907000000005;981.5157999999988;991.9907000000005;985.036599999999;994.2735000000039;
1948.9999999999964;995.5296000000249;994.2735000000039;985.476699999999;985.036599999999;997.3776000000146;994.2735000000039;996.4536000000197;994.2735000000039;991.9907000000005;991.9907000000005;991.9907000000005;991.9907000000005;981.5157999999988;991.9907000000005;985.036599999999;994.2735000000039;
1949.878042989482;995.5296000000249;994.2735000000039;985.476699999999;985.036599999999;997.3776000000146;994.2734000000039;996.4536000000197;994.2735000000039;991.9907000000005;991.9907000000005;991.9907000000005;991.9907000000005;981.5157999999988;991.9907000000005;985.036599999999;994.2735000000039;
1949.878042989482;995.5296000000249;994.2735000000039;985.476699999999;985.036599999999;997.3776000000146;994.1854000000039;996.4536000000197;994.2735000000039;991.9907000000005;991.9907000000005;991.9907000000005;991.9907000000005;981.5157999999988;991.9907000000005;985.036599999999;994.2735000000039;
1949.883358989482;995.5208000000249;994.2735000000039;985.476699999999;985.036599999999;997.3776000000146;994.1854000000039;996.4536000000197;994.2735000000039;991.9907000000005;991.9907000000005;991.9907000000005;991.9907000000005;981.5157999999988;991.9907000000005;985.036599999999;994.2735000000039;
1949.883358989482;995.512000000025;994.2735000000039;985.476699999999;985.036599999999;997.3776000000146;994.1854000000039;996.4536000000197;994.2735000000039;991.9907000000005;991.9907000000005;991.9907000000005;991.9907000000005;981.5157999999988;991.9907000000005;985.036599999999;994.2735000000039;
1949.888674989482;995.512000000025;994.2735000000039;985.476699999999;985.036599999999;997.3776000000146;994.1854000000039;996.4448000000198;994.2735000000039;991.9907000000005;991.9907000000005;991.9907000000005;991.9907000000005;981.5157999999988;991.9907000000005;985.036599999999;994.2735000000039;
1949.897553964149;995.512000000025;994.2735000000039;985.476599999999;985.036599999999;997.3776000000146;994.1854000000039;996.4448000000198;994.2735000000039;991.9907000000005;991.9907000000005;991.9907000000005;991.9907000000005;981.5157999999988;991.9907000000005;985.036599999999;994.2735000000039;
1949.897553964149;995.512000000025;994.2735000000039;985.036599999999;985.036599999999;997.3776000000146;994.1854000000039;996.4448000000198;994.2735000000039;991.9907000000005;991.9907000000005;991.9907000000005;991.9907000000005;981.5157999999988;991.9907000000005;985.036599999999;994.2735000000039;
1949.902869964149;995.503200000025;994.2735000000039;985.036599999999;985.036599999999;997.3776000000146;994.1854000000039;996.4448000000198;994.2735000000039;991.9907000000005;991.9907000000005;991.9907000000005;991.9907000000005;981.5157999999988;991.9907000000005;985.036599999999;994.2735000000039;
1949.9604620716361;995.503200000025;994.2735000000039;985.036599999999;985.036599999999;997.3776000000146;994.1854000000039;996.4448000000198;994.2735000000039;991.9906000000005;991.9907000000005;991.9907000000005;991.9907000000005;981.5157999999988;991.9907000000005;985.036599999999;994.2735000000039;
1949.9604620716361;995.503200000025;994.2735000000039;985.036599999999;985.036599999999;997.3776000000146;994.1854000000039;996.4448000000198;994.2735000000039;991.3746000000006;991.9907000000005;991.9907000000005;991.9907000000005;981.5157999999988;991.9907000000005;985.036599999999;994.2735000000039;
1949.9657780716361;995.494400000025;994.2735000000039;985.036599999999;985.036599999999;997.3776000000146;994.1854000000039;996.4448000000198;994.2735000000039;991.3746000000006;991.9907000000005;991.9907000000005;991.9907000000005;981.5157999999988;991.9907000000005;985.036599999999;994.2735000000039;
1949.9672119305483;995.494400000025;994.2735000000039;985.036599999999;985.036599999999;997.3776000000146;994.1854000000039;996.4448000000198;994.2734000000039;991.3746000000006;991.9907000000005;991.9907000000005;991.9907000000005;981.5157999999988;991.9907000000005;985.036599999999;994.2735000000039;
1950.8833823293348;995.4680000000252;994.1854000000039;985.036599999999;985.036599999999;997.3248000000149;994.1854000000039;996.4360000000198;994.1854000000039;991.3746000000006;991.3746000000006;991.3746000000006;991.3746000000006;981.0756999999987;991.3746000000006;984.596499999999;994.1854000000039;
1950.9758870554754;995.4592000000252;994.1854000000039;985.036599999999;985.036599999999;997.3248000000149;994.1854000000039;996.4272000000199;994.1854000000039;991.3746000000006;991.3746000000006;991.3746000000006;991.3746000000006;981.0756999999987;991.3746000000006;984.596499999999;994.1854000000039;
1951.883405669188;995.4592000000252;994.1854000000039;985.036599999999;985.036599999999;997.3160000000149;994.1854000000039;996.4184000000199;994.1854000000039;991.3746000000006;991.3746000000006;991.3746000000006;991.3746000000006;981.0756999999987;991.3746000000006;984.596499999999;994.1854000000039;
1952.8834290090413;995.4504000000253;994.1854000000039;985.036599999999;985.036599999999;997.307200000015;994.1854000000039;996.40080000002;994.1854000000039;991.3746000000006;991.3746000000006;991.3746000000006;991.3746000000006;981.0756999999987;991.3746000000006;984.596499999999;994.1854000000039;
1953.8834523488943;995.4416000000253;994.1854000000039;985.036599999999;985.036599999999;997.298400000015;994.1854000000039;996.3832000000201;994.1854000000039;991.3746000000006;991.3746000000006;991.3746000000006;991.3746000000006;981.0756999999987;991.3746000000006;984.596499999999;994.1854000000039;
1953.8834523488943;995.4328000000254;994.1854000000039;985.036599999999;985.036599999999;997.298400000015;994.1854000000039;996.3832000000201;994.1854000000039;991.3746000000006;991.3746000000006;991.3746000000006;991.3746000000006;981.0756999999987;991.3746000000006;984.596499999999;994.1854000000039;
1954.8834756887475;995.4328000000254;994.1854000000039;985.036599999999;985.036599999999;997.2896000000151;994.1854000000039;996.3656000000202;994.1854000000039;991.3746000000006;991.3746000000006;991.3746000000006;991.3746000000006;981.0756999999987;991.3746000000006;984.596499999999;994.1854000000039;
1955.8834990286005;995.4240000000254;994.1854000000039;985.036599999999;985.036599999999;997.2896000000151;994.1854000000039;996.3568000000203;994.1854000000039;991.3746000000006;991.3746000000006;991.3746000000006;991.3746000000006;981.0756999999987;991.3746000000006;984.596499999999;994.1854000000039;
1955.999999999996;995.4240000000254;994.1854000000039;985.036599999999;985.036599999999;997.2896000000151;994.1854000000039;996.3568000000203;994.1854000000039;991.3746000000006;991.3746000000006;991.3746000000006;991.3746000000006;981.0756999999987;991.3746000000006;984.596499999999;994.1854000000039;
1956.999999999996;995.4240000000254;994.1854000000039;985.036599999999;985.036599999999;997.2896000000151;994.1854000000039;996.3568000000203;994.1854000000039;991.3746000000006;991.3746000000006;991.3746000000006;991.3746000000006;981.0756999999987;991.3746000000006;984.596499999999;994.1854000000039;
1957.999999999996;995.4240000000254;994.1854000000039;985.036599999999;985.036599999999;997.2896000000151;994.1854000000039;996.3568000000203;994.1854000000039;991.3746000000006;991.3746000000006;991.3746000000006;991.3746000000006;981.0756999999987;991.3746000000006;984.596499999999;994.1854000000039;
1958.999999999996;995.4240000000254;994.1854000000039;985.036599999999;985.036599999999;997.2896000000151;994.1854000000039;996.3568000000203;994.1854000000039;991.3746000000006;991.3746000000006;991.3746000000006;991.3746000000006;981.0756999999987;991.3746000000006;984.596499999999;994.1854000000039;
1959.999999999996;995.4240000000254;994.1854000000039;985.036599999999;985.036599999999;997.2896000000151;994.1854000000039;996.3568000000203;994.1854000000039;991.3746000000006;991.3746000000006;991.3746000000006;991.3746000000006;981.0756999999987;991.3746000000006;984.596499999999;994.1854000000039;
1960.999999999996;995.4240000000254;994.1854000000039;985.036599999999;985.036599999999;997.2896000000151;994.1854000000039;996.3568000000203;994.1854000000039;991.3746000000006;991.3746000000006;991.3746000000006;991.3746000000006;981.0756999999987;991.3746000000006;984.596499999999;994.1854000000039;
1961.999999999996;995.4240000000254;994.1854000000039;985.036599999999;985.036599999999;997.2896000000151;994.1854000000039;996.3568000000203;994.1854000000039;991.3746000000006;991.3746000000006;991.3746000000006;991.3746000000006;981.0756999999987;991.3746000000006;984.596499999999;994.1854000000039;
1962.999999999996;995.4240000000254;994.1854000000039;985.036599999999;985.036599999999;997.2896000000151;994.1854000000039;996.3568000000203;994.1854000000039;991.3746000000006;991.3746000000006;991.3746000000006;991.3746000000006;981.0756999999987;991.3746000000006;984.596499999999;994.1854000000039;
1963.999999999996;995.4240000000254;994.1854000000039;985.036599999999;985.036599999999;997.2896000000151;994.1854000000039;996.3568000000203;994.1854000000039;991.3746000000006;991.3746000000006;991.3746000000006;991.3746000000006;981.0756999999987;991.3746000000006;984.596499999999;994.1854000000039;
1964.999999999996;995.4240000000254;994.1854000000039;985.036599999999;985.036599999999;997.2896000000151;994.1854000000039;996.3568000000203;994.1854000000039;991.3746000000006;991.3746000000006;991.3746000000006;991.3746000000006;981.0756999999987;991.3746000000006;984.596499999999;994.1854000000039;
1965.999999999996;995.4240000000254;994.1854000000039;985.036599999999;985.036599999999;997.2896000000151;994.1854000000039;996.3568000000203;994.1854000000039;991.3746000000006;991.3746000000006;991.3746000000006;991.3746000000006;981.0756999999987;991.3746000000006;984.596499999999;994.1854000000039;
1966.999999999996;995.4240000000254;994.1854000000039;985.036599999999;985.036599999999;997.2896000000151;994.1854000000039;996.3568000000203;994.1854000000039;991.3746000000006;991.3746000000006;991.3746000000006;991.3746000000006;981.0756999999987;991.3746000000006;984.596499999999;994.1854000000039;
1967.999999999996;995.4240000000254;994.1854000000039;985.036599999999;985.036599999999;997.2896000000151;994.1854000000039;996.3568000000203;994.1854000000039;991.3746000000006;991.3746000000006;991.3746000000006;991.3746000000006;981.0756999999987;991.3746000000006;984.596499999999;994.1854000000039;
1968.999999999996;995.4240000000254;994.1854000000039;985.036599999999;985.036599999999;997.2896000000151;994.1854000000039;996.3568000000203;994.1854000000039;991.3746000000006;991.3746000000006;991.3746000000006;991.3746000000006;981.0756999999987;991.3746000000006;984.596499999999;994.1854000000039;
1969.999999999996;995.4240000000254;994.1854000000039;985.036599999999;985.036599999999;997.2896000000151;994.1854000000039;996.3568000000203;994.1854000000039;991.3746000000006;991.3746000000006;991.3746000000006;991.3746000000006;981.0756999999987;991.3746000000006;984.596499999999;994.1854000000039;
1970.999999999996;995.4240000000254;994.1854000000039;985.036599999999;985.036599999999;997.2896000000151;994.1854000000039;996.3568000000203;994.1854000000039;991.3746000000006;991.3746000000006;991.3746000000006;991.3746000000006;981.0756999999987;991.3746000000006;984.596499999999;994.1854000000039;
1971.999999999996;995.4240000000254;994.1854000000039;985.036599999999;985.036599999999;997.2896000000151;994.1854000000039;996.3568000000203;994.1854000000039;991.3746000000006;991.3746000000006;991.3746000000006;991.3746000000006;981.0756999999987;991.3746000000006;984.596499999999;994.1854000000039;
1972.999999999996;995.4240000000254;994.1854000000039;985.036599999999;985.036599999999;997.2896000000151;994.1854000000039;996.3568000000203;994.1854000000039;991.3746000000006;991.3746000000006;991.3746000000006;991.3746000000006;981.0756999999987;991.3746000000006;984.596499999999;994.1854000000039;
1973.999999999996;995.4240000000254;994.1854000000039;985.036599999999;985.036599999999;997.2896000000151;994.1854000000039;996.3568000000203;994.1854000000039;991.3746000000006;991.3746000000006;991.3746000000006;991.3746000000006;981.0756999999987;991.3746000000006;984.596499999999;994.1854000000039;
1974.999999999996;995.4240000000254;994.1854000000039;985.036599999999;985.036599999999;997.2896000000151;994.1854000000039;996.3568000000203;994.1854000000039;991.3746000000006;991.3746000000006;991.3746000000006;991.3746000000006;981.0756999999987;991.3746000000006;984.596499999999;994.1854000000039;
1975.999999999996;995.4240000000254;994.1854000000039;985.036599999999;985.036599999999;997.2896000000151;994.1854000000039;996.3568000000203;994.1854000000039;991.3746000000006;991.3746000000006;991.3746000000006;991.3746000000006;981.0756999999987;991.3746000000006;984.596499999999;994.1854000000039;
1976.999999999996;995.4240000000254;994.1854000000039;985.036599999999;985.036599999999;997.2896000000151;994.1854000000039;996.3568000000203;994.1854000000039;991.3746000000006;991.3746000000006;991.3746000000006;991.3746000000006;981.0756999999987;991.3746000000006;984.596499999999;994.1854000000039;
1977.999999999996;995.4240000000254;994.1854000000039;985.036599999999;985.036599999999;997.2896000000151;994.1854000000039;996.3568000000203;994.1854000000039;991.3746000000006;991.3746000000006;991.3746000000006;991.3746000000006;981.0756999999987;991.3746000000006;984.596499999999;994.1854000000039;
1978.999999999996;995.4240000000254;994.1854000000039;985.036599999999;985.036599999999;997.2896000000151;994.1854000000039;996.3568000000203;994.1854000000039;991.3746000000006;991.3746000000006;991.3746000000006;991.3746000000006;981.0756999999987;991.3746000000006;984.596499999999;994.1854000000039;
1979.876148679338;995.4240000000254;994.1854000000039;985.036599999999;985.036599999999;997.2896000000151;994.185300000004;996.3568000000203;994.1854000000039;991.3746000000006;991.3746000000006;991.3746000000006;991.3746000000006;981.0756999999987;991.3746000000006;984.596499999999;994.1854000000039;
1979.876148679338;995.4240000000254;994.1854000000039;985.036599999999;985.036599999999;997.2896000000151;994.097300000004;996.3568000000203;994.1854000000039;991.3746000000006;991.3746000000006;991.3746000000006;991.3746000000006;981.0756999999987;991.3746000000006;984.596499999999;994.1854000000039;
1979.881464679338;995.4152000000255;994.1854000000039;985.036599999999;985.036599999999;997.2896000000151;994.097300000004;996.3568000000203;994.1854000000039;991.3746000000006;991.3746000000006;991.3746000000006;991.3746000000006;981.0756999999987;991.3746000000006;984.596499999999;994.1854000000039;
1979.881464679338;995.4064000000255;994.1854000000039;985.036599999999;985.036599999999;997.2896000000151;994.097300000004;996.3568000000203;994.1854000000039;991.3746000000006;991.3746000000006;991.3746000000006;991.3746000000006;981.0756999999987;991.3746000000006;984.596499999999;994.1854000000039;
1979.886780679338;995.4064000000255;994.1854000000039;985.036599999999;985.036599999999;997.2896000000151;994.097300000004;996.3480000000203;994.1854000000039;991.3746000000006;991.3746000000006;991.3746000000006;991.3746000000006;981.0756999999987;991.3746000000006;984.596499999999;994.1854000000039;
1979.9594283536646;995.4064000000255;994.1854000000039;985.036599999999;985.036499999999;997.2896000000151;994.097300000004;996.3480000000203;994.1854000000039;991.3746000000006;991.3746000000006;991.3746000000006;991.3746000000006;981.0756999999987;991.3746000000006;984.596499999999;994.1854000000039;
1979.9594283536646;995.4064000000255;994.1854000000039;985.036599999999;984.596499999999;997.2896000000151;994.097300000004;996.3480000000203;994.1854000000039;991.3746000000006;991.3746000000006;991.3746000000006;991.3746000000006;981.0756999999987;991.3746000000006;984.596499999999;994.1854000000039;
1979.9647443536646;995.4064000000255;994.1854000000039;985.036599999999;984.596499999999;997.2808000000151;994.097300000004;996.3480000000203;994.1854000000039;991.3746000000006;991.3746000000006;991.3746000000006;991.3746000000006;981.0756999999987;991.3746000000006;984.596499999999;994.1854000000039;
1979.9647443536646;995.4064000000255;994.1854000000039;985.036599999999;984.596499999999;997.2720000000152;994.097300000004;996.3480000000203;994.1854000000039;991.3746000000006;991.3746000000006;991.3746000000006;991.3746000000006;981.0756999999987;991.3746000000006;984.596499999999;994.1854000000039;
1979.9666958522084;995.4064000000255;994.1854000000039;985.036599999999;984.596499999999;997.2720000000152;994.097300000004;996.3480000000203;994.185300000004;991.3746000000006;991.3746000000006;991.3746000000006;991.3746000000006;981.0756999999987;991.3746000000006;984.596499999999;994.1854000000039;
1979.9666958522084;995.4064000000255;994.1854000000039;985.036599999999;984.596499999999;997.2720000000152;994.097300000004;996.3480000000203;994.097300000004;991.3746000000006;991.3746000000006;991.3746000000006;991.3746000000006;981.0756999999987;991.3746000000006;984.596499999999;994.1854000000039;
1980.881488019191;995.3888000000256;994.097300000004;985.036599999999;984.596499999999;997.2720000000152;994.097300000004;996.3392000000204;994.097300000004;991.3746000000006;991.3746000000006;991.3746000000006;991.3746000000006;981.0756999999987;991.3746000000006;984.596499999999;994.097300000004;
1981.8815113590442;995.3800000000257;994.097300000004;985.036599999999;984.596499999999;997.2720000000152;994.097300000004;996.3304000000204;994.097300000004;991.3746000000006;991.3746000000006;991.3746000000006;991.3746000000006;981.0756999999987;991.3746000000006;984.596499999999;994.097300000004;
1981.8815113590442;995.3712000000257;994.097300000004;985.036599999999;984.596499999999;997.2720000000152;994.097300000004;996.3304000000204;994.097300000004;991.3746000000006;991.3746000000006;991.3746000000006;991.3746000000006;981.0756999999987;991.3746000000006;984.596499999999;994.097300000004;
1982.8815346988972;995.3712000000257;994.097300000004;985.036599999999;984.596499999999;997.2720000000152;994.097300000004;996.3216000000205;994.097300000004;991.3746000000006;991.3746000000006;991.3746000000006;991.3746000000006;981.0756999999987;991.3746000000006;984.596499999999;994.097300000004;
1983.9999999999957;995.3712000000257;994.097300000004;985.036599999999;984.596499999999;997.2720000000152;994.097300000004;996.3216000000205;994.097300000004;991.3746000000006;991.3746000000006;991.3746000000006;991.3746000000006;981.0756999999987;991.3746000000006;984.596499999999;994.097300000004;
1984.9999999999957;995.3712000000257;994.097300000004;985.036599999999;984.596499999999;997.2720000000152;994.097300000004;996.3216000000205;994.097300000004;991.3746000000006;991.3746000000006;991.3746000000006;991.3746000000006;981.0756999999987;991.3746000000006;984.596499999999;994.097300000004;
1985.9999999999957;995.3712000000257;994.097300000004;985.036599999999;984.596499999999;997.2720000000152;994.097300000004;996.3216000000205;994.097300000004;991.3746000000006;991.3746000000006;991.3746000000006;991.3746000000006;981.0756999999987;991.3746000000006;984.596499999999;994.097300000004;
1986.9999999999957;995.3712000000257;994.097300000004;985.036599999999;984.596499999999;997.2720000000152;994.097300000004;996.3216000000205;994.097300000004;991.3746000000006;991.3746000000006;991.3746000000006;991.3746000000006;981.0756999999987;991.3746000000006;984.596499999999;994.097300000004;
1987.9999999999957;995.3712000000257;994.097300000004;985.036599999999;984.596499999999;997.2720000000152;994.097300000004;996.3216000000205;994.097300000004;991.3746000000006;991.3746000000006;991.3746000000006;991.3746000000006;981.0756999999987;991.3746000000006;984.596499999999;994.097300000004;
1988.9999999999957;995.3712000000257;994.097300000004;985.036599999999;984.596499999999;997.2720000000152;994.097300000004;996.3216000000205;994.097300000004;991.3746000000006;991.3746000000006;991.3746000000006;991.3746000000006;981.0756999999987;991.3746000000006;984.596499999999;994.097300000004;
1989.9999999999957;995.3712000000257;994.097300000004;985.036599999999;984.596499999999;997.2720000000152;994.097300000004;996.3216000000205;994.097300000004;991.3746000000006;991.3746000000006;991.3746000000006;991.3746000000006;981.0756999999987;991.3746000000006;984.596499999999;994.097300000004;
1990.9999999999957;995.3712000000257;994.097300000004;985.036599999999;984.596499999999;997.2720000000152;994.097300000004;996.3216000000205;994.097300000004;991.3746000000006;991.3746000000006;991.3746000000006;991.3746000000006;981.0756999999987;991.3746000000006;984.596499999999;994.097300000004;
1991.9999999999957;995.3712000000257;994.097300000004;985.036599999999;984.596499999999;997.2720000000152;994.097300000004;996.3216000000205;994.097300000004;991.3746000000006;991.3746000000006;991.3746000000006;991.3746000000006;981.0756999999987;991.3746000000006;984.596499999999;994.097300000004;
1992.9999999999957;995.3712000000257;994.097300000004;985.036599999999;984.596499999999;997.2720000000152;994.097300000004;996.3216000000205;994.097300000004;991.3746000000006;991.3746000000006;991.3746000000006;991.3746000000006;981.0756999999987;991.3746000000006;984.596499999999;994.097300000004;
1993.9999999999957;995.3712000000257;994.097300000004;985.036599999999;984.596499999999;997.2720000000152;994.097300000004;996.3216000000205;994.097300000004;991.3746000000006;991.3746000000006;991.3746000000006;991.3746000000006;981.0756999999987;991.3746000000006;984.596499999999;994.097300000004;
1994.9999999999957;995.3712000000257;994.097300000004;985.036599999999;984.596499999999;997.2720000000152;994.097300000004;996.3216000000205;994.097300000004;991.3746000000006;991.3746000000006;991.3746000000006;991.3746000000006;981.0756999999987;991.3746000000006;984.596499999999;994.097300000004;
1995.9999999999957;995.3712000000257;994.097300000004;985.036599999999;984.596499999999;997.2720000000152;994.097300000004;996.3216000000205;994.097300000004;991.3746000000006;991.3746000000006;991.3746000000006;991.3746000000006;981.0756999999987;991.3746000000006;984.596499999999;994.097300000004;
1996.9999999999957;995.3712000000257;994.097300000004;985.036599999999;984.596499999999;997.2720000000152;994.097300000004;996.3216000000205;994.097300000004;991.3746000000006;991.3746000000006;991.3746000000006;991.3746000000006;981.0756999999987;991.3746000000006;984.596499999999;994.097300000004;
1997.9999999999957;995.3712000000257;994.097300000004;985.036599999999;984.596499999999;997.2720000000152;994.097300000004;996.3216000000205;994.097300000004;991.3746000000006;991.3746000000006;991.3746000000006;991.3746000000006;981.0756999999987;991.3746000000006;984.596499999999;994.097300000004;
1998.9999999999957;995.3712000000257;994.097300000004;985.036599999999;984.596499999999;997.2720000000152;994.097300000004;996.3216000000205;994.097300000004;991.3746000000006;991.3746000000006;991.3746000000006;991.3746000000006;981.0756999999987;991.3746000000006;984.596499999999;994.097300000004;
1999.9999999999957;995.3712000000257;994.097300000004;985.036599999999;984.596499999999;997.2720000000152;994.097300000004;996.3216000000205;994.097300000004;991.3746000000006;991.3746000000006;991.3746000000006;991.3746000000006;981.0756999999987;991.3746000000006;984.596499999999;994.097300000004;
2000.9999999999957;995.3712000000257;994.097300000004;985.036599999999;984.596499999999;997.2720000000152;994.097300000004;996.3216000000205;994.097300000004;991.3746000000006;991.3746000000006;991.3746000000006;991.3746000000006;981.0756999999987;991.3746000000006;984.596499999999;994.097300000004;
2001.9999999999957;995.3712000000257;994.097300000004;985.036599999999;984.596499999999;997.2720000000152;994.097300000004;996.3216000000205;994.097300000004;991.3746000000006;991.3746000000006;991.3746000000006;991.3746000000006;981.0756999999987;991.3746000000006;984.596499999999;994.097300000004;
2002.9999999999957;995.3712000000257;994.097300000004;985.036599999999;984.596499999999;997.2720000000152;994.097300000004;996.3216000000205;994.097300000004;991.3746000000006;991.3746000000006;991.3746000000006;991.3746000000006;981.0756999999987;991.3746000000006;984.596499999999;994.097300000004;
2003.9999999999957;995.3712000000257;994.097300000004;985.036599999999;984.596499999999;997.2720000000152;994.097300000004;996.3216000000205;994.097300000004;991.3746000000006;991.3746000000006;991.3746000000006;991.3746000000006;981.0756999999987;991.3746000000006;984.596499999999;994.097300000004;
2004.9999999999957;995.3712000000257;994.097300000004;985.036599999999;984.596499999999;997.2720000000152;994.097300000004;996.3216000000205;994.097300000004;991.3746000000006;991.3746000000006;991.3746000000006;991.3746000000006;981.0756999999987;991.3746000000006;984.596499999999;994.097300000004;
2005.9999999999957;995.3712000000257;994.097300000004;985.036599999999;984.596499999999;997.2720000000152;994.097300000004;996.3216000000205;994.097300000004;991.3746000000006;991.3746000000006;991.3746000000006;991.3746000000006;981.0756999999987;991.3746000000006;984.596499999999;994.097300000004;
2006.9999999999957;995.3712000000257;994.097300000004;985.036599999999;984.596499999999;997.2720000000152;994.097300000004;996.3216000000205;994.097300000004;991.3746000000006;991.3746000000006;991.3746000000006;991.3746000000006;981.0756999999987;991.3746000000006;984.596499999999;994.097300000004;
2007.9999999999957;995.3712000000257;994.097300000004;985.036599999999;984.596499999999;997.2720000000152;994.097300000004;996.3216000000205;994.097300000004;991.3746000000006;991.3746000000006;991.3746000000006;991.3746000000006;981.0756999999987;991.3746000000006;984.596499999999;994.097300000004;
2008.9999999999957;995.3712000000257;994.097300000004;985.036599999999;984.596499999999;997.2720000000152;994.097300000004;996.3216000000205;994.097300000004;991.3746000000006;991.3746000000006;991.3746000000006;991.3746000000006;981.0756999999987;991.3746000000006;984.596499999999;994.097300000004;
2009.8742543691942;995.3712000000257;994.097300000004;985.036599999999;984.596499999999;997.2720000000152;994.097200000004;996.3216000000205;994.097300000004;991.3746000000006;991.3746000000006;991.3746000000006;991.3746000000006;981.0756999999987;991.3746000000006;984.596499999999;994.097300000004;
2009.8742543691942;995.3712000000257;994.097300000004;985.036599999999;984.596499999999;997.2720000000152;994.0092000000041;996.3216000000205;994.097300000004;991.3746000000006;991.3746000000006;991.3746000000006;991.3746000000006;981.0756999999987;991.3746000000006;984.596499999999;994.097300000004;
2009.8795703691942;995.3624000000258;994.097300000004;985.036599999999;984.596499999999;997.2720000000152;994.0092000000041;996.3216000000205;994.097300000004;991.3746000000006;991.3746000000006;991.3746000000006;991.3746000000006;981.0756999999987;991.3746000000006;984.596499999999;994.097300000004;
2009.8795703691942;995.3536000000258;994.097300000004;985.036599999999;984.596499999999;997.2720000000152;994.0092000000041;996.3216000000205;994.097300000004;991.3746000000006;991.3746000000006;991.3746000000006;991.3746000000006;981.0756999999987;991.3746000000006;984.596499999999;994.097300000004;
2009.8848863691942;995.3536000000258;994.097300000004;985.036599999999;984.596499999999;997.2720000000152;994.0092000000041;996.3128000000205;994.097300000004;991.3746000000006;991.3746000000006;991.3746000000006;991.3746000000006;981.0756999999987;991.3746000000006;984.596499999999;994.097300000004;
2009.8942092876796;995.3536000000258;994.097300000004;985.036499999999;984.596499999999;997.2720000000152;994.0092000000041;996.3128000000205;994.097300000004;991.3746000000006;991.3746000000006;991.3746000000006;991.3746000000006;981.0756999999987;991.3746000000006;984.596499999999;994.097300000004;
2009.8942092876796;995.3536000000258;994.097300000004;984.596499999999;984.596499999999;997.2720000000152;994.0092000000041;996.3128000000205;994.097300000004;991.3746000000006;991.3746000000006;991.3746000000006;991.3746000000006;981.0756999999987;991.3746000000006;984.596499999999;994.097300000004;
2009.8995252876796;995.3448000000259;994.097300000004;984.596499999999;984.596499999999;997.2720000000152;994.0092000000041;996.3128000000205;994.097300000004;991.3746000000006;991.3746000000006;991.3746000000006;991.3746000000006;981.0756999999987;991.3746000000006;984.596499999999;994.097300000004;
2009.9661797738686;995.3448000000259;994.097300000004;984.596499999999;984.596499999999;997.2720000000152;994.0092000000041;996.3128000000205;994.097200000004;991.3746000000006;991.3746000000006;991.3746000000006;991.3746000000006;981.0756999999987;991.3746000000006;984.596499999999;994.097300000004;
2009.9661797738686;995.3448000000259;994.097300000004;984.596499999999;984.596499999999;997.2720000000152;994.0092000000041;996.3128000000205;994.0092000000041;991.3746000000006;991.3746000000006;991.3746000000006;991.3746000000006;981.0756999999987;991.3746000000006;984.596499999999;994.097300000004;
2009.9696002697897;995.3448000000259;994.097300000004;984.596499999999;984.596499999999;997.2720000000152;994.0092000000041;996.3128000000205;994.0092000000041;991.3746000000006;991.3746000000006;991.3746000000006;991.3746000000006;981.0755999999988;991.3746000000006;984.596499999999;994.097300000004;
2009.9696002697897;995.3448000000259;994.097300000004;984.596499999999;984.596499999999;997.2720000000152;994.0092000000041;996.3128000000205;994.0092000000041;991.3746000000006;991.3746000000006;991.3746000000006;991.3746000000006;980.6355999999987;991.3746000000006;984.596499999999;994.097300000004;
2009.9714957738686;995.3360000000259;994.097300000004;984.596499999999;984.596499999999;997.2720000000152;994.0092000000041;996.3128000000205;994.0092000000041;991.3746000000006;991.3746000000006;991.3746000000006;991.3746000000006;980.6355999999987;991.3746000000006;984.596499999999;994.097300000004;
2010.8795937090472;995.327200000026;994.0092000000041;984.596499999999;984.596499999999;997.2456000000153;994.0092000000041;996.3040000000206;994.0092000000041;991.3746000000006;991.3746000000006;991.3746000000006;991.3746000000006;980.6355999999987;991.3746000000006;984.1563999999989;994.0092000000041;
2011.8796170489002;995.318400000026;994.0092000000041;984.596499999999;984.596499999999;997.2368000000154;994.0092000000041;996.2864000000206;994.0092000000041;991.3746000000006;991.3746000000006;991.3746000000006;991.3746000000006;980.6355999999987;991.3746000000006;984.1563999999989;994.0092000000041;
2011.8796170489002;995.3096000000261;994.0092000000041;984.596499999999;984.596499999999;997.2368000000154;994.0092000000041;996.2864000000206;994.0092000000041;991.3746000000006;991.3746000000006;991.3746000000006;991.3746000000006;980.6355999999987;991.3746000000006;984.1563999999989;994.0092000000041;
2012.8796403887534;995.3096000000261;994.0092000000041;984.596499999999;984.596499999999;997.2368000000154;994.0092000000041;996.2776000000207;994.0092000000041;991.3746000000006;991.3746000000006;991.3746000000006;991.3746000000006;980.6355999999987;991.3746000000006;984.1563999999989;994.0092000000041;
2013.8796637286066;995.3008000000261;994.0092000000041;984.596499999999;984.596499999999;997.2368000000154;994.0092000000041;996.2688000000207;994.0092000000041;991.3746000000006;991.3746000000006;991.3746000000006;991.3746000000006;980.6355999999987;991.3746000000006;984.1563999999989;994.0092000000041;
2013.9999999999955;995.3008000000261;994.0092000000041;984.596499999999;984.596499999999;997.2368000000154;994.0092000000041;996.2688000000207;994.0092000000041;991.3746000000006;991.3746000000006;991.3746000000006;991.3746000000006;980.6355999999987;991.3746000000006;984.1563999999989;994.0092000000041;
2014.9999999999955;995.3008000000261;994.0092000000041;984.596499999999;984.596499999999;997.2368000000154;994.0092000000041;996.2688000000207;994.0092000000041;991.3746000000006;991.3746000000006;991.3746000000006;991.3746000000006;980.6355999999987;991.3746000000006;984.1563999999989;994.0092000000041;
2015.9999999999955;995.3008000000261;994.0092000000041;984.596499999999;984.596499999999;997.2368000000154;994.0092000000041;996.2688000000207;994.0092000000041;991.3746000000006;991.3746000000006;991.3746000000006;991.3746000000006;980.6355999999987;991.3746000000006;984.1563999999989;994.0092000000041;
2016.9999999999955;995.3008000000261;994.0092000000041;984.596499999999;984.596499999999;997.2368000000154;994.0092000000041;996.2688000000207;994.0092000000041;991.3746000000006;991.3746000000006;991.3746000000006;991.3746000000006;980.6355999999987;991.3746000000006;984.1563999999989;994.0092000000041;
2017.9999999999955;995.3008000000261;994.0092000000041;984.596499999999;984.596499999999;997.2368000000154;994.0092000000041;996.2688000000207;994.0092000000041;991.3746000000006;991.3746000000006;991.3746000000006;991.3746000000006;980.6355999999987;991.3746000000006;984.1563999999989;994.0092000000041;
2018.9999999999955;995.3008000000261;994.0092000000041;984.596499999999;984.596499999999;997.2368000000154;994.0092000000041;996.2688000000207;994.0092000000041;991.3746000000006;991.3746000000006;991.3746000000006;991.3746000000006;980.6355999999987;991.3746000000006;984.1563999999989;994.0092000000041;
2019.9999999999955;995.3008000000261;994.0092000000041;984.596499999999;984.596499999999;997.2368000000154;994.0092000000041;996.2688000000207;994.0092000000041;991.3746000000006;991.3746000000006;991.3746000000006;991.3746000000006;980.6355999999987;991.3746000000006;984.1563999999989;994.0092000000041;
2020.9999999999955;995.3008000000261;994.0092000000041;984.596499999999;984.596499999999;997.2368000000154;994.0092000000041;996.2688000000207;994.0092000000041;991.3746000000006;991.3746000000006;991.3746000000006;991.3746000000006;980.6355999999987;991.3746000000006;984.1563999999989;994.0092000000041;
2021.9999999999955;995.3008000000261;994.0092000000041;984.596499999999;984.596499999999;997.2368000000154;994.0092000000041;996.2688000000207;994.0092000000041;991.3746000000006;991.3746000000006;991.3746000000006;991.3746000000006;980.6355999999987;991.3746000000006;984.1563999999989;994.0092000000041;
2022.9999999999955;995.3008000000261;994.0092000000041;984.596499999999;984.596499999999;997.2368000000154;994.0092000000041;996.2688000000207;994.0092000000041;991.3746000000006;991.3746000000006;991.3746000000006;991.3746000000006;980.6355999999987;991.3746000000006;984.1563999999989;994.0092000000041;
2023.9999999999955;995.3008000000261;994.0092000000041;984.596499999999;984.596499999999;997.2368000000154;994.0092000000041;996.2688000000207;994.0092000000041;991.3746000000006;991.3746000000006;991.3746000000006;991.3746000000006;980.6355999999987;991.3746000000006;984.1563999999989;994.0092000000041;
2024.9999999999955;995.3008000000261;994.0092000000041;984.596499999999;984.596499999999;997.2368000000154;994.0092000000041;996.2688000000207;994.0092000000041;991.3746000000006;991.3746000000006;991.3746000000006;991.3746000000006;980.6355999999987;991.3746000000006;984.1563999999989;994.0092000000041;
2025.9999999999955;995.3008000000261;994.0092000000041;984.596499999999;984.596499999999;997.2368000000154;994.0092000000041;996.2688000000207;994.0092000000041;991.3746000000006;991.3746000000006;991.3746000000006;991.3746000000006;980.6355999999987;991.3746000000006;984.1563999999989;994.0092000000041;
2026.9999999999955;995.3008000000261;994.0092000000041;984.596499999999;984.596499999999;997.2368000000154;994.0092000000041;996.2688000000207;994.0092000000041;991.3746000000006;991.3746000000006;991.3746000000006;991.3746000000006;980.6355999999987;991.3746000000006;984.1563999999989;994.0092000000041;
2027.9999999999955;995.3008000000261;994.0092000000041;984.596499999999;984.596499999999;997.2368000000154;994.0092000000041;996.2688000000207;994.0092000000041;991.3746000000006;991.3746000000006;991.3746000000006;991.3746000000006;980.6355999999987;991.3746000000006;984.1563999999989;994.0092000000041;
2028.9999999999955;995.3008000000261;994.0092000000041;984.596499999999;984.596499999999;997.2368000000154;994.0092000000041;996.2688000000207;994.0092000000041;991.3746000000006;991.3746000000006;991.3746000000006;991.3746000000006;980.6355999999987;991.3746000000006;984.1563999999989;994.0092000000041;
2029.9999999999955;995.3008000000261;994.0092000000041;984.596499999999;984.596499999999;997.2368000000154;994.0092000000041;996.2688000000207;994.0092000000041;991.3746000000006;991.3746000000006;991.3746000000006;991.3746000000006;980.6355999999987;991.3746000000006;984.1563999999989;994.0092000000041;
2030.9999999999955;995.3008000000261;994.0092000000041;984.596499999999;984.596499999999;997.2368000000154;994.0092000000041;996.2688000000207;994.0092000000041;991.3746000000006;991.3746000000006;991.3746000000006;991.3746000000006;980.6355999999987;991.3746000000006;984.1563999999989;994.0092000000041;
2031.9999999999955;995.3008000000261;994.0092000000041;984.596499999999;984.596499999999;997.2368000000154;994.0092000000041;996.2688000000207;994.0092000000041;991.3746000000006;991.3746000000006;991.3746000000006;991.3746000000006;980.6355999999987;991.3746000000006;984.1563999999989;994.0092000000041;
2032.9999999999955;995.3008000000261;994.0092000000041;984.596499999999;984.596499999999;997.2368000000154;994.0092000000041;996.2688000000207;994.0092000000041;991.3746000000006;991.3746000000006;991.3746000000006;991.3746000000006;980.6355999999987;991.3746000000006;984.1563999999989;994.0092000000041;
2033.9999999999955;995.3008000000261;994.0092000000041;984.596499999999;984.596499999999;997.2368000000154;994.0092000000041;996.2688000000207;994.0092000000041;991.3746000000006;991.3746000000006;991.3746000000006;991.3746000000006;980.6355999999987;991.3746000000006;984.1563999999989;994.0092000000041;
2034.9999999999955;995.3008000000261;994.0092000000041;984.596499999999;984.596499999999;997.2368000000154;994.0092000000041;996.2688000000207;994.0092000000041;991.3746000000006;991.3746000000006;991.3746000000006;991.3746000000006;980.6355999999987;991.3746000000006;984.1563999999989;994.0092000000041;
2035.9999999999955;995.3008000000261;994.0092000000041;984.596499999999;984.596499999999;997.2368000000154;994.0092000000041;996.2688000000207;994.0092000000041;991.3746000000006;991.3746000000006;991.3746000000006;991.3746000000006;980.6355999999987;991.3746000000006;984.1563999999989;994.0092000000041;
2036.9999999999955;995.3008000000261;994.0092000000041;984.596499999999;984.596499999999;997.2368000000154;994.0092000000041;996.2688000000207;994.0092000000041;991.3746000000006;991.3746000000006;991.3746000000006;991.3746000000006;980.6355999999987;991.3746000000006;984.1563999999989;994.0092000000041;
2037.9999999999955;995.3008000000261;994.0092000000041;984.596499999999;984.596499999999;997.2368000000154;994.0092000000041;996.2688000000207;994.0092000000041;991.3746000000006;991.3746000000006;991.3746000000006;991.3746000000006;980.6355999999987;991.3746000000006;984.1563999999989;994.0092000000041;
2038.9999999999955;995.3008000000261;994.0092000000041;984.596499999999;984.596499999999;997.2368000000154;994.0092000000041;996.2688000000207;994.0092000000041;991.3746000000006;991.3746000000006;991.3746000000006;991.3746000000006;980.6355999999987;991.3746000000006;984.1563999999989;994.0092000000041;
2039.8723600590504;995.3008000000261;994.0092000000041;984.596499999999;984.596499999999;997.2368000000154;994.0091000000041;996.2688000000207;994.0092000000041;991.3746000000006;991.3746000000006;991.3746000000006;991.3746000000006;980.6355999999987;991.3746000000006;984.1563999999989;994.0092000000041;
2039.8723600590504;995.3008000000261;994.0092000000041;984.596499999999;984.596499999999;997.2368000000154;993.9211000000041;996.2688000000207;994.0092000000041;991.3746000000006;991.3746000000006;991.3746000000006;991.3746000000006;980.6355999999987;991.3746000000006;984.1563999999989;994.0092000000041;
2039.8776760590504;995.2920000000262;994.0092000000041;984.596499999999;984.596499999999;997.2368000000154;993.9211000000041;996.2688000000207;994.0092000000041;991.3746000000006;991.3746000000006;991.3746000000006;991.3746000000006;980.6355999999987;991.3746000000006;984.1563999999989;994.0092000000041;
2039.8776760590504;995.2832000000262;994.0092000000041;984.596499999999;984.596499999999;997.2368000000154;993.9211000000041;996.2688000000207;994.0092000000041;991.3746000000006;991.3746000000006;991.3746000000006;991.3746000000006;980.6355999999987;991.3746000000006;984.1563999999989;994.0092000000041;
2039.8829920590504;995.2832000000262;994.0092000000041;984.596499999999;984.596499999999;997.2368000000154;993.9211000000041;996.2600000000208;994.0092000000041;991.3746000000006;991.3746000000006;991.3746000000006;991.3746000000006;980.6355999999987;991.3746000000006;984.1563999999989;994.0092000000041;
2039.9581912559652;995.2832000000262;994.0092000000041;984.596499999999;984.596399999999;997.2368000000154;993.9211000000041;996.2600000000208;994.0092000000041;991.3746000000006;991.3746000000006;991.3746000000006;991.3746000000006;980.6355999999987;991.3746000000006;984.1563999999989;994.0092000000041;
2039.9581912559652;995.2832000000262;994.0092000000041;984.596499999999;984.1563999999989;997.2368000000154;993.9211000000041;996.2600000000208;994.0092000000041;991.3746000000006;991.3746000000006;991.3746000000006;991.3746000000006;980.6355999999987;991.3746000000006;984.1563999999989;994.0092000000041;
2039.9635072559652;995.2832000000262;994.0092000000041;984.596499999999;984.1563999999989;997.2280000000154;993.9211000000041;996.2600000000208;994.0092000000041;991.3746000000006;991.3746000000006;991.3746000000006;991.3746000000006;980.6355999999987;991.3746000000006;984.1563999999989;994.0092000000041;
2039.9635072559652;995.2832000000262;994.0092000000041;984.596499999999;984.1563999999989;997.2192000000155;993.9211000000041;996.2600000000208;994.0092000000041;991.3746000000006;991.3746000000006;991.3746000000006;991.3746000000006;980.6355999999987;991.3746000000006;984.1563999999989;994.0092000000041;
2039.9656636955287;995.2832000000262;994.0092000000041;984.596499999999;984.1563999999989;997.2192000000155;993.9211000000041;996.2600000000208;994.0091000000041;991.3746000000006;991.3746000000006;991.3746000000006;991.3746000000006;980.6355999999987;991.3746000000006;984.1563999999989;994.0092000000041;
2039.9656636955287;995.2832000000262;994.0092000000041;984.596499999999;984.1563999999989;997.2192000000155;993.9211000000041;996.2600000000208;993.9211000000041;991.3746000000006;991.3746000000006;991.3746000000006;991.3746000000006;980.6355999999987;991.3746000000006;984.1563999999989;994.0092000000041;
2039.9688232559652;995.2832000000262;994.0092000000041;984.596499999999;984.1563999999989;997.2192000000155;993.9211000000041;996.2512000000208;993.9211000000041;991.3746000000006;991.3746000000006;991.3746000000006;991.3746000000006;980.6355999999987;991.3746000000006;984.1563999999989;994.0092000000041;
2040.8776993989034;995.2656000000263;993.9211000000041;984.596499999999;984.1563999999989;997.2192000000155;993.9211000000041;996.2512000000208;993.9211000000041;991.3746000000006;991.3746000000006;991.3746000000006;991.3746000000006;980.6355999999987;991.3746000000006;984.1563999999989;993.9211000000041;
2041.8777227387566;995.2568000000264;993.9211000000041;984.596499999999;984.1563999999989;997.2192000000155;993.9211000000041;996.2424000000209;993.9211000000041;991.3746000000006;991.3746000000006;991.3746000000006;991.3746000000006;980.6355999999987;991.3746000000006;984.1563999999989;993.9211000000041;
2041.9999999999955;995.2480000000264;993.9211000000041;984.596499999999;984.1563999999989;997.2192000000155;993.9211000000041;996.2336000000209;993.9211000000041;991.3746000000006;991.3746000000006;991.3746000000006;991.3746000000006;980.6355999999987;991.3746000000006;984.1563999999989;993.9211000000041;
2042.8777460786098;995.2480000000264;993.9211000000041;984.596499999999;984.1563999999989;997.2192000000155;993.9211000000041;996.2336000000209;993.9211000000041;991.3746000000006;991.3746000000006;991.3746000000006;991.3746000000006;980.6355999999987;991.3746000000006;984.1563999999989;993.9211000000041;
2043.9999999999955;995.2480000000264;993.9211000000041;984.596499999999;984.1563999999989;997.2192000000155;993.9211000000041;996.2336000000209;993.9211000000041;991.3746000000006;991.3746000000006;991.3746000000006;991.3746000000006;980.6355999999987;991.3746000000006;984.1563999999989;993.9211000000041;
2044.9999999999955;995.2480000000264;993.9211000000041;984.596499999999;984.1563999999989;997.2192000000155;993.9211000000041;996.2336000000209;993.9211000000041;991.3746000000006;991.3746000000006;991.3746000000006;991.3746000000006;980.6355999999987;991.3746000000006;984.1563999999989;993.9211000000041;
2045.9999999999955;995.2480000000264;993.9211000000041;984.596499999999;984.1563999999989;997.2192000000155;993.9211000000041;996.2336000000209;993.9211000000041;991.3746000000006;991.3746000000006;991.3746000000006;991.3746000000006;980.6355999999987;991.3746000000006;984.1563999999989;993.9211000000041;
2046.9999999999955;995.2480000000264;993.9211000000041;984.596499999999;984.1563999999989;997.2192000000155;993.9211000000041;996.2336000000209;993.9211000000041;991.3746000000006;991.3746000000006;991.3746000000006;991.3746000000006;980.6355999999987;991.3746000000006;984.1563999999989;993.9211000000041;
2047.9999999999955;995.2480000000264;993.9211000000041;984.596499999999;984.1563999999989;997.2192000000155;993.9211000000041;996.2336000000209;993.9211000000041;991.3746000000006;991.3746000000006;991.3746000000006;991.3746000000006;980.6355999999987;991.3746000000006;984.1563999999989;993.9211000000041;
2048.9999999999955;995.2480000000264;993.9211000000041;984.596499999999;984.1563999999989;997.2192000000155;993.9211000000041;996.2336000000209;993.9211000000041;991.3746000000006;991.3746000000006;991.3746000000006;991.3746000000006;980.6355999999987;991.3746000000006;984.1563999999989;993.9211000000041;
2049.9999999999955;995.2480000000264;993.9211000000041;984.596499999999;984.1563999999989;997.2192000000155;993.9211000000041;996.2336000000209;993.9211000000041;991.3746000000006;991.3746000000006;991.3746000000006;991.3746000000006;980.6355999999987;991.3746000000006;984.1563999999989;993.9211000000041;
2050.9999999999955;995.2480000000264;993.9211000000041;984.596499999999;984.1563999999989;997.2192000000155;993.9211000000041;996.2336000000209;993.9211000000041;991.3746000000006;991.3746000000006;991.3746000000006;991.3746000000006;980.6355999999987;991.3746000000006;984.1563999999989;993.9211000000041;
2051.9999999999955;995.2480000000264;993.9211000000041;984.596499999999;984.1563999999989;997.2192000000155;993.9211000000041;996.2336000000209;993.9211000000041;991.3746000000006;991.3746000000006;991.3746000000006;991.3746000000006;980.6355999999987;991.3746000000006;984.1563999999989;993.9211000000041;
2052.9999999999955;995.2480000000264;993.9211000000041;984.596499999999;984.1563999999989;997.2192000000155;993.9211000000041;996.2336000000209;993.9211000000041;991.3746000000006;991.3746000000006;991.3746000000006;991.3746000000006;980.6355999999987;991.3746000000006;984.1563999999989;993.9211000000041;
2053.9999999999955;995.2480000000264;993.9211000000041;984.596499999999;984.1563999999989;997.2192000000155;993.9211000000041;996.2336000000209;993.9211000000041;991.3746000000006;991.3746000000006;991.3746000000006;991.3746000000006;980.6355999999987;991.3746000000006;984.1563999999989;993.9211000000041;
2054.9999999999955;995.2480000000264;993.9211000000041;984.596499999999;984.1563999999989;997.2192000000155;993.9211000000041;996.2336000000209;993.9211000000041;991.3746000000006;991.3746000000006;991.3746000000006;991.3746000000006;980.6355999999987;991.3746000000006;984.1563999999989;993.9211000000041;
2055.9999999999955;995.2480000000264;993.9211000000041;984.596499999999;984.1563999999989;997.2192000000155;993.9211000000041;996.2336000000209;993.9211000000041;991.3746000000006;991.3746000000006;991.3746000000006;991.3746000000006;980.6355999999987;991.3746000000006;984.1563999999989;993.9211000000041;
2056.9999999999955;995.2480000000264;993.9211000000041;984.596499999999;984.1563999999989;997.2192000000155;993.9211000000041;996.2336000000209;993.9211000000041;991.3746000000006;991.3746000000006;991.3746000000006;991.3746000000006;980.6355999999987;991.3746000000006;984.1563999999989;993.9211000000041;
2057.9999999999955;995.2480000000264;993.9211000000041;984.596499999999;984.1563999999989;997.2192000000155;993.9211000000041;996.2336000000209;993.9211000000041;991.3746000000006;991.3746000000006;991.3746000000006;991.3746000000006;980.6355999999987;991.3746000000006;984.1563999999989;993.9211000000041;
2058.9999999999955;995.2480000000264;993.9211000000041;984.596499999999;984.1563999999989;997.2192000000155;993.9211000000041;996.2336000000209;993.9211000000041;991.3746000000006;991.3746000000006;991.3746000000006;991.3746000000006;980.6355999999987;991.3746000000006;984.1563999999989;993.9211000000041;
2059.9999999999955;995.2480000000264;993.9211000000041;984.596499999999;984.1563999999989;997.2192000000155;993.9211000000041;996.2336000000209;993.9211000000041;991.3746000000006;991.3746000000006;991.3746000000006;991.3746000000006;980.6355999999987;991.3746000000006;984.1563999999989;993.9211000000041;
2060.9999999999955;995.2480000000264;993.9211000000041;984.596499999999;984.1563999999989;997.2192000000155;993.9211000000041;996.2336000000209;993.9211000000041;991.3746000000006;991.3746000000006;991.3746000000006;991.3746000000006;980.6355999999987;991.3746000000006;984.1563999999989;993.9211000000041;
2061.9999999999955;995.2480000000264;993.9211000000041;984.596499999999;984.1563999999989;997.2192000000155;993.9211000000041;996.2336000000209;993.9211000000041;991.3746000000006;991.3746000000006;991.3746000000006;991.3746000000006;980.6355999999987;991.3746000000006;984.1563999999989;993.9211000000041;
2062.9999999999955;995.2480000000264;993.9211000000041;984.596499999999;984.1563999999989;997.2192000000155;993.9211000000041;996.2336000000209;993.9211000000041;991.3746000000006;991.3746000000006;991.3746000000006;991.3746000000006;980.6355999999987;991.3746000000006;984.1563999999989;993.9211000000041;
2063.9999999999955;995.2480000000264;993.9211000000041;984.596499999999;984.1563999999989;997.2192000000155;993.9211000000041;996.2336000000209;993.9211000000041;991.3746000000006;991.3746000000006;991.3746000000006;991.3746000000006;980.6355999999987;991.3746000000006;984.1563999999989;993.9211000000041;
2064.9999999999955;995.2480000000264;993.9211000000041;984.596499999999;984.1563999999989;997.2192000000155;993.9211000000041;996.2336000000209;993.9211000000041;991.3746000000006;991.3746000000006;991.3746000000006;991.3746000000006;980.6355999999987;991.3746000000006;984.1563999999989;993.9211000000041;
2065.9999999999955;995.2480000000264;993.9211000000041;984.596499999999;984.1563999999989;997.2192000000155;993.9211000000041;996.2336000000209;993.9211000000041;991.3746000000006;991.3746000000006;991.3746000000006;991.3746000000006;980.6355999999987;991.3746000000006;984.1563999999989;993.9211000000041;
2066.9999999999955;995.2480000000264;993.9211000000041;984.596499999999;984.1563999999989;997.2192000000155;993.9211000000041;996.2336000000209;993.9211000000041;991.3746000000006;991.3746000000006;991.3746000000006;991.3746000000006;980.6355999999987;991.3746000000006;984.1563999999989;993.9211000000041;
2067.9999999999955;995.2480000000264;993.9211000000041;984.596499999999;984.1563999999989;997.2192000000155;993.9211000000041;996.2336000000209;993.9211000000041;991.3746000000006;991.3746000000006;991.3746000000006;991.3746000000006;980.6355999999987;991.3746000000006;984.1563999999989;993.9211000000041;
2068.9999999999955;995.2480000000264;993.9211000000041;984.596499999999;984.1563999999989;997.2192000000155;993.9211000000041;996.2336000000209;993.9211000000041;991.3746000000006;991.3746000000006;991.3746000000006;991.3746000000006;980.6355999999987;991.3746000000006;984.1563999999989;993.9211000000041;
2069.8704657489066;995.2480000000264;993.9211000000041;984.596499999999;984.1563999999989;997.2192000000155;993.9210000000041;996.2336000000209;993.9211000000041;991.3746000000006;991.3746000000006;991.3746000000006;991.3746000000006;980.6355999999987;991.3746000000006;984.1563999999989;993.9211000000041;
2069.8704657489066;995.2480000000264;993.9211000000041;984.596499999999;984.1563999999989;997.2192000000155;993.8330000000042;996.2336000000209;993.9211000000041;991.3746000000006;991.3746000000006;991.3746000000006;991.3746000000006;980.6355999999987;991.3746000000006;984.1563999999989;993.9211000000041;
2069.875781748907;995.2392000000265;993.9211000000041;984.596499999999;984.1563999999989;997.2192000000155;993.8330000000042;996.2336000000209;993.9211000000041;991.3746000000006;991.3746000000006;991.3746000000006;991.3746000000006;980.6355999999987;991.3746000000006;984.1563999999989;993.9211000000041;
2069.875781748907;995.2304000000265;993.9211000000041;984.596499999999;984.1563999999989;997.2192000000155;993.8330000000042;996.2336000000209;993.9211000000041;991.3746000000006;991.3746000000006;991.3746000000006;991.3746000000006;980.6355999999987;991.3746000000006;984.1563999999989;993.9211000000041;
2069.881097748907;995.2304000000265;993.9211000000041;984.596499999999;984.1563999999989;997.2192000000155;993.8330000000042;996.224800000021;993.9211000000041;991.3746000000006;991.3746000000006;991.3746000000006;991.3746000000006;980.6355999999987;991.3746000000006;984.1563999999989;993.9211000000041;
2069.890864611211;995.2304000000265;993.9211000000041;984.596399999999;984.1563999999989;997.2192000000155;993.8330000000042;996.224800000021;993.9211000000041;991.3746000000006;991.3746000000006;991.3746000000006;991.3746000000006;980.6355999999987;991.3746000000006;984.1563999999989;993.9211000000041;
2069.890864611211;995.2304000000265;993.9211000000041;984.1563999999989;984.1563999999989;997.2192000000155;993.8330000000042;996.224800000021;993.9211000000041;991.3746000000006;991.3746000000006;991.3746000000006;991.3746000000006;980.6355999999987;991.3746000000006;984.1563999999989;993.9211000000041;
2069.896180611211;995.2216000000266;993.9211000000041;984.1563999999989;984.1563999999989;997.2192000000155;993.8330000000042;996.224800000021;993.9211000000041;991.3746000000006;991.3746000000006;991.3746000000006;991.3746000000006;980.6355999999987;991.3746000000006;984.1563999999989;993.9211000000041;
2069.96514761719;995.2216000000266;993.9211000000041;984.1563999999989;984.1563999999989;997.2192000000155;993.8330000000042;996.224800000021;993.9210000000041;991.3746000000006;991.3746000000006;991.3746000000006;991.3746000000006;980.6355999999987;991.3746000000006;984.1563999999989;993.9211000000041;
2069.96514761719;995.2216000000266;993.9211000000041;984.1563999999989;984.1563999999989;997.2192000000155;993.8330000000042;996.224800000021;993.8330000000042;991.3746000000006;991.3746000000006;991.3746000000006;991.3746000000006;980.6355999999987;991.3746000000006;984.1563999999989;993.9211000000041;
2069.9686475186136;995.2216000000266;993.9211000000041;984.1563999999989;984.1563999999989;997.2192000000155;993.8330000000042;996.224800000021;993.8330000000042;991.3746000000006;991.3746000000006;991.3746000000006;991.3746000000006;980.6354999999987;991.3746000000006;984.1563999999989;993.9211000000041;
2069.9686475186136;995.2216000000266;993.9211000000041;984.1563999999989;984.1563999999989;997.2192000000155;993.8330000000042;996.224800000021;993.8330000000042;991.3746000000006;991.3746000000006;991.3746000000006;991.3746000000006;980.1954999999987;991.3746000000006;984.1563999999989;993.9211000000041;
2069.97046361719;995.2128000000266;993.9211000000041;984.1563999999989;984.1563999999989;997.2192000000155;993.8330000000042;996.224800000021;993.8330000000042;991.3746000000006;991.3746000000006;991.3746000000006;991.3746000000006;980.1954999999987;991.3746000000006;984.1563999999989;993.9211000000041;
2070.8758050887614;995.2040000000267;993.8330000000042;984.1563999999989;984.1563999999989;997.1928000000156;993.8330000000042;996.216000000021;993.8330000000042;991.3746000000006;991.3746000000006;991.3746000000006;991.3746000000006;980.1954999999987;991.3746000000006;983.7162999999989;993.8330000000042;
2071.8758284286146;995.1952000000267;993.8330000000042;984.1563999999989;984.1563999999989;997.1840000000157;993.8330000000042;996.1984000000211;993.8330000000042;991.3746000000006;991.3746000000006;991.3746000000006;991.3746000000006;980.1954999999987;991.3746000000006;983.7162999999989;993.8330000000042;
2072.875851768468;995.1864000000268;993.8330000000042;984.1563999999989;984.1563999999989;997.1840000000157;993.8330000000042;996.1896000000212;993.8330000000042;991.3746000000006;991.3746000000006;991.3746000000006;991.3746000000006;980.1954999999987;991.3746000000006;983.7162999999989;993.8330000000042;
2072.875851768468;995.1776000000268;993.8330000000042;984.1563999999989;984.1563999999989;997.1840000000157;993.8330000000042;996.1896000000212;993.8330000000042;991.3746000000006;991.3746000000006;991.3746000000006;991.3746000000006;980.1954999999987;991.3746000000006;983.7162999999989;993.8330000000042;
2073.875875108321;995.1776000000268;993.8330000000042;984.1563999999989;984.1563999999989;997.1840000000157;993.8330000000042;996.1808000000212;993.8330000000042;991.3746000000006;991.3746000000006;991.3746000000006;991.3746000000006;980.1954999999987;991.3746000000006;983.7162999999989;993.8330000000042;
2074.9999999999973;995.1776000000268;993.8330000000042;984.1563999999989;984.1563999999989;997.1840000000157;993.8330000000042;996.1808000000212;993.8330000000042;991.3746000000006;991.3746000000006;991.3746000000006;991.3746000000006;980.1954999999987;991.3746000000006;983.7162999999989;993.8330000000042;
2075.9999999999973;995.1776000000268;993.8330000000042;984.1563999999989;984.1563999999989;997.1840000000157;993.8330000000042;996.1808000000212;993.8330000000042;991.3746000000006;991.3746000000006;991.3746000000006;991.3746000000006;980.1954999999987;991.3746000000006;983.7162999999989;993.8330000000042;
2076.9999999999973;995.1776000000268;993.8330000000042;984.1563999999989;984.1563999999989;997.1840000000157;993.8330000000042;996.1808000000212;993.8330000000042;991.3746000000006;991.3746000000006;991.3746000000006;991.3746000000006;980.1954999999987;991.3746000000006;983.7162999999989;993.8330000000042;
2077.9999999999973;995.1776000000268;993.8330000000042;984.1563999999989;984.1563999999989;997.1840000000157;993.8330000000042;996.1808000000212;993.8330000000042;991.3746000000006;991.3746000000006;991.3746000000006;991.3746000000006;980.1954999999987;991.3746000000006;983.7162999999989;993.8330000000042;
2078.9999999999973;995.1776000000268;993.8330000000042;984.1563999999989;984.1563999999989;997.1840000000157;993.8330000000042;996.1808000000212;993.8330000000042;991.3746000000006;991.3746000000006;991.3746000000006;991.3746000000006;980.1954999999987;991.3746000000006;983.7162999999989;993.8330000000042;
2079.9999999999973;995.1776000000268;993.8330000000042;984.1563999999989;984.1563999999989;997.1840000000157;993.8330000000042;996.1808000000212;993.8330000000042;991.3746000000006;991.3746000000006;991.3746000000006;991.3746000000006;980.1954999999987;991.3746000000006;983.7162999999989;993.8330000000042;
2080.9999999999973;995.1776000000268;993.8330000000042;984.1563999999989;984.1563999999989;997.1840000000157;993.8330000000042;996.1808000000212;993.8330000000042;991.3746000000006;991.3746000000006;991.3746000000006;991.3746000000006;980.1954999999987;991.3746000000006;983.7162999999989;993.8330000000042;
2081.9999999999973;995.1776000000268;993.8330000000042;984.1563999999989;984.1563999999989;997.1840000000157;993.8330000000042;996.1808000000212;993.8330000000042;991.3746000000006;991.3746000000006;991.3746000000006;991.3746000000006;980.1954999999987;991.3746000000006;983.7162999999989;993.8330000000042;
2082.9999999999973;995.1776000000268;993.8330000000042;984.1563999999989;984.1563999999989;997.1840000000157;993.8330000000042;996.1808000000212;993.8330000000042;991.3746000000006;991.3746000000006;991.3746000000006;991.3746000000006;980.1954999999987;991.3746000000006;983.7162999999989;993.8330000000042;
2083.9999999999973;995.1776000000268;993.8330000000042;984.1563999999989;984.1563999999989;997.1840000000157;993.8330000000042;996.1808000000212;993.8330000000042;991.3746000000006;991.3746000000006;991.3746000000006;991.3746000000006;980.1954999999987;991.3746000000006;983.7162999999989;993.8330000000042;
2084.9999999999973;995.1776000000268;993.8330000000042;984.1563999999989;984.1563999999989;997.1840000000157;993.8330000000042;996.1808000000212;993.8330000000042;991.3746000000006;991.3746000000006;991.3746000000006;991.3746000000006;980.1954999999987;991.3746000000006;983.7162999999989;993.8330000000042;
2085.9999999999973;995.1776000000268;993.8330000000042;984.1563999999989;984.1563999999989;997.1840000000157;993.8330000000042;996.1808000000212;993.8330000000042;991.3746000000006;991.3746000000006;991.3746000000006;991.3746000000006;980.1954999999987;991.3746000000006;983.7162999999989;993.8330000000042;
2086.9999999999973;995.1776000000268;993.8330000000042;984.1563999999989;984.1563999999989;997.1840000000157;993.8330000000042;996.1808000000212;993.8330000000042;991.3746000000006;991.3746000000006;991.3746000000006;991.3746000000006;980.1954999999987;991.3746000000006;983.7162999999989;993.8330000000042;
2087.9999999999973;995.1776000000268;993.8330000000042;984.1563999999989;984.1563999999989;997.1840000000157;993.8330000000042;996.1808000000212;993.8330000000042;991.3746000000006;991.3746000000006;991.3746000000006;991.3746000000006;980.1954999999987;991.3746000000006;983.7162999999989;993.8330000000042;
2088.9999999999973;995.1776000000268;993.8330000000042;984.1563999999989;984.1563999999989;997.1840000000157;993.8330000000042;996.1808000000212;993.8330000000042;991.3746000000006;991.3746000000006;991.3746000000006;991.3746000000006;980.1954999999987;991.3746000000006;983.7162999999989;993.8330000000042;
2089.9999999999973;995.1776000000268;993.8330000000042;984.1563999999989;984.1563999999989;997.1840000000157;993.8330000000042;996.1808000000212;993.8330000000042;991.3746000000006;991.3746000000006;991.3746000000006;991.3746000000006;980.1954999999987;991.3746000000006;983.7162999999989;993.8330000000042;
2090.9999999999973;995.1776000000268;993.8330000000042;984.1563999999989;984.1563999999989;997.1840000000157;993.8330000000042;996.1808000000212;993.8330000000042;991.3746000000006;991.3746000000006;991.3746000000006;991.3746000000006;980.1954999999987;991.3746000000006;983.7162999999989;993.8330000000042;
2091.9999999999973;995.1776000000268;993.8330000000042;984.1563999999989;984.1563999999989;997.1840000000157;993.8330000000042;996.1808000000212;993.8330000000042;991.3746000000006;991.3746000000006;991.3746000000006;991.3746000000006;980.1954999999987;991.3746000000006;983.7162999999989;993.8330000000042;
2092.9999999999973;995.1776000000268;993.8330000000042;984.1563999999989;984.1563999999989;997.1840000000157;993.8330000000042;996.1808000000212;993.8330000000042;991.3746000000006;991.3746000000006;991.3746000000006;991.3746000000006;980.1954999999987;991.3746000000006;983.7162999999989;993.8330000000042;
2093.9999999999973;995.1776000000268;993.8330000000042;984.1563999999989;984.1563999999989;997.1840000000157;993.8330000000042;996.1808000000212;993.8330000000042;991.3746000000006;991.3746000000006;991.3746000000006;991.3746000000006;980.1954999999987;991.3746000000006;983.7162999999989;993.8330000000042;
2094.9999999999973;995.1776000000268;993.8330000000042;984.1563999999989;984.1563999999989;997.1840000000157;993.8330000000042;996.1808000000212;993.8330000000042;991.3746000000006;991.3746000000006;991.3746000000006;991.3746000000006;980.1954999999987;991.3746000000006;983.7162999999989;993.8330000000042;
2095.9999999999973;995.1776000000268;993.8330000000042;984.1563999999989;984.1563999999989;997.1840000000157;993.8330000000042;996.1808000000212;993.8330000000042;991.3746000000006;991.3746000000006;991.3746000000006;991.3746000000006;980.1954999999987;991.3746000000006;983.7162999999989;993.8330000000042;
2096.9999999999973;995.1776000000268;993.8330000000042;984.1563999999989;984.1563999999989;997.1840000000157;993.8330000000042;996.1808000000212;993.8330000000042;991.3746000000006;991.3746000000006;991.3746000000006;991.3746000000006;980.1954999999987;991.3746000000006;983.7162999999989;993.8330000000042;
2097.9999999999973;995.1776000000268;993.8330000000042;984.1563999999989;984.1563999999989;997.1840000000157;993.8330000000042;996.1808000000212;993.8330000000042;991.3746000000006;991.3746000000006;991.3746000000006;991.3746000000006;980.1954999999987;991.3746000000006;983.7162999999989;993.8330000000042;
2098.9999999999973;995.1776000000268;993.8330000000042;984.1563999999989;984.1563999999989;997.1840000000157;993.8330000000042;996.1808000000212;993.8330000000042;991.3746000000006;991.3746000000006;991.3746000000006;991.3746000000006;980.1954999999987;991.3746000000006;983.7162999999989;993.8330000000042;
2099.868571438765;995.1776000000268;993.8330000000042;984.1563999999989;984.1563999999989;997.1840000000157;993.8329000000042;996.1808000000212;993.8330000000042;991.3746000000006;991.3746000000006;991.3746000000006;991.3746000000006;980.1954999999987;991.3746000000006;983.7162999999989;993.8330000000042;
2099.868571438765;995.1776000000268;993.8330000000042;984.1563999999989;984.1563999999989;997.1840000000157;993.7449000000042;996.1808000000212;993.8330000000042;991.3746000000006;991.3746000000006;991.3746000000006;991.3746000000006;980.1954999999987;991.3746000000006;983.7162999999989;993.8330000000042;
2099.873887438765;995.1688000000269;993.8330000000042;984.1563999999989;984.1563999999989;997.1840000000157;993.7449000000042;996.1808000000212;993.8330000000042;991.3746000000006;991.3746000000006;991.3746000000006;991.3746000000006;980.1954999999987;991.3746000000006;983.7162999999989;993.8330000000042;
2099.873887438765;995.1600000000269;993.8330000000042;984.1563999999989;984.1563999999989;997.1840000000157;993.7449000000042;996.1808000000212;993.8330000000042;991.3746000000006;991.3746000000006;991.3746000000006;991.3746000000006;980.1954999999987;991.3746000000006;983.7162999999989;993.8330000000042;
2099.879203438765;995.1600000000269;993.8330000000042;984.1563999999989;984.1563999999989;997.1840000000157;993.7449000000042;996.1720000000213;993.8330000000042;991.3746000000006;991.3746000000006;991.3746000000006;991.3746000000006;980.1954999999987;991.3746000000006;983.7162999999989;993.8330000000042;
2099.8891922729786;995.1600000000269;993.8330000000042;984.156299999999;984.1563999999989;997.1840000000157;993.7449000000042;996.1720000000213;993.8330000000042;991.3746000000006;991.3746000000006;991.3746000000006;991.3746000000006;980.1954999999987;991.3746000000006;983.7162999999989;993.8330000000042;
2099.8891922729786;995.1600000000269;993.8330000000042;983.7162999999989;984.1563999999989;997.1840000000157;993.7449000000042;996.1720000000213;993.8330000000042;991.3746000000006;991.3746000000006;991.3746000000006;991.3746000000006;980.1954999999987;991.3746000000006;983.7162999999989;993.8330000000042;
2099.894508272979;995.151200000027;993.8330000000042;983.7162999999989;984.1563999999989;997.1840000000157;993.7449000000042;996.1720000000213;993.8330000000042;991.3746000000006;991.3746000000006;991.3746000000006;991.3746000000006;980.1954999999987;991.3746000000006;983.7162999999989;993.8330000000042;
2099.9569541582687;995.151200000027;993.8330000000042;983.7162999999989;984.156299999999;997.1840000000157;993.7449000000042;996.1720000000213;993.8330000000042;991.3746000000006;991.3746000000006;991.3746000000006;991.3746000000006;980.1954999999987;991.3746000000006;983.7162999999989;993.8330000000042;
2099.9569541582687;995.151200000027;993.8330000000042;983.7162999999989;983.7162999999989;997.1840000000157;993.7449000000042;996.1720000000213;993.8330000000042;991.3746000000006;991.3746000000006;991.3746000000006;991.3746000000006;980.1954999999987;991.3746000000006;983.7162999999989;993.8330000000042;
2099.957563098011;995.151200000027;993.8330000000042;983.7162999999989;983.7162999999989;997.1840000000157;993.7449000000042;996.1720000000213;993.8330000000042;991.3745000000006;991.3746000000006;991.3746000000006;991.3746000000006;980.1954999999987;991.3746000000006;983.7162999999989;993.8330000000042;
2099.957563098011;995.151200000027;993.8330000000042;983.7162999999989;983.7162999999989;997.1840000000157;993.7449000000042;996.1720000000213;993.8330000000042;990.7585000000006;991.3746000000006;991.3746000000006;991.3746000000006;980.1954999999987;991.3746000000006;983.7162999999989;993.8330000000042;
2100.0025697946876;995.1248000000271;993.8330000000042;983.7162999999989;983.7162999999989;997.1576000000158;993.7449000000042;996.1632000000213;993.7449000000042;990.7585000000006;990.7585000000006;991.3746000000006;991.3746000000006;980.1954999999987;990.7585000000006;983.7162999999989;993.8330000000042;
2100.873910778619;995.1160000000272;993.7449000000042;983.7162999999989;983.7162999999989;997.1400000000159;993.7449000000042;996.1632000000213;993.7449000000042;990.7585000000006;990.7585000000006;990.7585000000006;990.7585000000006;980.1954999999987;990.7585000000006;983.7162999999989;993.7449000000042;
2101.873934118473;995.1072000000272;993.7449000000042;983.7162999999989;983.7162999999989;997.131200000016;993.7449000000042;996.1456000000214;993.7449000000042;990.7585000000006;990.7585000000006;990.7585000000006;990.7585000000006;980.1954999999987;990.7585000000006;983.7162999999989;993.7449000000042;
2102.8739574583265;995.0984000000273;993.7449000000042;983.7162999999989;983.7162999999989;997.122400000016;993.7449000000042;996.1280000000215;993.7449000000042;990.7585000000006;990.7585000000006;990.7585000000006;990.7585000000006;980.1954999999987;990.7585000000006;983.7162999999989;993.7449000000042;
2102.8739574583265;995.0896000000273;993.7449000000042;983.7162999999989;983.7162999999989;997.122400000016;993.7449000000042;996.1280000000215;993.7449000000042;990.7585000000006;990.7585000000006;990.7585000000006;990.7585000000006;980.1954999999987;990.7585000000006;983.7162999999989;993.7449000000042;
2103.87398079818;995.0896000000273;993.7449000000042;983.7162999999989;983.7162999999989;997.113600000016;993.7449000000042;996.1104000000216;993.7449000000042;990.7585000000006;990.7585000000006;990.7585000000006;990.7585000000006;980.1954999999987;990.7585000000006;983.7162999999989;993.7449000000042;
2104.8740041380333;995.0808000000274;993.7449000000042;983.7162999999989;983.7162999999989;997.113600000016;993.7449000000042;996.1016000000217;993.7449000000042;990.7585000000006;990.7585000000006;990.7585000000006;990.7585000000006;980.1954999999987;990.7585000000006;983.7162999999989;993.7449000000042;
2105.0000000000005;995.0720000000274;993.7449000000042;983.7162999999989;983.7162999999989;997.113600000016;993.7449000000042;996.0928000000217;993.7449000000042;990.7585000000006;990.7585000000006;990.7585000000006;990.7585000000006;980.1954999999987;990.7585000000006;983.7162999999989;993.7449000000042;
2105.874027477887;995.0720000000274;993.7449000000042;983.7162999999989;983.7162999999989;997.113600000016;993.7449000000042;996.0928000000217;993.7449000000042;990.7585000000006;990.7585000000006;990.7585000000006;990.7585000000006;980.1954999999987;990.7585000000006;983.7162999999989;993.7449000000042;
2107.0000000000005;995.0720000000274;993.7449000000042;983.7162999999989;983.7162999999989;997.113600000016;993.7449000000042;996.0928000000217;993.7449000000042;990.7585000000006;990.7585000000006;990.7585000000006;990.7585000000006;980.1954999999987;990.7585000000006;983.7162999999989;993.7449000000042;
2108.0000000000005;995.0720000000274;993.7449000000042;983.7162999999989;983.7162999999989;997.113600000016;993.7449000000042;996.0928000000217;993.7449000000042;990.7585000000006;990.7585000000006;990.7585000000006;990.7585000000006;980.1954999999987;990.7585000000006;983.7162999999989;993.7449000000042;
2109.0000000000005;995.0720000000274;993.7449000000042;983.7162999999989;983.7162999999989;997.113600000016;993.7449000000042;996.0928000000217;993.7449000000042;990.7585000000006;990.7585000000006;990.7585000000006;990.7585000000006;980.1954999999987;990.7585000000006;983.7162999999989;993.7449000000042;
2110.0000000000005;995.0720000000274;993.7449000000042;983.7162999999989;983.7162999999989;997.113600000016;993.7449000000042;996.0928000000217;993.7449000000042;990.7585000000006;990.7585000000006;990.7585000000006;990.7585000000006;980.1954999999987;990.7585000000006;983.7162999999989;993.7449000000042;
2111.0000000000005;995.0720000000274;993.7449000000042;983.7162999999989;983.7162999999989;997.113600000016;993.7449000000042;996.0928000000217;993.7449000000042;990.7585000000006;990.7585000000006;990.7585000000006;990.7585000000006;980.1954999999987;990.7585000000006;983.7162999999989;993.7449000000042;
2112.0000000000005;995.0720000000274;993.7449000000042;983.7162999999989;983.7162999999989;997.113600000016;993.7449000000042;996.0928000000217;993.7449000000042;990.7585000000006;990.7585000000006;990.7585000000006;990.7585000000006;980.1954999999987;990.7585000000006;983.7162999999989;993.7449000000042;
2113.0000000000005;995.0720000000274;993.7449000000042;983.7162999999989;983.7162999999989;997.113600000016;993.7449000000042;996.0928000000217;993.7449000000042;990.7585000000006;990.7585000000006;990.7585000000006;990.7585000000006;980.1954999999987;990.7585000000006;983.7162999999989;993.7449000000042;
2114.0000000000005;995.0720000000274;993.7449000000042;983.7162999999989;983.7162999999989;997.113600000016;993.7449000000042;996.0928000000217;993.7449000000042;990.7585000000006;990.7585000000006;990.7585000000006;990.7585000000006;980.1954999999987;990.7585000000006;983.7162999999989;993.7449000000042;
2115.0000000000005;995.0720000000274;993.7449000000042;983.7162999999989;983.7162999999989;997.113600000016;993.7449000000042;996.0928000000217;993.7449000000042;990.7585000000006;990.7585000000006;990.7585000000006;990.7585000000006;980.1954999999987;990.7585000000006;983.7162999999989;993.7449000000042;
2116.0000000000005;995.0720000000274;993.7449000000042;983.7162999999989;983.7162999999989;997.113600000016;993.7449000000042;996.0928000000217;993.7449000000042;990.7585000000006;990.7585000000006;990.7585000000006;990.7585000000006;980.1954999999987;990.7585000000006;983.7162999999989;993.7449000000042;
2117.0000000000005;995.0720000000274;993.7449000000042;983.7162999999989;983.7162999999989;997.113600000016;993.7449000000042;996.0928000000217;993.7449000000042;990.7585000000006;990.7585000000006;990.7585000000006;990.7585000000006;980.1954999999987;990.7585000000006;983.7162999999989;993.7449000000042;
2118.0000000000005;995.0720000000274;993.7449000000042;983.7162999999989;983.7162999999989;997.113600000016;993.7449000000042;996.0928000000217;993.7449000000042;990.7585000000006;990.7585000000006;990.7585000000006;990.7585000000006;980.1954999999987;990.7585000000006;983.7162999999989;993.7449000000042;
2119.0000000000005;995.0720000000274;993.7449000000042;983.7162999999989;983.7162999999989;997.113600000016;993.7449000000042;996.0928000000217;993.7449000000042;990.7585000000006;990.7585000000006;990.7585000000006;990.7585000000006;980.1954999999987;990.7585000000006;983.7162999999989;993.7449000000042;
2120.0000000000005;995.0720000000274;993.7449000000042;983.7162999999989;983.7162999999989;997.113600000016;993.7449000000042;996.0928000000217;993.7449000000042;990.7585000000006;990.7585000000006;990.7585000000006;990.7585000000006;980.1954999999987;990.7585000000006;983.7162999999989;993.7449000000042;
2121.0000000000005;995.0720000000274;993.7449000000042;983.7162999999989;983.7162999999989;997.113600000016;993.7449000000042;996.0928000000217;993.7449000000042;990.7585000000006;990.7585000000006;990.7585000000006;990.7585000000006;980.1954999999987;990.7585000000006;983.7162999999989;993.7449000000042;
2122.0000000000005;995.0720000000274;993.7449000000042;983.7162999999989;983.7162999999989;997.113600000016;993.7449000000042;996.0928000000217;993.7449000000042;990.7585000000006;990.7585000000006;990.7585000000006;990.7585000000006;980.1954999999987;990.7585000000006;983.7162999999989;993.7449000000042;
2123.0000000000005;995.0720000000274;993.7449000000042;983.7162999999989;983.7162999999989;997.113600000016;993.7449000000042;996.0928000000217;993.7449000000042;990.7585000000006;990.7585000000006;990.7585000000006;990.7585000000006;980.1954999999987;990.7585000000006;983.7162999999989;993.7449000000042;
2124.0000000000005;995.0720000000274;993.7449000000042;983.7162999999989;983.7162999999989;997.113600000016;993.7449000000042;996.0928000000217;993.7449000000042;990.7585000000006;990.7585000000006;990.7585000000006;990.7585000000006;980.1954999999987;990.7585000000006;983.7162999999989;993.7449000000042;
2125.0000000000005;995.0720000000274;993.7449000000042;983.7162999999989;983.7162999999989;997.113600000016;993.7449000000042;996.0928000000217;993.7449000000042;990.7585000000006;990.7585000000006;990.7585000000006;990.7585000000006;980.1954999999987;990.7585000000006;983.7162999999989;993.7449000000042;
2126.0000000000005;995.0720000000274;993.7449000000042;983.7162999999989;983.7162999999989;997.113600000016;993.7449000000042;996.0928000000217;993.7449000000042;990.7585000000006;990.7585000000006;990.7585000000006;990.7585000000006;980.1954999999987;990.7585000000006;983.7162999999989;993.7449000000042;
2127.0000000000005;995.0720000000274;993.7449000000042;983.7162999999989;983.7162999999989;997.113600000016;993.7449000000042;996.0928000000217;993.7449000000042;990.7585000000006;990.7585000000006;990.7585000000006;990.7585000000006;980.1954999999987;990.7585000000006;983.7162999999989;993.7449000000042;
2128.0000000000005;995.0720000000274;993.7449000000042;983.7162999999989;983.7162999999989;997.113600000016;993.7449000000042;996.0928000000217;993.7449000000042;990.7585000000006;990.7585000000006;990.7585000000006;990.7585000000006;980.1954999999987;990.7585000000006;983.7162999999989;993.7449000000042;
2129.0000000000005;995.0720000000274;993.7449000000042;983.7162999999989;983.7162999999989;997.113600000016;993.7449000000042;996.0928000000217;993.7449000000042;990.7585000000006;990.7585000000006;990.7585000000006;990.7585000000006;980.1954999999987;990.7585000000006;983.7162999999989;993.7449000000042;
2129.8666771286244;995.0720000000274;993.7449000000042;983.7162999999989;983.7162999999989;997.113600000016;993.7448000000043;996.0928000000217;993.7449000000042;990.7585000000006;990.7585000000006;990.7585000000006;990.7585000000006;980.1954999999987;990.7585000000006;983.7162999999989;993.7449000000042;
2129.8666771286244;995.0720000000274;993.7449000000042;983.7162999999989;983.7162999999989;997.113600000016;993.6568000000043;996.0928000000217;993.7449000000042;990.7585000000006;990.7585000000006;990.7585000000006;990.7585000000006;980.1954999999987;990.7585000000006;983.7162999999989;993.7449000000042;
2129.8719931286246;995.0632000000275;993.7449000000042;983.7162999999989;983.7162999999989;997.113600000016;993.6568000000043;996.0928000000217;993.7449000000042;990.7585000000006;990.7585000000006;990.7585000000006;990.7585000000006;980.1954999999987;990.7585000000006;983.7162999999989;993.7449000000042;
2129.8719931286246;995.0544000000275;993.7449000000042;983.7162999999989;983.7162999999989;997.113600000016;993.6568000000043;996.0928000000217;993.7449000000042;990.7585000000006;990.7585000000006;990.7585000000006;990.7585000000006;980.1954999999987;990.7585000000006;983.7162999999989;993.7449000000042;
2129.877309128625;995.0544000000275;993.7449000000042;983.7162999999989;983.7162999999989;997.113600000016;993.6568000000043;996.0840000000218;993.7449000000042;990.7585000000006;990.7585000000006;990.7585000000006;990.7585000000006;980.1954999999987;990.7585000000006;983.7162999999989;993.7449000000042;
2129.9641154605156;995.0544000000275;993.7449000000042;983.7162999999989;983.7162999999989;997.113600000016;993.6568000000043;996.0840000000218;993.7448000000043;990.7585000000006;990.7585000000006;990.7585000000006;990.7585000000006;980.1954999999987;990.7585000000006;983.7162999999989;993.7449000000042;
2129.9641154605156;995.0544000000275;993.7449000000042;983.7162999999989;983.7162999999989;997.113600000016;993.6568000000043;996.0840000000218;993.6568000000043;990.7585000000006;990.7585000000006;990.7585000000006;990.7585000000006;980.1954999999987;990.7585000000006;983.7162999999989;993.7449000000042;
2129.967694767442;995.0544000000275;993.7449000000042;983.7162999999989;983.7162999999989;997.113600000016;993.6568000000043;996.0840000000218;993.6568000000043;990.7585000000006;990.7585000000006;990.7585000000006;990.7585000000006;980.1953999999987;990.7585000000006;983.7162999999989;993.7449000000042;
2129.967694767442;995.0544000000275;993.7449000000042;983.7162999999989;983.7162999999989;997.113600000016;993.6568000000043;996.0840000000218;993.6568000000043;990.7585000000006;990.7585000000006;990.7585000000006;990.7585000000006;979.7553999999986;990.7585000000006;983.7162999999989;993.7449000000042;
2129.969431460516;995.0456000000275;993.7449000000042;983.7162999999989;983.7162999999989;997.113600000016;993.6568000000043;996.0840000000218;993.6568000000043;990.7585000000006;990.7585000000006;990.7585000000006;990.7585000000006;979.7553999999986;990.7585000000006;983.7162999999989;993.7449000000042;
2129.9730107674422;995.0456000000275;993.7449000000042;983.7162999999989;983.7162999999989;997.1048000000161;993.6568000000043;996.0840000000218;993.6568000000043;990.7585000000006;990.7585000000006;990.7585000000006;990.7585000000006;979.7553999999986;990.7585000000006;983.7162999999989;993.7449000000042;
2130.119779111782;995.0368000000276;993.6568000000043;983.7162999999989;983.7162999999989;997.0960000000161;993.6568000000043;996.0752000000218;993.6568000000043;990.7585000000006;990.7585000000006;990.7585000000006;990.7585000000006;979.7553999999986;990.7585000000006;983.7161999999989;993.6568000000043;
2130.872016468479;995.0368000000276;993.6568000000043;983.7162999999989;983.7162999999989;997.0872000000162;993.6568000000043;996.0752000000218;993.6568000000043;990.7585000000006;990.7585000000006;990.7585000000006;990.7585000000006;979.7553999999986;990.7585000000006;983.2761999999989;993.6568000000043;
2131.872039808333;995.0280000000276;993.6568000000043;983.7162999999989;983.7162999999989;997.0784000000162;993.6568000000043;996.0576000000219;993.6568000000043;990.7585000000006;990.7585000000006;990.7585000000006;990.7585000000006;979.7553999999986;990.7585000000006;983.2761999999989;993.6568000000043;
2132.872063148186;995.0192000000277;993.6568000000043;983.7162999999989;983.7162999999989;997.0784000000162;993.6568000000043;996.048800000022;993.6568000000043;990.7585000000006;990.7585000000006;990.7585000000006;990.7585000000006;979.7553999999986;990.7585000000006;983.2761999999989;993.6568000000043;
2133.0000000000027;995.0192000000277;993.6568000000043;983.7162999999989;983.7162999999989;997.0784000000162;993.6568000000043;996.048800000022;993.6568000000043;990.7585000000006;990.7585000000006;990.7585000000006;990.7585000000006;979.7553999999986;990.7585000000006;983.2761999999989;993.6568000000043;
2134.0000000000027;995.0192000000277;993.6568000000043;983.7162999999989;983.7162999999989;997.0784000000162;993.6568000000043;996.048800000022;993.6568000000043;990.7585000000006;990.7585000000006;990.7585000000006;990.7585000000006;979.7553999999986;990.7585000000006;983.2761999999989;993.6568000000043;
2135.0000000000027;995.0192000000277;993.6568000000043;983.7162999999989;983.7162999999989;997.0784000000162;993.6568000000043;996.048800000022;993.6568000000043;990.7585000000006;990.7585000000006;990.7585000000006;990.7585000000006;979.7553999999986;990.7585000000006;983.2761999999989;993.6568000000043;
2136.0000000000027;995.0192000000277;993.6568000000043;983.7162999999989;983.7162999999989;997.0784000000162;993.6568000000043;996.048800000022;993.6568000000043;990.7585000000006;990.7585000000006;990.7585000000006;990.7585000000006;979.7553999999986;990.7585000000006;983.2761999999989;993.6568000000043;
2137.0000000000027;995.0192000000277;993.6568000000043;983.7162999999989;983.7162999999989;997.0784000000162;993.6568000000043;996.048800000022;993.6568000000043;990.7585000000006;990.7585000000006;990.7585000000006;990.7585000000006;979.7553999999986;990.7585000000006;983.2761999999989;993.6568000000043;
2138.0000000000027;995.0192000000277;993.6568000000043;983.7162999999989;983.7162999999989;997.0784000000162;993.6568000000043;996.048800000022;993.6568000000043;990.7585000000006;990.7585000000006;990.7585000000006;990.7585000000006;979.7553999999986;990.7585000000006;983.2761999999989;993.6568000000043;
2139.0000000000027;995.0192000000277;993.6568000000043;983.7162999999989;983.7162999999989;997.0784000000162;993.6568000000043;996.048800000022;993.6568000000043;990.7585000000006;990.7585000000006;990.7585000000006;990.7585000000006;979.7553999999986;990.7585000000006;983.2761999999989;993.6568000000043;
2140.0000000000027;995.0192000000277;993.6568000000043;983.7162999999989;983.7162999999989;997.0784000000162;993.6568000000043;996.048800000022;993.6568000000043;990.7585000000006;990.7585000000006;990.7585000000006;990.7585000000006;979.7553999999986;990.7585000000006;983.2761999999989;993.6568000000043;
2141.0000000000027;995.0192000000277;993.6568000000043;983.7162999999989;983.7162999999989;997.0784000000162;993.6568000000043;996.048800000022;993.6568000000043;990.7585000000006;990.7585000000006;990.7585000000006;990.7585000000006;979.7553999999986;990.7585000000006;983.2761999999989;993.6568000000043;
2142.0000000000027;995.0192000000277;993.6568000000043;983.7162999999989;983.7162999999989;997.0784000000162;993.6568000000043;996.048800000022;993.6568000000043;990.7585000000006;990.7585000000006;990.7585000000006;990.7585000000006;979.7553999999986;990.7585000000006;983.2761999999989;993.6568000000043;
2143.0000000000027;995.0192000000277;993.6568000000043;983.7162999999989;983.7162999999989;997.0784000000162;993.6568000000043;996.048800000022;993.6568000000043;990.7585000000006;990.7585000000006;990.7585000000006;990.7585000000006;979.7553999999986;990.7585000000006;983.2761999999989;993.6568000000043;
2144.0000000000027;995.0192000000277;993.6568000000043;983.7162999999989;983.7162999999989;997.0784000000162;993.6568000000043;996.048800000022;993.6568000000043;990.7585000000006;990.7585000000006;990.7585000000006;990.7585000000006;979.7553999999986;990.7585000000006;983.2761999999989;993.6568000000043;
2145.0000000000027;995.0192000000277;993.6568000000043;983.7162999999989;983.7162999999989;997.0784000000162;993.6568000000043;996.048800000022;993.6568000000043;990.7585000000006;990.7585000000006;990.7585000000006;990.7585000000006;979.7553999999986;990.7585000000006;983.2761999999989;993.6568000000043;
2146.0000000000027;995.0192000000277;993.6568000000043;983.7162999999989;983.7162999999989;997.0784000000162;993.6568000000043;996.048800000022;993.6568000000043;990.7585000000006;990.7585000000006;990.7585000000006;990.7585000000006;979.7553999999986;990.7585000000006;983.2761999999989;993.6568000000043;
2147.0000000000027;995.0192000000277;993.6568000000043;983.7162999999989;983.7162999999989;997.0784000000162;993.6568000000043;996.048800000022;993.6568000000043;990.7585000000006;990.7585000000006;990.7585000000006;990.7585000000006;979.7553999999986;990.7585000000006;983.2761999999989;993.6568000000043;
2148.0000000000027;995.0192000000277;993.6568000000043;983.7162999999989;983.7162999999989;997.0784000000162;993.6568000000043;996.048800000022;993.6568000000043;990.7585000000006;990.7585000000006;990.7585000000006;990.7585000000006;979.7553999999986;990.7585000000006;983.2761999999989;993.6568000000043;
2149.0000000000027;995.0192000000277;993.6568000000043;983.7162999999989;983.7162999999989;997.0784000000162;993.6568000000043;996.048800000022;993.6568000000043;990.7585000000006;990.7585000000006;990.7585000000006;990.7585000000006;979.7553999999986;990.7585000000006;983.2761999999989;993.6568000000043;
2150.0000000000027;995.0192000000277;993.6568000000043;983.7162999999989;983.7162999999989;997.0784000000162;993.6568000000043;996.048800000022;993.6568000000043;990.7585000000006;990.7585000000006;990.7585000000006;990.7585000000006;979.7553999999986;990.7585000000006;983.2761999999989;993.6568000000043;
2151.0000000000027;995.0192000000277;993.6568000000043;983.7162999999989;983.7162999999989;997.0784000000162;993.6568000000043;996.048800000022;993.6568000000043;990.7585000000006;990.7585000000006;990.7585000000006;990.7585000000006;979.7553999999986;990.7585000000006;983.2761999999989;993.6568000000043;
2152.0000000000027;995.0192000000277;993.6568000000043;983.7162999999989;983.7162999999989;997.0784000000162;993.6568000000043;996.048800000022;993.6568000000043;990.7585000000006;990.7585000000006;990.7585000000006;990.7585000000006;979.7553999999986;990.7585000000006;983.2761999999989;993.6568000000043;
2153.0000000000027;995.0192000000277;993.6568000000043;983.7162999999989;983.7162999999989;997.0784000000162;993.6568000000043;996.048800000022;993.6568000000043;990.7585000000006;990.7585000000006;990.7585000000006;990.7585000000006;979.7553999999986;990.7585000000006;983.2761999999989;993.6568000000043;
2154.0000000000027;995.0192000000277;993.6568000000043;983.7162999999989;983.7162999999989;997.0784000000162;993.6568000000043;996.048800000022;993.6568000000043;990.7585000000006;990.7585000000006;990.7585000000006;990.7585000000006;979.7553999999986;990.7585000000006;983.2761999999989;993.6568000000043;
2155.0000000000027;995.0192000000277;993.6568000000043;983.7162999999989;983.7162999999989;997.0784000000162;993.6568000000043;996.048800000022;993.6568000000043;990.7585000000006;990.7585000000006;990.7585000000006;990.7585000000006;979.7553999999986;990.7585000000006;983.2761999999989;993.6568000000043;
2156.0000000000027;995.0192000000277;993.6568000000043;983.7162999999989;983.7162999999989;997.0784000000162;993.6568000000043;996.048800000022;993.6568000000043;990.7585000000006;990.7585000000006;990.7585000000006;990.7585000000006;979.7553999999986;990.7585000000006;983.2761999999989;993.6568000000043;
2157.0000000000027;995.0192000000277;993.6568000000043;983.7162999999989;983.7162999999989;997.0784000000162;993.6568000000043;996.048800000022;993.6568000000043;990.7585000000006;990.7585000000006;990.7585000000006;990.7585000000006;979.7553999999986;990.7585000000006;983.2761999999989;993.6568000000043;
2158.0000000000027;995.0192000000277;993.6568000000043;983.7162999999989;983.7162999999989;997.0784000000162;993.6568000000043;996.048800000022;993.6568000000043;990.7585000000006;990.7585000000006;990.7585000000006;990.7585000000006;979.7553999999986;990.7585000000006;983.2761999999989;993.6568000000043;
2159.0000000000027;995.0192000000277;993.6568000000043;983.7162999999989;983.7162999999989;997.0784000000162;993.6568000000043;996.048800000022;993.6568000000043;990.7585000000006;990.7585000000006;990.7585000000006;990.7585000000006;979.7553999999986;990.7585000000006;983.2761999999989;993.6568000000043;
2159.864782818483;995.0192000000277;993.6568000000043;983.7162999999989;983.7162999999989;997.0784000000162;993.6567000000043;996.048800000022;993.6568000000043;990.7585000000006;990.7585000000006;990.7585000000006;990.7585000000006;979.7553999999986;990.7585000000006;983.2761999999989;993.6568000000043;
2159.864782818483;995.0192000000277;993.6568000000043;983.7162999999989;983.7162999999989;997.0784000000162;993.5687000000044;996.048800000022;993.6568000000043;990.7585000000006;990.7585000000006;990.7585000000006;990.7585000000006;979.7553999999986;990.7585000000006;983.2761999999989;993.6568000000043;
2159.8700988184833;995.0104000000277;993.6568000000043;983.7162999999989;983.7162999999989;997.0784000000162;993.5687000000044;996.048800000022;993.6568000000043;990.7585000000006;990.7585000000006;990.7585000000006;990.7585000000006;979.7553999999986;990.7585000000006;983.2761999999989;993.6568000000043;
2159.8700988184833;995.0016000000278;993.6568000000043;983.7162999999989;983.7162999999989;997.0784000000162;993.5687000000044;996.048800000022;993.6568000000043;990.7585000000006;990.7585000000006;990.7585000000006;990.7585000000006;979.7553999999986;990.7585000000006;983.2761999999989;993.6568000000043;
2159.8754148184835;995.0016000000278;993.6568000000043;983.7162999999989;983.7162999999989;997.0784000000162;993.5687000000044;996.040000000022;993.6568000000043;990.7585000000006;990.7585000000006;990.7585000000006;990.7585000000006;979.7553999999986;990.7585000000006;983.2761999999989;993.6568000000043;
2159.8858475965153;995.0016000000278;993.6568000000043;983.7161999999989;983.7162999999989;997.0784000000162;993.5687000000044;996.040000000022;993.6568000000043;990.7585000000006;990.7585000000006;990.7585000000006;990.7585000000006;979.7553999999986;990.7585000000006;983.2761999999989;993.6568000000043;
2159.8858475965153;995.0016000000278;993.6568000000043;983.2761999999989;983.7162999999989;997.0784000000162;993.5687000000044;996.040000000022;993.6568000000043;990.7585000000006;990.7585000000006;990.7585000000006;990.7585000000006;979.7553999999986;990.7585000000006;983.2761999999989;993.6568000000043;
2159.8911635965155;994.9928000000278;993.6568000000043;983.2761999999989;983.7162999999989;997.0784000000162;993.5687000000044;996.040000000022;993.6568000000043;990.7585000000006;990.7585000000006;990.7585000000006;990.7585000000006;979.7553999999986;990.7585000000006;983.2761999999989;993.6568000000043;
2159.9557170605754;994.9928000000278;993.6568000000043;983.2761999999989;983.7161999999989;997.0784000000162;993.5687000000044;996.040000000022;993.6568000000043;990.7585000000006;990.7585000000006;990.7585000000006;990.7585000000006;979.7553999999986;990.7585000000006;983.2761999999989;993.6568000000043;
2159.9557170605754;994.9928000000278;993.6568000000043;983.2761999999989;983.2761999999989;997.0784000000162;993.5687000000044;996.040000000022;993.6568000000043;990.7585000000006;990.7585000000006;990.7585000000006;990.7585000000006;979.7553999999986;990.7585000000006;983.2761999999989;993.6568000000043;
2159.9610330605756;994.9928000000278;993.6568000000043;983.2761999999989;983.2761999999989;997.0696000000163;993.5687000000044;996.040000000022;993.6568000000043;990.7585000000006;990.7585000000006;990.7585000000006;990.7585000000006;979.7553999999986;990.7585000000006;983.2761999999989;993.6568000000043;
2159.9610330605756;994.9928000000278;993.6568000000043;983.2761999999989;983.2761999999989;997.0608000000163;993.5687000000044;996.040000000022;993.6568000000043;990.7585000000006;990.7585000000006;990.7585000000006;990.7585000000006;979.7553999999986;990.7585000000006;983.2761999999989;993.6568000000043;
2160.870122158338;994.9752000000279;993.5687000000044;983.2761999999989;983.2761999999989;997.0608000000163;993.5687000000044;996.0312000000221;993.5687000000044;990.7585000000006;990.7585000000006;990.7585000000006;990.7585000000006;979.7553999999986;990.7585000000006;983.2761999999989;993.5687000000044;
2160.9610510950856;994.966400000028;993.5687000000044;983.2761999999989;983.2761999999989;997.0608000000163;993.5687000000044;996.0224000000221;993.5687000000044;990.7585000000006;990.7585000000006;990.7585000000006;990.7585000000006;979.7553999999986;990.7585000000006;983.2761999999989;993.5687000000044;
2161.8701454981915;994.966400000028;993.5687000000044;983.2761999999989;983.2761999999989;997.0608000000163;993.5687000000044;996.0224000000221;993.5687000000044;990.7585000000006;990.7585000000006;990.7585000000006;990.7585000000006;979.7553999999986;990.7585000000006;983.2761999999989;993.5687000000044;
2162.870168838045;994.957600000028;993.5687000000044;983.2761999999989;983.2761999999989;997.0608000000163;993.5687000000044;996.0136000000222;993.5687000000044;990.7585000000006;990.7585000000006;990.7585000000006;990.7585000000006;979.7553999999986;990.7585000000006;983.2761999999989;993.5687000000044;
2163.870192177899;994.9488000000281;993.5687000000044;983.2761999999989;983.2761999999989;997.0608000000163;993.5687000000044;996.0048000000222;993.5687000000044;990.7585000000006;990.7585000000006;990.7585000000006;990.7585000000006;979.7553999999986;990.7585000000006;983.2761999999989;993.5687000000044;
2164.000000000006;994.9488000000281;993.5687000000044;983.2761999999989;983.2761999999989;997.0608000000163;993.5687000000044;996.0048000000222;993.5687000000044;990.7585000000006;990.7585000000006;990.7585000000006;990.7585000000006;979.7553999999986;990.7585000000006;983.2761999999989;993.5687000000044;
2165.000000000006;994.9488000000281;993.5687000000044;983.2761999999989;983.2761999999989;997.0608000000163;993.5687000000044;996.0048000000222;993.5687000000044;990.7585000000006;990.7585000000006;990.7585000000006;990.7585000000006;979.7553999999986;990.7585000000006;983.2761999999989;993.5687000000044;
2166.000000000006;994.9488000000281;993.5687000000044;983.2761999999989;983.2761999999989;997.0608000000163;993.5687000000044;996.0048000000222;993.5687000000044;990.7585000000006;990.7585000000006;990.7585000000006;990.7585000000006;979.7553999999986;990.7585000000006;983.2761999999989;993.5687000000044;
2167.000000000006;994.9488000000281;993.5687000000044;983.2761999999989;983.2761999999989;997.0608000000163;993.5687000000044;996.0048000000222;993.5687000000044;990.7585000000006;990.7585000000006;990.7585000000006;990.7585000000006;979.7553999999986;990.7585000000006;983.2761999999989;993.5687000000044;
2168.000000000006;994.9488000000281;993.5687000000044;983.2761999999989;983.2761999999989;997.0608000000163;993.5687000000044;996.0048000000222;993.5687000000044;990.7585000000006;990.7585000000006;990.7585000000006;990.7585000000006;979.7553999999986;990.7585000000006;983.2761999999989;993.5687000000044;
2169.000000000006;994.9488000000281;993.5687000000044;983.2761999999989;983.2761999999989;997.0608000000163;993.5687000000044;996.0048000000222;993.5687000000044;990.7585000000006;990.7585000000006;990.7585000000006;990.7585000000006;979.7553999999986;990.7585000000006;983.2761999999989;993.5687000000044;
2170.000000000006;994.9488000000281;993.5687000000044;983.2761999999989;983.2761999999989;997.0608000000163;993.5687000000044;996.0048000000222;993.5687000000044;990.7585000000006;990.7585000000006;990.7585000000006;990.7585000000006;979.7553999999986;990.7585000000006;983.2761999999989;993.5687000000044;
2171.000000000006;994.9488000000281;993.5687000000044;983.2761999999989;983.2761999999989;997.0608000000163;993.5687000000044;996.0048000000222;993.5687000000044;990.7585000000006;990.7585000000006;990.7585000000006;990.7585000000006;979.7553999999986;990.7585000000006;983.2761999999989;993.5687000000044;
2172.000000000006;994.9488000000281;993.5687000000044;983.2761999999989;983.2761999999989;997.0608000000163;993.5687000000044;996.0048000000222;993.5687000000044;990.7585000000006;990.7585000000006;990.7585000000006;990.7585000000006;979.7553999999986;990.7585000000006;983.2761999999989;993.5687000000044;
2173.000000000006;994.9488000000281;993.5687000000044;983.2761999999989;983.2761999999989;997.0608000000163;993.5687000000044;996.0048000000222;993.5687000000044;990.7585000000006;990.7585000000006;990.7585000000006;990.7585000000006;979.7553999999986;990.7585000000006;983.2761999999989;993.5687000000044;
2174.000000000006;994.9488000000281;993.5687000000044;983.2761999999989;983.2761999999989;997.0608000000163;993.5687000000044;996.0048000000222;993.5687000000044;990.7585000000006;990.7585000000006;990.7585000000006;990.7585000000006;979.7553999999986;990.7585000000006;983.2761999999989;993.5687000000044;
2175.000000000006;994.9488000000281;993.5687000000044;983.2761999999989;983.2761999999989;997.0608000000163;993.5687000000044;996.0048000000222;993.5687000000044;990.7585000000006;990.7585000000006;990.7585000000006;990.7585000000006;979.7553999999986;990.7585000000006;983.2761999999989;993.5687000000044;
2176.000000000006;994.9488000000281;993.5687000000044;983.2761999999989;983.2761999999989;997.0608000000163;993.5687000000044;996.0048000000222;993.5687000000044;990.7585000000006;990.7585000000006;990.7585000000006;990.7585000000006;979.7553999999986;990.7585000000006;983.2761999999989;993.5687000000044;
2177.000000000006;994.9488000000281;993.5687000000044;983.2761999999989;983.2761999999989;997.0608000000163;993.5687000000044;996.0048000000222;993.5687000000044;990.7585000000006;990.7585000000006;990.7585000000006;990.7585000000006;979.7553999999986;990.7585000000006;983.2761999999989;993.5687000000044;
2178.000000000006;994.9488000000281;993.5687000000044;983.2761999999989;983.2761999999989;997.0608000000163;993.5687000000044;996.0048000000222;993.5687000000044;990.7585000000006;990.7585000000006;990.7585000000006;990.7585000000006;979.7553999999986;990.7585000000006;983.2761999999989;993.5687000000044;
2179.000000000006;994.9488000000281;993.5687000000044;983.2761999999989;983.2761999999989;997.0608000000163;993.5687000000044;996.0048000000222;993.5687000000044;990.7585000000006;990.7585000000006;990.7585000000006;990.7585000000006;979.7553999999986;990.7585000000006;983.2761999999989;993.5687000000044;
2180.000000000006;994.9488000000281;993.5687000000044;983.2761999999989;983.2761999999989;997.0608000000163;993.5687000000044;996.0048000000222;993.5687000000044;990.7585000000006;990.7585000000006;990.7585000000006;990.7585000000006;979.7553999999986;990.7585000000006;983.2761999999989;993.5687000000044;
2181.000000000006;994.9488000000281;993.5687000000044;983.2761999999989;983.2761999999989;997.0608000000163;993.5687000000044;996.0048000000222;993.5687000000044;990.7585000000006;990.7585000000006;990.7585000000006;990.7585000000006;979.7553999999986;990.7585000000006;983.2761999999989;993.5687000000044;
2182.000000000006;994.9488000000281;993.5687000000044;983.2761999999989;983.2761999999989;997.0608000000163;993.5687000000044;996.0048000000222;993.5687000000044;990.7585000000006;990.7585000000006;990.7585000000006;990.7585000000006;979.7553999999986;990.7585000000006;983.2761999999989;993.5687000000044;
2183.000000000006;994.9488000000281;993.5687000000044;983.2761999999989;983.2761999999989;997.0608000000163;993.5687000000044;996.0048000000222;993.5687000000044;990.7585000000006;990.7585000000006;990.7585000000006;990.7585000000006;979.7553999999986;990.7585000000006;983.2761999999989;993.5687000000044;
2184.000000000006;994.9488000000281;993.5687000000044;983.2761999999989;983.2761999999989;997.0608000000163;993.5687000000044;996.0048000000222;993.5687000000044;990.7585000000006;990.7585000000006;990.7585000000006;990.7585000000006;979.7553999999986;990.7585000000006;983.2761999999989;993.5687000000044;
2185.000000000006;994.9488000000281;993.5687000000044;983.2761999999989;983.2761999999989;997.0608000000163;993.5687000000044;996.0048000000222;993.5687000000044;990.7585000000006;990.7585000000006;990.7585000000006;990.7585000000006;979.7553999999986;990.7585000000006;983.2761999999989;993.5687000000044;
2186.000000000006;994.9488000000281;993.5687000000044;983.2761999999989;983.2761999999989;997.0608000000163;993.5687000000044;996.0048000000222;993.5687000000044;990.7585000000006;990.7585000000006;990.7585000000006;990.7585000000006;979.7553999999986;990.7585000000006;983.2761999999989;993.5687000000044;
2187.000000000006;994.9488000000281;993.5687000000044;983.2761999999989;983.2761999999989;997.0608000000163;993.5687000000044;996.0048000000222;993.5687000000044;990.7585000000006;990.7585000000006;990.7585000000006;990.7585000000006;979.7553999999986;990.7585000000006;983.2761999999989;993.5687000000044;
2188.000000000006;994.9488000000281;993.5687000000044;983.2761999999989;983.2761999999989;997.0608000000163;993.5687000000044;996.0048000000222;993.5687000000044;990.7585000000006;990.7585000000006;990.7585000000006;990.7585000000006;979.7553999999986;990.7585000000006;983.2761999999989;993.5687000000044;
2189.000000000006;994.9488000000281;993.5687000000044;983.2761999999989;983.2761999999989;997.0608000000163;993.5687000000044;996.0048000000222;993.5687000000044;990.7585000000006;990.7585000000006;990.7585000000006;990.7585000000006;979.7553999999986;990.7585000000006;983.2761999999989;993.5687000000044;
2189.8628885083426;994.9488000000281;993.5687000000044;983.2761999999989;983.2761999999989;997.0608000000163;993.5686000000044;996.0048000000222;993.5687000000044;990.7585000000006;990.7585000000006;990.7585000000006;990.7585000000006;979.7553999999986;990.7585000000006;983.2761999999989;993.5687000000044;
2189.8628885083426;994.9488000000281;993.5687000000044;983.2761999999989;983.2761999999989;997.0608000000163;993.4806000000044;996.0048000000222;993.5687000000044;990.7585000000006;990.7585000000006;990.7585000000006;990.7585000000006;979.7553999999986;990.7585000000006;983.2761999999989;993.5687000000044;
2189.868204508343;994.9400000000281;993.5687000000044;983.2761999999989;983.2761999999989;997.0608000000163;993.4806000000044;996.0048000000222;993.5687000000044;990.7585000000006;990.7585000000006;990.7585000000006;990.7585000000006;979.7553999999986;990.7585000000006;983.2761999999989;993.5687000000044;
2189.868204508343;994.9312000000282;993.5687000000044;983.2761999999989;983.2761999999989;997.0608000000163;993.4806000000044;996.0048000000222;993.5687000000044;990.7585000000006;990.7585000000006;990.7585000000006;990.7585000000006;979.7553999999986;990.7585000000006;983.2761999999989;993.5687000000044;
2189.873520508343;994.9312000000282;993.5687000000044;983.2761999999989;983.2761999999989;997.0608000000163;993.4806000000044;995.9960000000223;993.5687000000044;990.7585000000006;990.7585000000006;990.7585000000006;990.7585000000006;979.7553999999986;990.7585000000006;983.2761999999989;993.5687000000044;
2189.963083303842;994.9312000000282;993.5687000000044;983.2761999999989;983.2761999999989;997.0608000000163;993.4806000000044;995.9960000000223;993.5686000000044;990.7585000000006;990.7585000000006;990.7585000000006;990.7585000000006;979.7553999999986;990.7585000000006;983.2761999999989;993.5687000000044;
2189.963083303842;994.9312000000282;993.5687000000044;983.2761999999989;983.2761999999989;997.0608000000163;993.4806000000044;995.9960000000223;993.4806000000044;990.7585000000006;990.7585000000006;990.7585000000006;990.7585000000006;979.7553999999986;990.7585000000006;983.2761999999989;993.5687000000044;
2189.9667420162705;994.9312000000282;993.5687000000044;983.2761999999989;983.2761999999989;997.0608000000163;993.4806000000044;995.9960000000223;993.4806000000044;990.7585000000006;990.7585000000006;990.7585000000006;990.7585000000006;979.7552999999987;990.7585000000006;983.2761999999989;993.5687000000044;
2189.9667420162705;994.9312000000282;993.5687000000044;983.2761999999989;983.2761999999989;997.0608000000163;993.4806000000044;995.9960000000223;993.4806000000044;990.7585000000006;990.7585000000006;990.7585000000006;990.7585000000006;979.3152999999986;990.7585000000006;983.2761999999989;993.5687000000044;
2189.9683993038416;994.9224000000282;993.5687000000044;983.2761999999989;983.2761999999989;997.0608000000163;993.4806000000044;995.9960000000223;993.4806000000044;990.7585000000006;990.7585000000006;990.7585000000006;990.7585000000006;979.3152999999986;990.7585000000006;983.2761999999989;993.5687000000044;
2189.9720580162702;994.9224000000282;993.5687000000044;983.2761999999989;983.2761999999989;997.0520000000164;993.4806000000044;995.9960000000223;993.4806000000044;990.7585000000006;990.7585000000006;990.7585000000006;990.7585000000006;979.3152999999986;990.7585000000006;983.2761999999989;993.5687000000044;
2189.9720580162702;994.9224000000282;993.5687000000044;983.2761999999989;983.2761999999989;997.0432000000164;993.4806000000044;995.9960000000223;993.4806000000044;990.7585000000006;990.7585000000006;990.7585000000006;990.7585000000006;979.3152999999986;990.7585000000006;983.2761999999989;993.5687000000044;
2190.8682278481965;994.9136000000283;993.4806000000044;983.2761999999989;983.2761999999989;997.0344000000165;993.4806000000044;995.9872000000223;993.4806000000044;990.7585000000006;990.7585000000006;990.7585000000006;990.7585000000006;979.3152999999986;990.7585000000006;982.8360999999989;993.4806000000044;
2191.86825118805;994.9048000000283;993.4806000000044;983.2761999999989;983.2761999999989;997.0256000000165;993.4806000000044;995.9696000000224;993.4806000000044;990.7585000000006;990.7585000000006;990.7585000000006;990.7585000000006;979.3152999999986;990.7585000000006;982.8360999999989;993.4806000000044;
2191.86825118805;994.8960000000284;993.4806000000044;983.2761999999989;983.2761999999989;997.0256000000165;993.4806000000044;995.9696000000224;993.4806000000044;990.7585000000006;990.7585000000006;990.7585000000006;990.7585000000006;979.3152999999986;990.7585000000006;982.8360999999989;993.4806000000044;
2192.868274527904;994.8960000000284;993.4806000000044;983.2761999999989;983.2761999999989;997.0256000000165;993.4806000000044;995.9608000000225;993.4806000000044;990.7585000000006;990.7585000000006;990.7585000000006;990.7585000000006;979.3152999999986;990.7585000000006;982.8360999999989;993.4806000000044;
2194.0000000000077;994.8960000000284;993.4806000000044;983.2761999999989;983.2761999999989;997.0256000000165;993.4806000000044;995.9608000000225;993.4806000000044;990.7585000000006;990.7585000000006;990.7585000000006;990.7585000000006;979.3152999999986;990.7585000000006;982.8360999999989;993.4806000000044;
2195.0000000000077;994.8960000000284;993.4806000000044;983.2761999999989;983.2761999999989;997.0256000000165;993.4806000000044;995.9608000000225;993.4806000000044;990.7585000000006;990.7585000000006;990.7585000000006;990.7585000000006;979.3152999999986;990.7585000000006;982.8360999999989;993.4806000000044;
2196.0000000000077;994.8960000000284;993.4806000000044;983.2761999999989;983.2761999999989;997.0256000000165;993.4806000000044;995.9608000000225;993.4806000000044;990.7585000000006;990.7585000000006;990.7585000000006;990.7585000000006;979.3152999999986;990.7585000000006;982.8360999999989;993.4806000000044;
2197.0000000000077;994.8960000000284;993.4806000000044;983.2761999999989;983.2761999999989;997.0256000000165;993.4806000000044;995.9608000000225;993.4806000000044;990.7585000000006;990.7585000000006;990.7585000000006;990.7585000000006;979.3152999999986;990.7585000000006;982.8360999999989;993.4806000000044;
2198.0000000000077;994.8960000000284;993.4806000000044;983.2761999999989;983.2761999999989;997.0256000000165;993.4806000000044;995.9608000000225;993.4806000000044;990.7585000000006;990.7585000000006;990.7585000000006;990.7585000000006;979.3152999999986;990.7585000000006;982.8360999999989;993.4806000000044;
2199.0000000000077;994.8960000000284;993.4806000000044;983.2761999999989;983.2761999999989;997.0256000000165;993.4806000000044;995.9608000000225;993.4806000000044;990.7585000000006;990.7585000000006;990.7585000000006;990.7585000000006;979.3152999999986;990.7585000000006;982.8360999999989;993.4806000000044;
2200.0000000000077;994.8960000000284;993.4806000000044;983.2761999999989;983.2761999999989;997.0256000000165;993.4806000000044;995.9608000000225;993.4806000000044;990.7585000000006;990.7585000000006;990.7585000000006;990.7585000000006;979.3152999999986;990.7585000000006;982.8360999999989;993.4806000000044;
2201.0000000000077;994.8960000000284;993.4806000000044;983.2761999999989;983.2761999999989;997.0256000000165;993.4806000000044;995.9608000000225;993.4806000000044;990.7585000000006;990.7585000000006;990.7585000000006;990.7585000000006;979.3152999999986;990.7585000000006;982.8360999999989;993.4806000000044;
2202.0000000000077;994.8960000000284;993.4806000000044;983.2761999999989;983.2761999999989;997.0256000000165;993.4806000000044;995.9608000000225;993.4806000000044;990.7585000000006;990.7585000000006;990.7585000000006;990.7585000000006;979.3152999999986;990.7585000000006;982.8360999999989;993.4806000000044;
2203.0000000000077;994.8960000000284;993.4806000000044;983.2761999999989;983.2761999999989;997.0256000000165;993.4806000000044;995.9608000000225;993.4806000000044;990.7585000000006;990.7585000000006;990.7585000000006;990.7585000000006;979.3152999999986;990.7585000000006;982.8360999999989;993.4806000000044;
2204.0000000000077;994.8960000000284;993.4806000000044;983.2761999999989;983.2761999999989;997.0256000000165;993.4806000000044;995.9608000000225;993.4806000000044;990.7585000000006;990.7585000000006;990.7585000000006;990.7585000000006;979.3152999999986;990.7585000000006;982.8360999999989;993.4806000000044;
2205.0000000000077;994.8960000000284;993.4806000000044;983.2761999999989;983.2761999999989;997.0256000000165;993.4806000000044;995.9608000000225;993.4806000000044;990.7585000000006;990.7585000000006;990.7585000000006;990.7585000000006;979.3152999999986;990.7585000000006;982.8360999999989;993.4806000000044;
2206.0000000000077;994.8960000000284;993.4806000000044;983.2761999999989;983.2761999999989;997.0256000000165;993.4806000000044;995.9608000000225;993.4806000000044;990.7585000000006;990.7585000000006;990.7585000000006;990.7585000000006;979.3152999999986;990.7585000000006;982.8360999999989;993.4806000000044;
2207.0000000000077;994.8960000000284;993.4806000000044;983.2761999999989;983.2761999999989;997.0256000000165;993.4806000000044;995.9608000000225;993.4806000000044;990.7585000000006;990.7585000000006;990.7585000000006;990.7585000000006;979.3152999999986;990.7585000000006;982.8360999999989;993.4806000000044;
2208.0000000000077;994.8960000000284;993.4806000000044;983.2761999999989;983.2761999999989;997.0256000000165;993.4806000000044;995.9608000000225;993.4806000000044;990.7585000000006;990.7585000000006;990.7585000000006;990.7585000000006;979.3152999999986;990.7585000000006;982.8360999999989;993.4806000000044;
2209.0000000000077;994.8960000000284;993.4806000000044;983.2761999999989;983.2761999999989;997.0256000000165;993.4806000000044;995.9608000000225;993.4806000000044;990.7585000000006;990.7585000000006;990.7585000000006;990.7585000000006;979.3152999999986;990.7585000000006;982.8360999999989;993.4806000000044;
2210.0000000000077;994.8960000000284;993.4806000000044;983.2761999999989;983.2761999999989;997.0256000000165;993.4806000000044;995.9608000000225;993.4806000000044;990.7585000000006;990.7585000000006;990.7585000000006;990.7585000000006;979.3152999999986;990.7585000000006;982.8360999999989;993.4806000000044;
2211.0000000000077;994.8960000000284;993.4806000000044;983.2761999999989;983.2761999999989;997.0256000000165;993.4806000000044;995.9608000000225;993.4806000000044;990.7585000000006;990.7585000000006;990.7585000000006;990.7585000000006;979.3152999999986;990.7585000000006;982.8360999999989;993.4806000000044;
2212.0000000000077;994.8960000000284;993.4806000000044;983.2761999999989;983.2761999999989;997.0256000000165;993.4806000000044;995.9608000000225;993.4806000000044;990.7585000000006;990.7585000000006;990.7585000000006;990.7585000000006;979.3152999999986;990.7585000000006;982.8360999999989;993.4806000000044;
2213.0000000000077;994.8960000000284;993.4806000000044;983.2761999999989;983.2761999999989;997.0256000000165;993.4806000000044;995.9608000000225;993.4806000000044;990.7585000000006;990.7585000000006;990.7585000000006;990.7585000000006;979.3152999999986;990.7585000000006;982.8360999999989;993.4806000000044;
2214.0000000000077;994.8960000000284;993.4806000000044;983.2761999999989;983.2761999999989;997.0256000000165;993.4806000000044;995.9608000000225;993.4806000000044;990.7585000000006;990.7585000000006;990.7585000000006;990.7585000000006;979.3152999999986;990.7585000000006;982.8360999999989;993.4806000000044;
2215.0000000000077;994.8960000000284;993.4806000000044;983.2761999999989;983.2761999999989;997.0256000000165;993.4806000000044;995.9608000000225;993.4806000000044;990.7585000000006;990.7585000000006;990.7585000000006;990.7585000000006;979.3152999999986;990.7585000000006;982.8360999999989;993.4806000000044;
2216.0000000000077;994.8960000000284;993.4806000000044;983.2761999999989;983.2761999999989;997.0256000000165;993.4806000000044;995.9608000000225;993.4806000000044;990.7585000000006;990.7585000000006;990.7585000000006;990.7585000000006;979.3152999999986;990.7585000000006;982.8360999999989;993.4806000000044;
2217.0000000000077;994.8960000000284;993.4806000000044;983.2761999999989;983.2761999999989;997.0256000000165;993.4806000000044;995.9608000000225;993.4806000000044;990.7585000000006;990.7585000000006;990.7585000000006;990.7585000000006;979.3152999999986;990.7585000000006;982.8360999999989;993.4806000000044;
2218.0000000000077;994.8960000000284;993.4806000000044;983.2761999999989;983.2761999999989;997.0256000000165;993.4806000000044;995.9608000000225;993.4806000000044;990.7585000000006;990.7585000000006;990.7585000000006;990.7585000000006;979.3152999999986;990.7585000000006;982.8360999999989;993.4806000000044;
2219.0000000000077;994.8960000000284;993.4806000000044;983.2761999999989;983.2761999999989;997.0256000000165;993.4806000000044;995.9608000000225;993.4806000000044;990.7585000000006;990.7585000000006;990.7585000000006;990.7585000000006;979.3152999999986;990.7585000000006;982.8360999999989;993.4806000000044;
2219.8609941982004;994.8960000000284;993.4806000000044;983.2761999999989;983.2761999999989;997.0256000000165;993.4805000000044;995.9608000000225;993.4806000000044;990.7585000000006;990.7585000000006;990.7585000000006;990.7585000000006;979.3152999999986;990.7585000000006;982.8360999999989;993.4806000000044;
2219.8609941982004;994.8960000000284;993.4806000000044;983.2761999999989;983.2761999999989;997.0256000000165;993.3925000000045;995.9608000000225;993.4806000000044;990.7585000000006;990.7585000000006;990.7585000000006;990.7585000000006;979.3152999999986;990.7585000000006;982.8360999999989;993.4806000000044;
2219.8663101982006;994.8872000000284;993.4806000000044;983.2761999999989;983.2761999999989;997.0256000000165;993.3925000000045;995.9608000000225;993.4806000000044;990.7585000000006;990.7585000000006;990.7585000000006;990.7585000000006;979.3152999999986;990.7585000000006;982.8360999999989;993.4806000000044;
2219.8663101982006;994.8784000000285;993.4806000000044;983.2761999999989;983.2761999999989;997.0256000000165;993.3925000000045;995.9608000000225;993.4806000000044;990.7585000000006;990.7585000000006;990.7585000000006;990.7585000000006;979.3152999999986;990.7585000000006;982.8360999999989;993.4806000000044;
2219.871626198201;994.8784000000285;993.4806000000044;983.2761999999989;983.2761999999989;997.0256000000165;993.3925000000045;995.9520000000225;993.4806000000044;990.7585000000006;990.7585000000006;990.7585000000006;990.7585000000006;979.3152999999986;990.7585000000006;982.8360999999989;993.4806000000044;
2219.882502920051;994.8784000000285;993.4806000000044;983.2760999999989;983.2761999999989;997.0256000000165;993.3925000000045;995.9520000000225;993.4806000000044;990.7585000000006;990.7585000000006;990.7585000000006;990.7585000000006;979.3152999999986;990.7585000000006;982.8360999999989;993.4806000000044;
2219.882502920051;994.8784000000285;993.4806000000044;982.8360999999989;983.2761999999989;997.0256000000165;993.3925000000045;995.9520000000225;993.4806000000044;990.7585000000006;990.7585000000006;990.7585000000006;990.7585000000006;979.3152999999986;990.7585000000006;982.8360999999989;993.4806000000044;
2219.8878189200514;994.8696000000285;993.4806000000044;982.8360999999989;983.2761999999989;997.0256000000165;993.3925000000045;995.9520000000225;993.4806000000044;990.7585000000006;990.7585000000006;990.7585000000006;990.7585000000006;979.3152999999986;990.7585000000006;982.8360999999989;993.4806000000044;
2219.954479962881;994.8696000000285;993.4806000000044;982.8360999999989;983.2760999999989;997.0256000000165;993.3925000000045;995.9520000000225;993.4806000000044;990.7585000000006;990.7585000000006;990.7585000000006;990.7585000000006;979.3152999999986;990.7585000000006;982.8360999999989;993.4806000000044;
2219.954479962881;994.8696000000285;993.4806000000044;982.8360999999989;982.8360999999989;997.0256000000165;993.3925000000045;995.9520000000225;993.4806000000044;990.7585000000006;990.7585000000006;990.7585000000006;990.7585000000006;979.3152999999986;990.7585000000006;982.8360999999989;993.4806000000044;
2219.9597959628813;994.8696000000285;993.4806000000044;982.8360999999989;982.8360999999989;997.0168000000166;993.3925000000045;995.9520000000225;993.4806000000044;990.7585000000006;990.7585000000006;990.7585000000006;990.7585000000006;979.3152999999986;990.7585000000006;982.8360999999989;993.4806000000044;
2219.9597959628813;994.8696000000285;993.4806000000044;982.8360999999989;982.8360999999989;997.0080000000166;993.3925000000045;995.9520000000225;993.4806000000044;990.7585000000006;990.7585000000006;990.7585000000006;990.7585000000006;979.3152999999986;990.7585000000006;982.8360999999989;993.4806000000044;
2219.9625672255042;994.8696000000285;993.4806000000044;982.8360999999989;982.8360999999989;997.0080000000166;993.3925000000045;995.9520000000225;993.4805000000044;990.7585000000006;990.7585000000006;990.7585000000006;990.7585000000006;979.3152999999986;990.7585000000006;982.8360999999989;993.4806000000044;
2220.8663335380547;994.8520000000286;993.3925000000045;982.8360999999989;982.8360999999989;996.9992000000167;993.3925000000045;995.9432000000226;993.3925000000045;990.7585000000006;990.7585000000006;990.7585000000006;990.7585000000006;978.8751999999986;990.7585000000006;982.8360999999989;993.3925000000045;
2221.8663568779084;994.8432000000287;993.3925000000045;982.8360999999989;982.8360999999989;996.9904000000167;993.3925000000045;995.9256000000227;993.3925000000045;990.7585000000006;990.7585000000006;990.7585000000006;990.7585000000006;978.8751999999986;990.7585000000006;982.8360999999989;993.3925000000045;
2221.8663568779084;994.8344000000287;993.3925000000045;982.8360999999989;982.8360999999989;996.9904000000167;993.3925000000045;995.9256000000227;993.3925000000045;990.7585000000006;990.7585000000006;990.7585000000006;990.7585000000006;978.8751999999986;990.7585000000006;982.8360999999989;993.3925000000045;
2222.8663802177616;994.8344000000287;993.3925000000045;982.8360999999989;982.8360999999989;996.9904000000167;993.3925000000045;995.9168000000227;993.3925000000045;990.7585000000006;990.7585000000006;990.7585000000006;990.7585000000006;978.8751999999986;990.7585000000006;982.8360999999989;993.3925000000045;
2223.866403557615;994.8256000000288;993.3925000000045;982.8360999999989;982.8360999999989;996.9904000000167;993.3925000000045;995.9080000000228;993.3925000000045;990.7585000000006;990.7585000000006;990.7585000000006;990.7585000000006;978.8751999999986;990.7585000000006;982.8360999999989;993.3925000000045;
2224.0000000000095;994.8256000000288;993.3925000000045;982.8360999999989;982.8360999999989;996.9904000000167;993.3925000000045;995.9080000000228;993.3925000000045;990.7585000000006;990.7585000000006;990.7585000000006;990.7585000000006;978.8751999999986;990.7585000000006;982.8360999999989;993.3925000000045;
2225.0000000000095;994.8256000000288;993.3925000000045;982.8360999999989;982.8360999999989;996.9904000000167;993.3925000000045;995.9080000000228;993.3925000000045;990.7585000000006;990.7585000000006;990.7585000000006;990.7585000000006;978.8751999999986;990.7585000000006;982.8360999999989;993.3925000000045;
2226.0000000000095;994.8256000000288;993.3925000000045;982.8360999999989;982.8360999999989;996.9904000000167;993.3925000000045;995.9080000000228;993.3925000000045;990.7585000000006;990.7585000000006;990.7585000000006;990.7585000000006;978.8751999999986;990.7585000000006;982.8360999999989;993.3925000000045;
2227.0000000000095;994.8256000000288;993.3925000000045;982.8360999999989;982.8360999999989;996.9904000000167;993.3925000000045;995.9080000000228;993.3925000000045;990.7585000000006;990.7585000000006;990.7585000000006;990.7585000000006;978.8751999999986;990.7585000000006;982.8360999999989;993.3925000000045;
2228.0000000000095;994.8256000000288;993.3925000000045;982.8360999999989;982.8360999999989;996.9904000000167;993.3925000000045;995.9080000000228;993.3925000000045;990.7585000000006;990.7585000000006;990.7585000000006;990.7585000000006;978.8751999999986;990.7585000000006;982.8360999999989;993.3925000000045;
2229.0000000000095;994.8256000000288;993.3925000000045;982.8360999999989;982.8360999999989;996.9904000000167;993.3925000000045;995.9080000000228;993.3925000000045;990.7585000000006;990.7585000000006;990.7585000000006;990.7585000000006;978.8751999999986;990.7585000000006;982.8360999999989;993.3925000000045;
2230.0000000000095;994.8256000000288;993.3925000000045;982.8360999999989;982.8360999999989;996.9904000000167;993.3925000000045;995.9080000000228;993.3925000000045;990.7585000000006;990.7585000000006;990.7585000000006;990.7585000000006;978.8751999999986;990.7585000000006;982.8360999999989;993.3925000000045;
2231.0000000000095;994.8256000000288;993.3925000000045;982.8360999999989;982.8360999999989;996.9904000000167;993.3925000000045;995.9080000000228;993.3925000000045;990.7585000000006;990.7585000000006;990.7585000000006;990.7585000000006;978.8751999999986;990.7585000000006;982.8360999999989;993.3925000000045;
2232.0000000000095;994.8256000000288;993.3925000000045;982.8360999999989;982.8360999999989;996.9904000000167;993.3925000000045;995.9080000000228;993.3925000000045;990.7585000000006;990.7585000000006;990.7585000000006;990.7585000000006;978.8751999999986;990.7585000000006;982.8360999999989;993.3925000000045;
2233.0000000000095;994.8256000000288;993.3925000000045;982.8360999999989;982.8360999999989;996.9904000000167;993.3925000000045;995.9080000000228;993.3925000000045;990.7585000000006;990.7585000000006;990.7585000000006;990.7585000000006;978.8751999999986;990.7585000000006;982.8360999999989;993.3925000000045;
2234.0000000000095;994.8256000000288;993.3925000000045;982.8360999999989;982.8360999999989;996.9904000000167;993.3925000000045;995.9080000000228;993.3925000000045;990.7585000000006;990.7585000000006;990.7585000000006;990.7585000000006;978.8751999999986;990.7585000000006;982.8360999999989;993.3925000000045;
2235.0000000000095;994.8256000000288;993.3925000000045;982.8360999999989;982.8360999999989;996.9904000000167;993.3925000000045;995.9080000000228;993.3925000000045;990.7585000000006;990.7585000000006;990.7585000000006;990.7585000000006;978.8751999999986;990.7585000000006;982.8360999999989;993.3925000000045;
2236.0000000000095;994.8256000000288;993.3925000000045;982.8360999999989;982.8360999999989;996.9904000000167;993.3925000000045;995.9080000000228;993.3925000000045;990.7585000000006;990.7585000000006;990.7585000000006;990.7585000000006;978.8751999999986;990.7585000000006;982.8360999999989;993.3925000000045;
2237.0000000000095;994.8256000000288;993.3925000000045;982.8360999999989;982.8360999999989;996.9904000000167;993.3925000000045;995.9080000000228;993.3925000000045;990.7585000000006;990.7585000000006;990.7585000000006;990.7585000000006;978.8751999999986;990.7585000000006;982.8360999999989;993.3925000000045;
2238.0000000000095;994.8256000000288;993.3925000000045;982.8360999999989;982.8360999999989;996.9904000000167;993.3925000000045;995.9080000000228;993.3925000000045;990.7585000000006;990.7585000000006;990.7585000000006;990.7585000000006;978.8751999999986;990.7585000000006;982.8360999999989;993.3925000000045;
2239.0000000000095;994.8256000000288;993.3925000000045;982.8360999999989;982.8360999999989;996.9904000000167;993.3925000000045;995.9080000000228;993.3925000000045;990.7585000000006;990.7585000000006;990.7585000000006;990.7585000000006;978.8751999999986;990.7585000000006;982.8360999999989;993.3925000000045;
2240.0000000000095;994.8256000000288;993.3925000000045;982.8360999999989;982.8360999999989;996.9904000000167;993.3925000000045;995.9080000000228;993.3925000000045;990.7585000000006;990.7585000000006;990.7585000000006;990.7585000000006;978.8751999999986;990.7585000000006;982.8360999999989;993.3925000000045;
2241.0000000000095;994.8256000000288;993.3925000000045;982.8360999999989;982.8360999999989;996.9904000000167;993.3925000000045;995.9080000000228;993.3925000000045;990.7585000000006;990.7585000000006;990.7585000000006;990.7585000000006;978.8751999999986;990.7585000000006;982.8360999999989;993.3925000000045;
2242.0000000000095;994.8256000000288;993.3925000000045;982.8360999999989;982.8360999999989;996.9904000000167;993.3925000000045;995.9080000000228;993.3925000000045;990.7585000000006;990.7585000000006;990.7585000000006;990.7585000000006;978.8751999999986;990.7585000000006;982.8360999999989;993.3925000000045;
2243.0000000000095;994.8256000000288;993.3925000000045;982.8360999999989;982.8360999999989;996.9904000000167;993.3925000000045;995.9080000000228;993.3925000000045;990.7585000000006;990.7585000000006;990.7585000000006;990.7585000000006;978.8751999999986;990.7585000000006;982.8360999999989;993.3925000000045;
2244.0000000000095;994.8256000000288;993.3925000000045;982.8360999999989;982.8360999999989;996.9904000000167;993.3925000000045;995.9080000000228;993.3925000000045;990.7585000000006;990.7585000000006;990.7585000000006;990.7585000000006;978.8751999999986;990.7585000000006;982.8360999999989;993.3925000000045;
2245.0000000000095;994.8256000000288;993.3925000000045;982.8360999999989;982.8360999999989;996.9904000000167;993.3925000000045;995.9080000000228;993.3925000000045;990.7585000000006;990.7585000000006;990.7585000000006;990.7585000000006;978.8751999999986;990.7585000000006;982.8360999999989;993.3925000000045;
2246.0000000000095;994.8256000000288;993.3925000000045;982.8360999999989;982.8360999999989;996.9904000000167;993.3925000000045;995.9080000000228;993.3925000000045;990.7585000000006;990.7585000000006;990.7585000000006;990.7585000000006;978.8751999999986;990.7585000000006;982.8360999999989;993.3925000000045;
2247.0000000000095;994.8256000000288;993.3925000000045;982.8360999999989;982.8360999999989;996.9904000000167;993.3925000000045;995.9080000000228;993.3925000000045;990.7585000000006;990.7585000000006;990.7585000000006;990.7585000000006;978.8751999999986;990.7585000000006;982.8360999999989;993.3925000000045;
2248.0000000000095;994.8256000000288;993.3925000000045;982.8360999999989;982.8360999999989;996.9904000000167;993.3925000000045;995.9080000000228;993.3925000000045;990.7585000000006;990.7585000000006;990.7585000000006;990.7585000000006;978.8751999999986;990.7585000000006;982.8360999999989;993.3925000000045;
2249.0000000000095;994.8256000000288;993.3925000000045;982.8360999999989;982.8360999999989;996.9904000000167;993.3925000000045;995.9080000000228;993.3925000000045;990.7585000000006;990.7585000000006;990.7585000000006;990.7585000000006;978.8751999999986;990.7585000000006;982.8360999999989;993.3925000000045;
2249.8590998880586;994.8256000000288;993.3925000000045;982.8360999999989;982.8360999999989;996.9904000000167;993.3924000000045;995.9080000000228;993.3925000000045;990.7585000000006;990.7585000000006;990.7585000000006;990.7585000000006;978.8751999999986;990.7585000000006;982.8360999999989;993.3925000000045;
2249.8590998880586;994.8256000000288;993.3925000000045;982.8360999999989;982.8360999999989;996.9904000000167;993.3044000000045;995.9080000000228;993.3925000000045;990.7585000000006;990.7585000000006;990.7585000000006;990.7585000000006;978.8751999999986;990.7585000000006;982.8360999999989;993.3925000000045;
2249.864415888059;994.8168000000288;993.3925000000045;982.8360999999989;982.8360999999989;996.9904000000167;993.3044000000045;995.9080000000228;993.3925000000045;990.7585000000006;990.7585000000006;990.7585000000006;990.7585000000006;978.8751999999986;990.7585000000006;982.8360999999989;993.3925000000045;
2249.864415888059;994.8080000000289;993.3925000000045;982.8360999999989;982.8360999999989;996.9904000000167;993.3044000000045;995.9080000000228;993.3925000000045;990.7585000000006;990.7585000000006;990.7585000000006;990.7585000000006;978.8751999999986;990.7585000000006;982.8360999999989;993.3925000000045;
2249.869731888059;994.8080000000289;993.3925000000045;982.8360999999989;982.8360999999989;996.9904000000167;993.3044000000045;995.8992000000228;993.3925000000045;990.7585000000006;990.7585000000006;990.7585000000006;990.7585000000006;978.8751999999986;990.7585000000006;982.8360999999989;993.3925000000045;
2249.954664124397;994.8080000000289;993.3925000000045;982.8360999999989;982.8360999999989;996.9904000000167;993.3044000000045;995.8992000000228;993.3925000000045;990.7584000000006;990.7585000000006;990.7585000000006;990.7585000000006;978.8751999999986;990.7585000000006;982.8360999999989;993.3925000000045;
2249.954664124397;994.8080000000289;993.3925000000045;982.8360999999989;982.8360999999989;996.9904000000167;993.3044000000045;995.8992000000228;993.3925000000045;990.1424000000006;990.7585000000006;990.7585000000006;990.7585000000006;978.8751999999986;990.7585000000006;982.8360999999989;993.3925000000045;
2249.959980124397;994.7992000000289;993.3925000000045;982.8360999999989;982.8360999999989;996.9904000000167;993.3044000000045;995.8992000000228;993.3925000000045;990.1424000000006;990.7585000000006;990.7585000000006;990.7585000000006;978.8751999999986;990.7585000000006;982.8360999999989;993.3925000000045;
2249.962051147166;994.7992000000289;993.3925000000045;982.8360999999989;982.8360999999989;996.9904000000167;993.3044000000045;995.8992000000228;993.3924000000045;990.1424000000006;990.7585000000006;990.7585000000006;990.7585000000006;978.8751999999986;990.7585000000006;982.8360999999989;993.3925000000045;
2249.962051147166;994.7992000000289;993.3925000000045;982.8360999999989;982.8360999999989;996.9904000000167;993.3044000000045;995.8992000000228;993.3044000000045;990.1424000000006;990.7585000000006;990.7585000000006;990.7585000000006;978.8751999999986;990.7585000000006;982.8360999999989;993.3925000000045;
2249.9657892650976;994.7992000000289;993.3925000000045;982.8360999999989;982.8360999999989;996.9904000000167;993.3044000000045;995.8992000000228;993.3044000000045;990.1424000000006;990.7585000000006;990.7585000000006;990.7585000000006;978.8750999999986;990.7585000000006;982.8360999999989;993.3925000000045;
2249.9657892650976;994.7992000000289;993.3925000000045;982.8360999999989;982.8360999999989;996.9904000000167;993.3044000000045;995.8992000000228;993.3044000000045;990.1424000000006;990.7585000000006;990.7585000000006;990.7585000000006;978.4350999999986;990.7585000000006;982.8360999999989;993.3925000000045;
2250.864439227912;994.7728000000291;993.3044000000045;982.8360999999989;982.8360999999989;996.937600000017;993.3044000000045;995.8904000000229;993.3044000000045;990.1424000000006;990.1424000000006;990.1424000000006;990.1424000000006;978.4350999999986;990.1424000000006;982.3959999999988;993.3044000000045;
2251.8644625677657;994.7640000000291;993.3044000000045;982.8360999999989;982.8360999999989;996.9288000000171;993.3044000000045;995.872800000023;993.3044000000045;990.1424000000006;990.1424000000006;990.1424000000006;990.1424000000006;978.4350999999986;990.1424000000006;982.3959999999988;993.3044000000045;
2251.971141334116;994.7552000000292;993.3044000000045;982.8360999999989;982.8360999999989;996.9288000000171;993.3044000000045;995.864000000023;993.3044000000045;990.1424000000006;990.1424000000006;990.1424000000006;990.1424000000006;978.4350999999986;990.1424000000006;982.3959999999988;993.3044000000045;
2252.8644859076194;994.7552000000292;993.3044000000045;982.8360999999989;982.8360999999989;996.9200000000171;993.3044000000045;995.855200000023;993.3044000000045;990.1424000000006;990.1424000000006;990.1424000000006;990.1424000000006;978.4350999999986;990.1424000000006;982.3959999999988;993.3044000000045;
2253.8645092474726;994.7464000000292;993.3044000000045;982.8360999999989;982.8360999999989;996.9112000000172;993.3044000000045;995.8376000000231;993.3044000000045;990.1424000000006;990.1424000000006;990.1424000000006;990.1424000000006;978.4350999999986;990.1424000000006;982.3959999999988;993.3044000000045;
2254.8645325873263;994.7376000000293;993.3044000000045;982.8360999999989;982.8360999999989;996.9024000000172;993.3044000000045;995.8200000000232;993.3044000000045;990.1424000000006;990.1424000000006;990.1424000000006;990.1424000000006;978.4350999999986;990.1424000000006;982.3959999999988;993.3044000000045;
2254.971195437644;994.7376000000293;993.3044000000045;982.8360999999989;982.8360999999989;996.9024000000172;993.3044000000045;995.8200000000232;993.3044000000045;990.1424000000006;990.1424000000006;990.1424000000006;990.1424000000006;978.4350999999986;990.1424000000006;982.3959999999988;993.3044000000045;
2256.0000000000114;994.7376000000293;993.3044000000045;982.8360999999989;982.8360999999989;996.9024000000172;993.3044000000045;995.8200000000232;993.3044000000045;990.1424000000006;990.1424000000006;990.1424000000006;990.1424000000006;978.4350999999986;990.1424000000006;982.3959999999988;993.3044000000045;
2257.0000000000114;994.7376000000293;993.3044000000045;982.8360999999989;982.8360999999989;996.9024000000172;993.3044000000045;995.8200000000232;993.3044000000045;990.1424000000006;990.1424000000006;990.1424000000006;990.1424000000006;978.4350999999986;990.1424000000006;982.3959999999988;993.3044000000045;
2258.0000000000114;994.7376000000293;993.3044000000045;982.8360999999989;982.8360999999989;996.9024000000172;993.3044000000045;995.8200000000232;993.3044000000045;990.1424000000006;990.1424000000006;990.1424000000006;990.1424000000006;978.4350999999986;990.1424000000006;982.3959999999988;993.3044000000045;
2259.0000000000114;994.7376000000293;993.3044000000045;982.8360999999989;982.8360999999989;996.9024000000172;993.3044000000045;995.8200000000232;993.3044000000045;990.1424000000006;990.1424000000006;990.1424000000006;990.1424000000006;978.4350999999986;990.1424000000006;982.3959999999988;993.3044000000045;
2260.0000000000114;994.7376000000293;993.3044000000045;982.8360999999989;982.8360999999989;996.9024000000172;993.3044000000045;995.8200000000232;993.3044000000045;990.1424000000006;990.1424000000006;990.1424000000006;990.1424000000006;978.4350999999986;990.1424000000006;982.3959999999988;993.3044000000045;
2261.0000000000114;994.7376000000293;993.3044000000045;982.8360999999989;982.8360999999989;996.9024000000172;993.3044000000045;995.8200000000232;993.3044000000045;990.1424000000006;990.1424000000006;990.1424000000006;990.1424000000006;978.4350999999986;990.1424000000006;982.3959999999988;993.3044000000045;
2262.0000000000114;994.7376000000293;993.3044000000045;982.8360999999989;982.8360999999989;996.9024000000172;993.3044000000045;995.8200000000232;993.3044000000045;990.1424000000006;990.1424000000006;990.1424000000006;990.1424000000006;978.4350999999986;990.1424000000006;982.3959999999988;993.3044000000045;
2263.0000000000114;994.7376000000293;993.3044000000045;982.8360999999989;982.8360999999989;996.9024000000172;993.3044000000045;995.8200000000232;993.3044000000045;990.1424000000006;990.1424000000006;990.1424000000006;990.1424000000006;978.4350999999986;990.1424000000006;982.3959999999988;993.3044000000045;
2264.0000000000114;994.7376000000293;993.3044000000045;982.8360999999989;982.8360999999989;996.9024000000172;993.3044000000045;995.8200000000232;993.3044000000045;990.1424000000006;990.1424000000006;990.1424000000006;990.1424000000006;978.4350999999986;990.1424000000006;982.3959999999988;993.3044000000045;
2265.0000000000114;994.7376000000293;993.3044000000045;982.8360999999989;982.8360999999989;996.9024000000172;993.3044000000045;995.8200000000232;993.3044000000045;990.1424000000006;990.1424000000006;990.1424000000006;990.1424000000006;978.4350999999986;990.1424000000006;982.3959999999988;993.3044000000045;
2266.0000000000114;994.7376000000293;993.3044000000045;982.8360999999989;982.8360999999989;996.9024000000172;993.3044000000045;995.8200000000232;993.3044000000045;990.1424000000006;990.1424000000006;990.1424000000006;990.1424000000006;978.4350999999986;990.1424000000006;982.3959999999988;993.3044000000045;
2267.0000000000114;994.7376000000293;993.3044000000045;982.8360999999989;982.8360999999989;996.9024000000172;993.3044000000045;995.8200000000232;993.3044000000045;990.1424000000006;990.1424000000006;990.1424000000006;990.1424000000006;978.4350999999986;990.1424000000006;982.3959999999988;993.3044000000045;
2268.0000000000114;994.7376000000293;993.3044000000045;982.8360999999989;982.8360999999989;996.9024000000172;993.3044000000045;995.8200000000232;993.3044000000045;990.1424000000006;990.1424000000006;990.1424000000006;990.1424000000006;978.4350999999986;990.1424000000006;982.3959999999988;993.3044000000045;
2269.0000000000114;994.7376000000293;993.3044000000045;982.8360999999989;982.8360999999989;996.9024000000172;993.3044000000045;995.8200000000232;993.3044000000045;990.1424000000006;990.1424000000006;990.1424000000006;990.1424000000006;978.4350999999986;990.1424000000006;982.3959999999988;993.3044000000045;
2270.0000000000114;994.7376000000293;993.3044000000045;982.8360999999989;982.8360999999989;996.9024000000172;993.3044000000045;995.8200000000232;993.3044000000045;990.1424000000006;990.1424000000006;990.1424000000006;990.1424000000006;978.4350999999986;990.1424000000006;982.3959999999988;993.3044000000045;
2271.0000000000114;994.7376000000293;993.3044000000045;982.8360999999989;982.8360999999989;996.9024000000172;993.3044000000045;995.8200000000232;993.3044000000045;990.1424000000006;990.1424000000006;990.1424000000006;990.1424000000006;978.4350999999986;990.1424000000006;982.3959999999988;993.3044000000045;
2272.0000000000114;994.7376000000293;993.3044000000045;982.8360999999989;982.8360999999989;996.9024000000172;993.3044000000045;995.8200000000232;993.3044000000045;990.1424000000006;990.1424000000006;990.1424000000006;990.1424000000006;978.4350999999986;990.1424000000006;982.3959999999988;993.3044000000045;
2273.0000000000114;994.7376000000293;993.3044000000045;982.8360999999989;982.8360999999989;996.9024000000172;993.3044000000045;995.8200000000232;993.3044000000045;990.1424000000006;990.1424000000006;990.1424000000006;990.1424000000006;978.4350999999986;990.1424000000006;982.3959999999988;993.3044000000045;
2274.0000000000114;994.7376000000293;993.3044000000045;982.8360999999989;982.8360999999989;996.9024000000172;993.3044000000045;995.8200000000232;993.3044000000045;990.1424000000006;990.1424000000006;990.1424000000006;990.1424000000006;978.4350999999986;990.1424000000006;982.3959999999988;993.3044000000045;
2275.0000000000114;994.7376000000293;993.3044000000045;982.8360999999989;982.8360999999989;996.9024000000172;993.3044000000045;995.8200000000232;993.3044000000045;990.1424000000006;990.1424000000006;990.1424000000006;990.1424000000006;978.4350999999986;990.1424000000006;982.3959999999988;993.3044000000045;
2276.0000000000114;994.7376000000293;993.3044000000045;982.8360999999989;982.8360999999989;996.9024000000172;993.3044000000045;995.8200000000232;993.3044000000045;990.1424000000006;990.1424000000006;990.1424000000006;990.1424000000006;978.4350999999986;990.1424000000006;982.3959999999988;993.3044000000045;
2277.0000000000114;994.7376000000293;993.3044000000045;982.8360999999989;982.8360999999989;996.9024000000172;993.3044000000045;995.8200000000232;993.3044000000045;990.1424000000006;990.1424000000006;990.1424000000006;990.1424000000006;978.4350999999986;990.1424000000006;982.3959999999988;993.3044000000045;
2278.0000000000114;994.7376000000293;993.3044000000045;982.8360999999989;982.8360999999989;996.9024000000172;993.3044000000045;995.8200000000232;993.3044000000045;990.1424000000006;990.1424000000006;990.1424000000006;990.1424000000006;978.4350999999986;990.1424000000006;982.3959999999988;993.3044000000045;
2279.0000000000114;994.7376000000293;993.3044000000045;982.8360999999989;982.8360999999989;996.9024000000172;993.3044000000045;995.8200000000232;993.3044000000045;990.1424000000006;990.1424000000006;990.1424000000006;990.1424000000006;978.4350999999986;990.1424000000006;982.3959999999988;993.3044000000045;
2279.857205577917;994.7376000000293;993.3044000000045;982.8360999999989;982.8360999999989;996.9024000000172;993.3043000000046;995.8200000000232;993.3044000000045;990.1424000000006;990.1424000000006;990.1424000000006;990.1424000000006;978.4350999999986;990.1424000000006;982.3959999999988;993.3044000000045;
2279.857205577917;994.7376000000293;993.3044000000045;982.8360999999989;982.8360999999989;996.9024000000172;993.2163000000046;995.8200000000232;993.3044000000045;990.1424000000006;990.1424000000006;990.1424000000006;990.1424000000006;978.4350999999986;990.1424000000006;982.3959999999988;993.3044000000045;
2279.862521577917;994.7288000000293;993.3044000000045;982.8360999999989;982.8360999999989;996.9024000000172;993.2163000000046;995.8200000000232;993.3044000000045;990.1424000000006;990.1424000000006;990.1424000000006;990.1424000000006;978.4350999999986;990.1424000000006;982.3959999999988;993.3044000000045;
2279.862521577917;994.7200000000294;993.3044000000045;982.8360999999989;982.8360999999989;996.9024000000172;993.2163000000046;995.8200000000232;993.3044000000045;990.1424000000006;990.1424000000006;990.1424000000006;990.1424000000006;978.4350999999986;990.1424000000006;982.3959999999988;993.3044000000045;
2279.8678375779173;994.7200000000294;993.3044000000045;982.8360999999989;982.8360999999989;996.9024000000172;993.2163000000046;995.8112000000233;993.3044000000045;990.1424000000006;990.1424000000006;990.1424000000006;990.1424000000006;978.4350999999986;990.1424000000006;982.3959999999988;993.3044000000045;
2279.879158243586;994.7200000000294;993.3044000000045;982.8359999999989;982.8360999999989;996.9024000000172;993.2163000000046;995.8112000000233;993.3044000000045;990.1424000000006;990.1424000000006;990.1424000000006;990.1424000000006;978.4350999999986;990.1424000000006;982.3959999999988;993.3044000000045;
2279.879158243586;994.7200000000294;993.3044000000045;982.3959999999988;982.8360999999989;996.9024000000172;993.2163000000046;995.8112000000233;993.3044000000045;990.1424000000006;990.1424000000006;990.1424000000006;990.1424000000006;978.4350999999986;990.1424000000006;982.3959999999988;993.3044000000045;
2279.8844742435863;994.7112000000294;993.3044000000045;982.3959999999988;982.8360999999989;996.9024000000172;993.2163000000046;995.8112000000233;993.3044000000045;990.1424000000006;990.1424000000006;990.1424000000006;990.1424000000006;978.4350999999986;990.1424000000006;982.3959999999988;993.3044000000045;
2279.9532428651855;994.7112000000294;993.3044000000045;982.3959999999988;982.8359999999989;996.9024000000172;993.2163000000046;995.8112000000233;993.3044000000045;990.1424000000006;990.1424000000006;990.1424000000006;990.1424000000006;978.4350999999986;990.1424000000006;982.3959999999988;993.3044000000045;
2279.9532428651855;994.7112000000294;993.3044000000045;982.3959999999988;982.3959999999988;996.9024000000172;993.2163000000046;995.8112000000233;993.3044000000045;990.1424000000006;990.1424000000006;990.1424000000006;990.1424000000006;978.4350999999986;990.1424000000006;982.3959999999988;993.3044000000045;
2279.9585588651858;994.7112000000294;993.3044000000045;982.3959999999988;982.3959999999988;996.8936000000173;993.2163000000046;995.8112000000233;993.3044000000045;990.1424000000006;990.1424000000006;990.1424000000006;990.1424000000006;978.4350999999986;990.1424000000006;982.3959999999988;993.3044000000045;
2279.9585588651858;994.7112000000294;993.3044000000045;982.3959999999988;982.3959999999988;996.8848000000173;993.2163000000046;995.8112000000233;993.3044000000045;990.1424000000006;990.1424000000006;990.1424000000006;990.1424000000006;978.4350999999986;990.1424000000006;982.3959999999988;993.3044000000045;
2280.8625449177716;994.6936000000295;993.2163000000046;982.3959999999988;982.3959999999988;996.8760000000174;993.2163000000046;995.8024000000233;993.2163000000046;990.1424000000006;990.1424000000006;990.1424000000006;990.1424000000006;977.9949999999985;990.1424000000006;982.3959999999988;993.2163000000046;
2281.862568257625;994.6848000000296;993.2163000000046;982.3959999999988;982.3959999999988;996.8672000000174;993.2163000000046;995.7848000000234;993.2163000000046;990.1424000000006;990.1424000000006;990.1424000000006;990.1424000000006;977.9949999999985;990.1424000000006;982.3959999999988;993.2163000000046;
2282.862591597478;994.6760000000296;993.2163000000046;982.3959999999988;982.3959999999988;996.8672000000174;993.2163000000046;995.7760000000235;993.2163000000046;990.1424000000006;990.1424000000006;990.1424000000006;990.1424000000006;977.9949999999985;990.1424000000006;982.3959999999988;993.2163000000046;
2282.862591597478;994.6672000000297;993.2163000000046;982.3959999999988;982.3959999999988;996.8672000000174;993.2163000000046;995.7760000000235;993.2163000000046;990.1424000000006;990.1424000000006;990.1424000000006;990.1424000000006;977.9949999999985;990.1424000000006;982.3959999999988;993.2163000000046;
2283.8626149373313;994.6672000000297;993.2163000000046;982.3959999999988;982.3959999999988;996.8672000000174;993.2163000000046;995.7672000000235;993.2163000000046;990.1424000000006;990.1424000000006;990.1424000000006;990.1424000000006;977.9949999999985;990.1424000000006;982.3959999999988;993.2163000000046;
2285.000000000013;994.6672000000297;993.2163000000046;982.3959999999988;982.3959999999988;996.8672000000174;993.2163000000046;995.7672000000235;993.2163000000046;990.1424000000006;990.1424000000006;990.1424000000006;990.1424000000006;977.9949999999985;990.1424000000006;982.3959999999988;993.2163000000046;
2286.000000000013;994.6672000000297;993.2163000000046;982.3959999999988;982.3959999999988;996.8672000000174;993.2163000000046;995.7672000000235;993.2163000000046;990.1424000000006;990.1424000000006;990.1424000000006;990.1424000000006;977.9949999999985;990.1424000000006;982.3959999999988;993.2163000000046;
2287.000000000013;994.6672000000297;993.2163000000046;982.3959999999988;982.3959999999988;996.8672000000174;993.2163000000046;995.7672000000235;993.2163000000046;990.1424000000006;990.1424000000006;990.1424000000006;990.1424000000006;977.9949999999985;990.1424000000006;982.3959999999988;993.2163000000046;
2288.000000000013;994.6672000000297;993.2163000000046;982.3959999999988;982.3959999999988;996.8672000000174;993.2163000000046;995.7672000000235;993.2163000000046;990.1424000000006;990.1424000000006;990.1424000000006;990.1424000000006;977.9949999999985;990.1424000000006;982.3959999999988;993.2163000000046;
2289.000000000013;994.6672000000297;993.2163000000046;982.3959999999988;982.3959999999988;996.8672000000174;993.2163000000046;995.7672000000235;993.2163000000046;990.1424000000006;990.1424000000006;990.1424000000006;990.1424000000006;977.9949999999985;990.1424000000006;982.3959999999988;993.2163000000046;
2290.000000000013;994.6672000000297;993.2163000000046;982.3959999999988;982.3959999999988;996.8672000000174;993.2163000000046;995.7672000000235;993.2163000000046;990.1424000000006;990.1424000000006;990.1424000000006;990.1424000000006;977.9949999999985;990.1424000000006;982.3959999999988;993.2163000000046;
2291.000000000013;994.6672000000297;993.2163000000046;982.3959999999988;982.3959999999988;996.8672000000174;993.2163000000046;995.7672000000235;993.2163000000046;990.1424000000006;990.1424000000006;990.1424000000006;990.1424000000006;977.9949999999985;990.1424000000006;982.3959999999988;993.2163000000046;
2292.000000000013;994.6672000000297;993.2163000000046;982.3959999999988;982.3959999999988;996.8672000000174;993.2163000000046;995.7672000000235;993.2163000000046;990.1424000000006;990.1424000000006;990.1424000000006;990.1424000000006;977.9949999999985;990.1424000000006;982.3959999999988;993.2163000000046;
2293.000000000013;994.6672000000297;993.2163000000046;982.3959999999988;982.3959999999988;996.8672000000174;993.2163000000046;995.7672000000235;993.2163000000046;990.1424000000006;990.1424000000006;990.1424000000006;990.1424000000006;977.9949999999985;990.1424000000006;982.3959999999988;993.2163000000046;
2294.000000000013;994.6672000000297;993.2163000000046;982.3959999999988;982.3959999999988;996.8672000000174;993.2163000000046;995.7672000000235;993.2163000000046;990.1424000000006;990.1424000000006;990.1424000000006;990.1424000000006;977.9949999999985;990.1424000000006;982.3959999999988;993.2163000000046;
2295.000000000013;994.6672000000297;993.2163000000046;982.3959999999988;982.3959999999988;996.8672000000174;993.2163000000046;995.7672000000235;993.2163000000046;990.1424000000006;990.1424000000006;990.1424000000006;990.1424000000006;977.9949999999985;990.1424000000006;982.3959999999988;993.2163000000046;
2296.000000000013;994.6672000000297;993.2163000000046;982.3959999999988;982.3959999999988;996.8672000000174;993.2163000000046;995.7672000000235;993.2163000000046;990.1424000000006;990.1424000000006;990.1424000000006;990.1424000000006;977.9949999999985;990.1424000000006;982.3959999999988;993.2163000000046;
2297.000000000013;994.6672000000297;993.2163000000046;982.3959999999988;982.3959999999988;996.8672000000174;993.2163000000046;995.7672000000235;993.2163000000046;990.1424000000006;990.1424000000006;990.1424000000006;990.1424000000006;977.9949999999985;990.1424000000006;982.3959999999988;993.2163000000046;
2298.000000000013;994.6672000000297;993.2163000000046;982.3959999999988;982.3959999999988;996.8672000000174;993.2163000000046;995.7672000000235;993.2163000000046;990.1424000000006;990.1424000000006;990.1424000000006;990.1424000000006;977.9949999999985;990.1424000000006;982.3959999999988;993.2163000000046;
2299.000000000013;994.6672000000297;993.2163000000046;982.3959999999988;982.3959999999988;996.8672000000174;993.2163000000046;995.7672000000235;993.2163000000046;990.1424000000006;990.1424000000006;990.1424000000006;990.1424000000006;977.9949999999985;990.1424000000006;982.3959999999988;993.2163000000046;
2300.000000000013;994.6672000000297;993.2163000000046;982.3959999999988;982.3959999999988;996.8672000000174;993.2163000000046;995.7672000000235;993.2163000000046;990.1424000000006;990.1424000000006;990.1424000000006;990.1424000000006;977.9949999999985;990.1424000000006;982.3959999999988;993.2163000000046;
2301.000000000013;994.6672000000297;993.2163000000046;982.3959999999988;982.3959999999988;996.8672000000174;993.2163000000046;995.7672000000235;993.2163000000046;990.1424000000006;990.1424000000006;990.1424000000006;990.1424000000006;977.9949999999985;990.1424000000006;982.3959999999988;993.2163000000046;
2302.000000000013;994.6672000000297;993.2163000000046;982.3959999999988;982.3959999999988;996.8672000000174;993.2163000000046;995.7672000000235;993.2163000000046;990.1424000000006;990.1424000000006;990.1424000000006;990.1424000000006;977.9949999999985;990.1424000000006;982.3959999999988;993.2163000000046;
2303.000000000013;994.6672000000297;993.2163000000046;982.3959999999988;982.3959999999988;996.8672000000174;993.2163000000046;995.7672000000235;993.2163000000046;990.1424000000006;990.1424000000006;990.1424000000006;990.1424000000006;977.9949999999985;990.1424000000006;982.3959999999988;993.2163000000046;
2304.000000000013;994.6672000000297;993.2163000000046;982.3959999999988;982.3959999999988;996.8672000000174;993.2163000000046;995.7672000000235;993.2163000000046;990.1424000000006;990.1424000000006;990.1424000000006;990.1424000000006;977.9949999999985;990.1424000000006;982.3959999999988;993.2163000000046;
2305.000000000013;994.6672000000297;993.2163000000046;982.3959999999988;982.3959999999988;996.8672000000174;993.2163000000046;995.7672000000235;993.2163000000046;990.1424000000006;990.1424000000006;990.1424000000006;990.1424000000006;977.9949999999985;990.1424000000006;982.3959999999988;993.2163000000046;
2306.000000000013;994.6672000000297;993.2163000000046;982.3959999999988;982.3959999999988;996.8672000000174;993.2163000000046;995.7672000000235;993.2163000000046;990.1424000000006;990.1424000000006;990.1424000000006;990.1424000000006;977.9949999999985;990.1424000000006;982.3959999999988;993.2163000000046;
2307.000000000013;994.6672000000297;993.2163000000046;982.3959999999988;982.3959999999988;996.8672000000174;993.2163000000046;995.7672000000235;993.2163000000046;990.1424000000006;990.1424000000006;990.1424000000006;990.1424000000006;977.9949999999985;990.1424000000006;982.3959999999988;993.2163000000046;
2308.000000000013;994.6672000000297;993.2163000000046;982.3959999999988;982.3959999999988;996.8672000000174;993.2163000000046;995.7672000000235;993.2163000000046;990.1424000000006;990.1424000000006;990.1424000000006;990.1424000000006;977.9949999999985;990.1424000000006;982.3959999999988;993.2163000000046;
2309.000000000013;994.6672000000297;993.2163000000046;982.3959999999988;982.3959999999988;996.8672000000174;993.2163000000046;995.7672000000235;993.2163000000046;990.1424000000006;990.1424000000006;990.1424000000006;990.1424000000006;977.9949999999985;990.1424000000006;982.3959999999988;993.2163000000046;
2309.855311267775;994.6672000000297;993.2163000000046;982.3959999999988;982.3959999999988;996.8672000000174;993.2162000000046;995.7672000000235;993.2163000000046;990.1424000000006;990.1424000000006;990.1424000000006;990.1424000000006;977.9949999999985;990.1424000000006;982.3959999999988;993.2163000000046;
2309.855311267775;994.6672000000297;993.2163000000046;982.3959999999988;982.3959999999988;996.8672000000174;993.1282000000047;995.7672000000235;993.2163000000046;990.1424000000006;990.1424000000006;990.1424000000006;990.1424000000006;977.9949999999985;990.1424000000006;982.3959999999988;993.2163000000046;
2309.8606272677753;994.6584000000297;993.2163000000046;982.3959999999988;982.3959999999988;996.8672000000174;993.1282000000047;995.7672000000235;993.2163000000046;990.1424000000006;990.1424000000006;990.1424000000006;990.1424000000006;977.9949999999985;990.1424000000006;982.3959999999988;993.2163000000046;
2309.8606272677753;994.6496000000297;993.2163000000046;982.3959999999988;982.3959999999988;996.8672000000174;993.1282000000047;995.7672000000235;993.2163000000046;990.1424000000006;990.1424000000006;990.1424000000006;990.1424000000006;977.9949999999985;990.1424000000006;982.3959999999988;993.2163000000046;
2309.8659432677755;994.6496000000297;993.2163000000046;982.3959999999988;982.3959999999988;996.8672000000174;993.1282000000047;995.7584000000236;993.2163000000046;990.1424000000006;990.1424000000006;990.1424000000006;990.1424000000006;977.9949999999985;990.1424000000006;982.3959999999988;993.2163000000046;
2309.96101899049;994.6496000000297;993.2163000000046;982.3959999999988;982.3959999999988;996.8672000000174;993.1282000000047;995.7584000000236;993.2162000000046;990.1424000000006;990.1424000000006;990.1424000000006;990.1424000000006;977.9949999999985;990.1424000000006;982.3959999999988;993.2163000000046;
2309.96101899049;994.6496000000297;993.2163000000046;982.3959999999988;982.3959999999988;996.8672000000174;993.1282000000047;995.7584000000236;993.1282000000047;990.1424000000006;990.1424000000006;990.1424000000006;990.1424000000006;977.9949999999985;990.1424000000006;982.3959999999988;993.2163000000046;
2309.964836513924;994.6496000000297;993.2163000000046;982.3959999999988;982.3959999999988;996.8672000000174;993.1282000000047;995.7584000000236;993.1282000000047;990.1424000000006;990.1424000000006;990.1424000000006;990.1424000000006;977.9948999999986;990.1424000000006;982.3959999999988;993.2163000000046;
2309.964836513924;994.6496000000297;993.2163000000046;982.3959999999988;982.3959999999988;996.8672000000174;993.1282000000047;995.7584000000236;993.1282000000047;990.1424000000006;990.1424000000006;990.1424000000006;990.1424000000006;977.5548999999985;990.1424000000006;982.3959999999988;993.2163000000046;
2309.96633499049;994.6408000000298;993.2163000000046;982.3959999999988;982.3959999999988;996.8672000000174;993.1282000000047;995.7584000000236;993.1282000000047;990.1424000000006;990.1424000000006;990.1424000000006;990.1424000000006;977.5548999999985;990.1424000000006;982.3959999999988;993.2163000000046;
2309.970152513924;994.6408000000298;993.2163000000046;982.3959999999988;982.3959999999988;996.8584000000175;993.1282000000047;995.7584000000236;993.1282000000047;990.1424000000006;990.1424000000006;990.1424000000006;990.1424000000006;977.5548999999985;990.1424000000006;982.3959999999988;993.2163000000046;
2309.970152513924;994.6408000000298;993.2163000000046;982.3959999999988;982.3959999999988;996.8496000000175;993.1282000000047;995.7584000000236;993.1282000000047;990.1424000000006;990.1424000000006;990.1424000000006;990.1424000000006;977.5548999999985;990.1424000000006;982.3959999999988;993.2163000000046;
2310.025358516517;994.6408000000298;993.2163000000046;982.3959999999988;982.3959999999988;996.8496000000175;993.1282000000047;995.7496000000236;993.1282000000047;990.1424000000006;990.1424000000006;990.1424000000006;990.1424000000006;977.5548999999985;990.1424000000006;982.3959999999988;993.2162000000046;
2310.860650607629;994.6320000000298;993.1282000000047;982.3959999999988;982.3959999999988;996.8408000000176;993.1282000000047;995.7496000000236;993.1282000000047;990.1424000000006;990.1424000000006;990.1424000000006;990.1424000000006;977.5548999999985;990.1424000000006;981.9558999999988;993.1282000000047;
2311.8606739474826;994.6232000000299;993.1282000000047;982.3959999999988;982.3959999999988;996.8320000000176;993.1282000000047;995.7320000000237;993.1282000000047;990.1424000000006;990.1424000000006;990.1424000000006;990.1424000000006;977.5548999999985;990.1424000000006;981.9558999999988;993.1282000000047;
2312.860697287336;994.61440000003;993.1282000000047;982.3959999999988;982.3959999999988;996.8320000000176;993.1282000000047;995.7232000000238;993.1282000000047;990.1424000000006;990.1424000000006;990.1424000000006;990.1424000000006;977.5548999999985;990.1424000000006;981.9558999999988;993.1282000000047;
2313.0000000000146;994.61440000003;993.1282000000047;982.3959999999988;982.3959999999988;996.8320000000176;993.1282000000047;995.7232000000238;993.1282000000047;990.1424000000006;990.1424000000006;990.1424000000006;990.1424000000006;977.5548999999985;990.1424000000006;981.9558999999988;993.1282000000047;
2314.0000000000146;994.61440000003;993.1282000000047;982.3959999999988;982.3959999999988;996.8320000000176;993.1282000000047;995.7232000000238;993.1282000000047;990.1424000000006;990.1424000000006;990.1424000000006;990.1424000000006;977.5548999999985;990.1424000000006;981.9558999999988;993.1282000000047;
2315.0000000000146;994.61440000003;993.1282000000047;982.3959999999988;982.3959999999988;996.8320000000176;993.1282000000047;995.7232000000238;993.1282000000047;990.1424000000006;990.1424000000006;990.1424000000006;990.1424000000006;977.5548999999985;990.1424000000006;981.9558999999988;993.1282000000047;
2316.0000000000146;994.61440000003;993.1282000000047;982.3959999999988;982.3959999999988;996.8320000000176;993.1282000000047;995.7232000000238;993.1282000000047;990.1424000000006;990.1424000000006;990.1424000000006;990.1424000000006;977.5548999999985;990.1424000000006;981.9558999999988;993.1282000000047;
2317.0000000000146;994.61440000003;993.1282000000047;982.3959999999988;982.3959999999988;996.8320000000176;993.1282000000047;995.7232000000238;993.1282000000047;990.1424000000006;990.1424000000006;990.1424000000006;990.1424000000006;977.5548999999985;990.1424000000006;981.9558999999988;993.1282000000047;
2318.0000000000146;994.61440000003;993.1282000000047;982.3959999999988;982.3959999999988;996.8320000000176;993.1282000000047;995.7232000000238;993.1282000000047;990.1424000000006;990.1424000000006;990.1424000000006;990.1424000000006;977.5548999999985;990.1424000000006;981.9558999999988;993.1282000000047;
2319.0000000000146;994.61440000003;993.1282000000047;982.3959999999988;982.3959999999988;996.8320000000176;993.1282000000047;995.7232000000238;993.1282000000047;990.1424000000006;990.1424000000006;990.1424000000006;990.1424000000006;977.5548999999985;990.1424000000006;981.9558999999988;993.1282000000047;
2320.0000000000146;994.61440000003;993.1282000000047;982.3959999999988;982.3959999999988;996.8320000000176;993.1282000000047;995.7232000000238;993.1282000000047;990.1424000000006;990.1424000000006;990.1424000000006;990.1424000000006;977.5548999999985;990.1424000000006;981.9558999999988;993.1282000000047;
2321.0000000000146;994.61440000003;993.1282000000047;982.3959999999988;982.3959999999988;996.8320000000176;993.1282000000047;995.7232000000238;993.1282000000047;990.1424000000006;990.1424000000006;990.1424000000006;990.1424000000006;977.5548999999985;990.1424000000006;981.9558999999988;993.1282000000047;
2322.0000000000146;994.61440000003;993.1282000000047;982.3959999999988;982.3959999999988;996.8320000000176;993.1282000000047;995.7232000000238;993.1282000000047;990.1424000000006;990.1424000000006;990.1424000000006;990.1424000000006;977.5548999999985;990.1424000000006;981.9558999999988;993.1282000000047;
2323.0000000000146;994.61440000003;993.1282000000047;982.3959999999988;982.3959999999988;996.8320000000176;993.1282000000047;995.7232000000238;993.1282000000047;990.1424000000006;990.1424000000006;990.1424000000006;990.1424000000006;977.5548999999985;990.1424000000006;981.9558999999988;993.1282000000047;
2324.0000000000146;994.61440000003;993.1282000000047;982.3959999999988;982.3959999999988;996.8320000000176;993.1282000000047;995.7232000000238;993.1282000000047;990.1424000000006;990.1424000000006;990.1424000000006;990.1424000000006;977.5548999999985;990.1424000000006;981.9558999999988;993.1282000000047;
2325.0000000000146;994.61440000003;993.1282000000047;982.3959999999988;982.3959999999988;996.8320000000176;993.1282000000047;995.7232000000238;993.1282000000047;990.1424000000006;990.1424000000006;990.1424000000006;990.1424000000006;977.5548999999985;990.1424000000006;981.9558999999988;993.1282000000047;
2326.0000000000146;994.61440000003;993.1282000000047;982.3959999999988;982.3959999999988;996.8320000000176;993.1282000000047;995.7232000000238;993.1282000000047;990.1424000000006;990.1424000000006;990.1424000000006;990.1424000000006;977.5548999999985;990.1424000000006;981.9558999999988;993.1282000000047;
2327.0000000000146;994.61440000003;993.1282000000047;982.3959999999988;982.3959999999988;996.8320000000176;993.1282000000047;995.7232000000238;993.1282000000047;990.1424000000006;990.1424000000006;990.1424000000006;990.1424000000006;977.5548999999985;990.1424000000006;981.9558999999988;993.1282000000047;
2328.0000000000146;994.61440000003;993.1282000000047;982.3959999999988;982.3959999999988;996.8320000000176;993.1282000000047;995.7232000000238;993.1282000000047;990.1424000000006;990.1424000000006;990.1424000000006;990.1424000000006;977.5548999999985;990.1424000000006;981.9558999999988;993.1282000000047;
2329.0000000000146;994.61440000003;993.1282000000047;982.3959999999988;982.3959999999988;996.8320000000176;993.1282000000047;995.7232000000238;993.1282000000047;990.1424000000006;990.1424000000006;990.1424000000006;990.1424000000006;977.5548999999985;990.1424000000006;981.9558999999988;993.1282000000047;
2330.0000000000146;994.61440000003;993.1282000000047;982.3959999999988;982.3959999999988;996.8320000000176;993.1282000000047;995.7232000000238;993.1282000000047;990.1424000000006;990.1424000000006;990.1424000000006;990.1424000000006;977.5548999999985;990.1424000000006;981.9558999999988;993.1282000000047;
2331.0000000000146;994.61440000003;993.1282000000047;982.3959999999988;982.3959999999988;996.8320000000176;993.1282000000047;995.7232000000238;993.1282000000047;990.1424000000006;990.1424000000006;990.1424000000006;990.1424000000006;977.5548999999985;990.1424000000006;981.9558999999988;993.1282000000047;
2332.0000000000146;994.61440000003;993.1282000000047;982.3959999999988;982.3959999999988;996.8320000000176;993.1282000000047;995.7232000000238;993.1282000000047;990.1424000000006;990.1424000000006;990.1424000000006;990.1424000000006;977.5548999999985;990.1424000000006;981.9558999999988;993.1282000000047;
2333.0000000000146;994.61440000003;993.1282000000047;982.3959999999988;982.3959999999988;996.8320000000176;993.1282000000047;995.7232000000238;993.1282000000047;990.1424000000006;990.1424000000006;990.1424000000006;990.1424000000006;977.5548999999985;990.1424000000006;981.9558999999988;993.1282000000047;
2334.0000000000146;994.61440000003;993.1282000000047;982.3959999999988;982.3959999999988;996.8320000000176;993.1282000000047;995.7232000000238;993.1282000000047;990.1424000000006;990.1424000000006;990.1424000000006;990.1424000000006;977.5548999999985;990.1424000000006;981.9558999999988;993.1282000000047;
2335.0000000000146;994.61440000003;993.1282000000047;982.3959999999988;982.3959999999988;996.8320000000176;993.1282000000047;995.7232000000238;993.1282000000047;990.1424000000006;990.1424000000006;990.1424000000006;990.1424000000006;977.5548999999985;990.1424000000006;981.9558999999988;993.1282000000047;
2336.0000000000146;994.61440000003;993.1282000000047;982.3959999999988;982.3959999999988;996.8320000000176;993.1282000000047;995.7232000000238;993.1282000000047;990.1424000000006;990.1424000000006;990.1424000000006;990.1424000000006;977.5548999999985;990.1424000000006;981.9558999999988;993.1282000000047;
2337.0000000000146;994.61440000003;993.1282000000047;982.3959999999988;982.3959999999988;996.8320000000176;993.1282000000047;995.7232000000238;993.1282000000047;990.1424000000006;990.1424000000006;990.1424000000006;990.1424000000006;977.5548999999985;990.1424000000006;981.9558999999988;993.1282000000047;
2338.0000000000146;994.61440000003;993.1282000000047;982.3959999999988;982.3959999999988;996.8320000000176;993.1282000000047;995.7232000000238;993.1282000000047;990.1424000000006;990.1424000000006;990.1424000000006;990.1424000000006;977.5548999999985;990.1424000000006;981.9558999999988;993.1282000000047;
2339.0000000000146;994.61440000003;993.1282000000047;982.3959999999988;982.3959999999988;996.8320000000176;993.1282000000047;995.7232000000238;993.1282000000047;990.1424000000006;990.1424000000006;990.1424000000006;990.1424000000006;977.5548999999985;990.1424000000006;981.9558999999988;993.1282000000047;
2339.853416957633;994.61440000003;993.1282000000047;982.3959999999988;982.3959999999988;996.8320000000176;993.1281000000047;995.7232000000238;993.1282000000047;990.1424000000006;990.1424000000006;990.1424000000006;990.1424000000006;977.5548999999985;990.1424000000006;981.9558999999988;993.1282000000047;
2339.853416957633;994.61440000003;993.1282000000047;982.3959999999988;982.3959999999988;996.8320000000176;993.0401000000047;995.7232000000238;993.1282000000047;990.1424000000006;990.1424000000006;990.1424000000006;990.1424000000006;977.5548999999985;990.1424000000006;981.9558999999988;993.1282000000047;
2339.858732957633;994.60560000003;993.1282000000047;982.3959999999988;982.3959999999988;996.8320000000176;993.0401000000047;995.7232000000238;993.1282000000047;990.1424000000006;990.1424000000006;990.1424000000006;990.1424000000006;977.5548999999985;990.1424000000006;981.9558999999988;993.1282000000047;
2339.858732957633;994.59680000003;993.1282000000047;982.3959999999988;982.3959999999988;996.8320000000176;993.0401000000047;995.7232000000238;993.1282000000047;990.1424000000006;990.1424000000006;990.1424000000006;990.1424000000006;977.5548999999985;990.1424000000006;981.9558999999988;993.1282000000047;
2339.8640489576333;994.59680000003;993.1282000000047;982.3959999999988;982.3959999999988;996.8320000000176;993.0401000000047;995.7144000000238;993.1282000000047;990.1424000000006;990.1424000000006;990.1424000000006;990.1424000000006;977.5548999999985;990.1424000000006;981.9558999999988;993.1282000000047;
2339.8758135671205;994.59680000003;993.1282000000047;982.3958999999988;982.3959999999988;996.8320000000176;993.0401000000047;995.7144000000238;993.1282000000047;990.1424000000006;990.1424000000006;990.1424000000006;990.1424000000006;977.5548999999985;990.1424000000006;981.9558999999988;993.1282000000047;
2339.8758135671205;994.59680000003;993.1282000000047;981.9558999999988;982.3959999999988;996.8320000000176;993.0401000000047;995.7144000000238;993.1282000000047;990.1424000000006;990.1424000000006;990.1424000000006;990.1424000000006;977.5548999999985;990.1424000000006;981.9558999999988;993.1282000000047;
2339.8811295671208;994.5880000000301;993.1282000000047;981.9558999999988;982.3959999999988;996.8320000000176;993.0401000000047;995.7144000000238;993.1282000000047;990.1424000000006;990.1424000000006;990.1424000000006;990.1424000000006;977.5548999999985;990.1424000000006;981.9558999999988;993.1282000000047;
2339.95200576749;994.5880000000301;993.1282000000047;981.9558999999988;982.3958999999988;996.8320000000176;993.0401000000047;995.7144000000238;993.1282000000047;990.1424000000006;990.1424000000006;990.1424000000006;990.1424000000006;977.5548999999985;990.1424000000006;981.9558999999988;993.1282000000047;
2339.95200576749;994.5880000000301;993.1282000000047;981.9558999999988;981.9558999999988;996.8320000000176;993.0401000000047;995.7144000000238;993.1282000000047;990.1424000000006;990.1424000000006;990.1424000000006;990.1424000000006;977.5548999999985;990.1424000000006;981.9558999999988;993.1282000000047;
2339.95732176749;994.5880000000301;993.1282000000047;981.9558999999988;981.9558999999988;996.8232000000177;993.0401000000047;995.7144000000238;993.1282000000047;990.1424000000006;990.1424000000006;990.1424000000006;990.1424000000006;977.5548999999985;990.1424000000006;981.9558999999988;993.1282000000047;
2339.95732176749;994.5880000000301;993.1282000000047;981.9558999999988;981.9558999999988;996.8144000000177;993.0401000000047;995.7144000000238;993.1282000000047;990.1424000000006;990.1424000000006;990.1424000000006;990.1424000000006;977.5548999999985;990.1424000000006;981.9558999999988;993.1282000000047;
2340.8587562974867;994.5704000000302;993.0401000000047;981.9558999999988;981.9558999999988;996.8056000000178;993.0401000000047;995.7056000000239;993.0401000000047;990.1424000000006;990.1424000000006;990.1424000000006;990.1424000000006;977.1147999999985;990.1424000000006;981.9558999999988;993.0401000000047;
2340.8587562974867;994.5616000000302;993.0401000000047;981.9558999999988;981.9558999999988;996.8056000000178;993.0401000000047;995.7056000000239;993.0401000000047;990.1424000000006;990.1424000000006;990.1424000000006;990.1424000000006;977.1147999999985;990.1424000000006;981.9558999999988;993.0401000000047;
2341.8587796373404;994.5616000000302;993.0401000000047;981.9558999999988;981.9558999999988;996.7968000000178;993.0401000000047;995.688000000024;993.0401000000047;990.1424000000006;990.1424000000006;990.1424000000006;990.1424000000006;977.1147999999985;990.1424000000006;981.9558999999988;993.0401000000047;
2342.858802977194;994.5528000000303;993.0401000000047;981.9558999999988;981.9558999999988;996.7968000000178;993.0401000000047;995.679200000024;993.0401000000047;990.1424000000006;990.1424000000006;990.1424000000006;990.1424000000006;977.1147999999985;990.1424000000006;981.9558999999988;993.0401000000047;
2343.000000000017;994.5440000000303;993.0401000000047;981.9558999999988;981.9558999999988;996.7968000000178;993.0401000000047;995.6704000000241;993.0401000000047;990.1424000000006;990.1424000000006;990.1424000000006;990.1424000000006;977.1147999999985;990.1424000000006;981.9558999999988;993.0401000000047;
2343.8588263170477;994.5440000000303;993.0401000000047;981.9558999999988;981.9558999999988;996.7968000000178;993.0401000000047;995.6704000000241;993.0401000000047;990.1424000000006;990.1424000000006;990.1424000000006;990.1424000000006;977.1147999999985;990.1424000000006;981.9558999999988;993.0401000000047;
2345.000000000017;994.5440000000303;993.0401000000047;981.9558999999988;981.9558999999988;996.7968000000178;993.0401000000047;995.6704000000241;993.0401000000047;990.1424000000006;990.1424000000006;990.1424000000006;990.1424000000006;977.1147999999985;990.1424000000006;981.9558999999988;993.0401000000047;
2346.000000000017;994.5440000000303;993.0401000000047;981.9558999999988;981.9558999999988;996.7968000000178;993.0401000000047;995.6704000000241;993.0401000000047;990.1424000000006;990.1424000000006;990.1424000000006;990.1424000000006;977.1147999999985;990.1424000000006;981.9558999999988;993.0401000000047;
2347.000000000017;994.5440000000303;993.0401000000047;981.9558999999988;981.9558999999988;996.7968000000178;993.0401000000047;995.6704000000241;993.0401000000047;990.1424000000006;990.1424000000006;990.1424000000006;990.1424000000006;977.1147999999985;990.1424000000006;981.9558999999988;993.0401000000047;
2348.000000000017;994.5440000000303;993.0401000000047;981.9558999999988;981.9558999999988;996.7968000000178;993.0401000000047;995.6704000000241;993.0401000000047;990.1424000000006;990.1424000000006;990.1424000000006;990.1424000000006;977.1147999999985;990.1424000000006;981.9558999999988;993.0401000000047;
2349.000000000017;994.5440000000303;993.0401000000047;981.9558999999988;981.9558999999988;996.7968000000178;993.0401000000047;995.6704000000241;993.0401000000047;990.1424000000006;990.1424000000006;990.1424000000006;990.1424000000006;977.1147999999985;990.1424000000006;981.9558999999988;993.0401000000047;
2350.000000000017;994.5440000000303;993.0401000000047;981.9558999999988;981.9558999999988;996.7968000000178;993.0401000000047;995.6704000000241;993.0401000000047;990.1424000000006;990.1424000000006;990.1424000000006;990.1424000000006;977.1147999999985;990.1424000000006;981.9558999999988;993.0401000000047;
2351.000000000017;994.5440000000303;993.0401000000047;981.9558999999988;981.9558999999988;996.7968000000178;993.0401000000047;995.6704000000241;993.0401000000047;990.1424000000006;990.1424000000006;990.1424000000006;990.1424000000006;977.1147999999985;990.1424000000006;981.9558999999988;993.0401000000047;
2352.000000000017;994.5440000000303;993.0401000000047;981.9558999999988;981.9558999999988;996.7968000000178;993.0401000000047;995.6704000000241;993.0401000000047;990.1424000000006;990.1424000000006;990.1424000000006;990.1424000000006;977.1147999999985;990.1424000000006;981.9558999999988;993.0401000000047;
2353.000000000017;994.5440000000303;993.0401000000047;981.9558999999988;981.9558999999988;996.7968000000178;993.0401000000047;995.6704000000241;993.0401000000047;990.1424000000006;990.1424000000006;990.1424000000006;990.1424000000006;977.1147999999985;990.1424000000006;981.9558999999988;993.0401000000047;
2354.000000000017;994.5440000000303;993.0401000000047;981.9558999999988;981.9558999999988;996.7968000000178;993.0401000000047;995.6704000000241;993.0401000000047;990.1424000000006;990.1424000000006;990.1424000000006;990.1424000000006;977.1147999999985;990.1424000000006;981.9558999999988;993.0401000000047;
2355.000000000017;994.5440000000303;993.0401000000047;981.9558999999988;981.9558999999988;996.7968000000178;993.0401000000047;995.6704000000241;993.0401000000047;990.1424000000006;990.1424000000006;990.1424000000006;990.1424000000006;977.1147999999985;990.1424000000006;981.9558999999988;993.0401000000047;
2356.000000000017;994.5440000000303;993.0401000000047;981.9558999999988;981.9558999999988;996.7968000000178;993.0401000000047;995.6704000000241;993.0401000000047;990.1424000000006;990.1424000000006;990.1424000000006;990.1424000000006;977.1147999999985;990.1424000000006;981.9558999999988;993.0401000000047;
2357.000000000017;994.5440000000303;993.0401000000047;981.9558999999988;981.9558999999988;996.7968000000178;993.0401000000047;995.6704000000241;993.0401000000047;990.1424000000006;990.1424000000006;990.1424000000006;990.1424000000006;977.1147999999985;990.1424000000006;981.9558999999988;993.0401000000047;
2358.000000000017;994.5440000000303;993.0401000000047;981.9558999999988;981.9558999999988;996.7968000000178;993.0401000000047;995.6704000000241;993.0401000000047;990.1424000000006;990.1424000000006;990.1424000000006;990.1424000000006;977.1147999999985;990.1424000000006;981.9558999999988;993.0401000000047;
2359.000000000017;994.5440000000303;993.0401000000047;981.9558999999988;981.9558999999988;996.7968000000178;993.0401000000047;995.6704000000241;993.0401000000047;990.1424000000006;990.1424000000006;990.1424000000006;990.1424000000006;977.1147999999985;990.1424000000006;981.9558999999988;993.0401000000047;
2360.000000000017;994.5440000000303;993.0401000000047;981.9558999999988;981.9558999999988;996.7968000000178;993.0401000000047;995.6704000000241;993.0401000000047;990.1424000000006;990.1424000000006;990.1424000000006;990.1424000000006;977.1147999999985;990.1424000000006;981.9558999999988;993.0401000000047;
2361.000000000017;994.5440000000303;993.0401000000047;981.9558999999988;981.9558999999988;996.7968000000178;993.0401000000047;995.6704000000241;993.0401000000047;990.1424000000006;990.1424000000006;990.1424000000006;990.1424000000006;977.1147999999985;990.1424000000006;981.9558999999988;993.0401000000047;
2362.000000000017;994.5440000000303;993.0401000000047;981.9558999999988;981.9558999999988;996.7968000000178;993.0401000000047;995.6704000000241;993.0401000000047;990.1424000000006;990.1424000000006;990.1424000000006;990.1424000000006;977.1147999999985;990.1424000000006;981.9558999999988;993.0401000000047;
2363.000000000017;994.5440000000303;993.0401000000047;981.9558999999988;981.9558999999988;996.7968000000178;993.0401000000047;995.6704000000241;993.0401000000047;990.1424000000006;990.1424000000006;990.1424000000006;990.1424000000006;977.1147999999985;990.1424000000006;981.9558999999988;993.0401000000047;
2364.000000000017;994.5440000000303;993.0401000000047;981.9558999999988;981.9558999999988;996.7968000000178;993.0401000000047;995.6704000000241;993.0401000000047;990.1424000000006;990.1424000000006;990.1424000000006;990.1424000000006;977.1147999999985;990.1424000000006;981.9558999999988;993.0401000000047;
2365.000000000017;994.5440000000303;993.0401000000047;981.9558999999988;981.9558999999988;996.7968000000178;993.0401000000047;995.6704000000241;993.0401000000047;990.1424000000006;990.1424000000006;990.1424000000006;990.1424000000006;977.1147999999985;990.1424000000006;981.9558999999988;993.0401000000047;
2366.000000000017;994.5440000000303;993.0401000000047;981.9558999999988;981.9558999999988;996.7968000000178;993.0401000000047;995.6704000000241;993.0401000000047;990.1424000000006;990.1424000000006;990.1424000000006;990.1424000000006;977.1147999999985;990.1424000000006;981.9558999999988;993.0401000000047;
2367.000000000017;994.5440000000303;993.0401000000047;981.9558999999988;981.9558999999988;996.7968000000178;993.0401000000047;995.6704000000241;993.0401000000047;990.1424000000006;990.1424000000006;990.1424000000006;990.1424000000006;977.1147999999985;990.1424000000006;981.9558999999988;993.0401000000047;
2368.000000000017;994.5440000000303;993.0401000000047;981.9558999999988;981.9558999999988;996.7968000000178;993.0401000000047;995.6704000000241;993.0401000000047;990.1424000000006;990.1424000000006;990.1424000000006;990.1424000000006;977.1147999999985;990.1424000000006;981.9558999999988;993.0401000000047;
2369.000000000017;994.5440000000303;993.0401000000047;981.9558999999988;981.9558999999988;996.7968000000178;993.0401000000047;995.6704000000241;993.0401000000047;990.1424000000006;990.1424000000006;990.1424000000006;990.1424000000006;977.1147999999985;990.1424000000006;981.9558999999988;993.0401000000047;
2369.8515226474915;994.5440000000303;993.0401000000047;981.9558999999988;981.9558999999988;996.7968000000178;993.0400000000047;995.6704000000241;993.0401000000047;990.1424000000006;990.1424000000006;990.1424000000006;990.1424000000006;977.1147999999985;990.1424000000006;981.9558999999988;993.0401000000047;
2369.8515226474915;994.5440000000303;993.0401000000047;981.9558999999988;981.9558999999988;996.7968000000178;992.9520000000048;995.6704000000241;993.0401000000047;990.1424000000006;990.1424000000006;990.1424000000006;990.1424000000006;977.1147999999985;990.1424000000006;981.9558999999988;993.0401000000047;
2369.8568386474917;994.5352000000304;993.0401000000047;981.9558999999988;981.9558999999988;996.7968000000178;992.9520000000048;995.6704000000241;993.0401000000047;990.1424000000006;990.1424000000006;990.1424000000006;990.1424000000006;977.1147999999985;990.1424000000006;981.9558999999988;993.0401000000047;
2369.8568386474917;994.5264000000304;993.0401000000047;981.9558999999988;981.9558999999988;996.7968000000178;992.9520000000048;995.6704000000241;993.0401000000047;990.1424000000006;990.1424000000006;990.1424000000006;990.1424000000006;977.1147999999985;990.1424000000006;981.9558999999988;993.0401000000047;
2369.862154647492;994.5264000000304;993.0401000000047;981.9558999999988;981.9558999999988;996.7968000000178;992.9520000000048;995.6616000000241;993.0401000000047;990.1424000000006;990.1424000000006;990.1424000000006;990.1424000000006;977.1147999999985;990.1424000000006;981.9558999999988;993.0401000000047;
2369.959986833815;994.5264000000304;993.0401000000047;981.9558999999988;981.9558999999988;996.7968000000178;992.9520000000048;995.6616000000241;993.0400000000047;990.1424000000006;990.1424000000006;990.1424000000006;990.1424000000006;977.1147999999985;990.1424000000006;981.9558999999988;993.0401000000047;
2369.959986833815;994.5264000000304;993.0401000000047;981.9558999999988;981.9558999999988;996.7968000000178;992.9520000000048;995.6616000000241;992.9520000000048;990.1424000000006;990.1424000000006;990.1424000000006;990.1424000000006;977.1147999999985;990.1424000000006;981.9558999999988;993.0401000000047;
2369.9638837627517;994.5264000000304;993.0401000000047;981.9558999999988;981.9558999999988;996.7968000000178;992.9520000000048;995.6616000000241;992.9520000000048;990.1424000000006;990.1424000000006;990.1424000000006;990.1424000000006;977.1146999999985;990.1424000000006;981.9558999999988;993.0401000000047;
2369.9638837627517;994.5264000000304;993.0401000000047;981.9558999999988;981.9558999999988;996.7968000000178;992.9520000000048;995.6616000000241;992.9520000000048;990.1424000000006;990.1424000000006;990.1424000000006;990.1424000000006;976.6746999999984;990.1424000000006;981.9558999999988;993.0401000000047;
2369.965302833815;994.5176000000305;993.0401000000047;981.9558999999988;981.9558999999988;996.7968000000178;992.9520000000048;995.6616000000241;992.9520000000048;990.1424000000006;990.1424000000006;990.1424000000006;990.1424000000006;976.6746999999984;990.1424000000006;981.9558999999988;993.0401000000047;
2369.9691997627515;994.5176000000305;993.0401000000047;981.9558999999988;981.9558999999988;996.7880000000179;992.9520000000048;995.6616000000241;992.9520000000048;990.1424000000006;990.1424000000006;990.1424000000006;990.1424000000006;976.6746999999984;990.1424000000006;981.9558999999988;993.0401000000047;
2369.9691997627515;994.5176000000305;993.0401000000047;981.9558999999988;981.9558999999988;996.7792000000179;992.9520000000048;995.6616000000241;992.9520000000048;990.1424000000006;990.1424000000006;990.1424000000006;990.1424000000006;976.6746999999984;990.1424000000006;981.9558999999988;993.0401000000047;
2370.856861987345;994.5088000000305;992.9520000000048;981.9558999999988;981.9558999999988;996.770400000018;992.9520000000048;995.6528000000242;992.9520000000048;990.1424000000006;990.1424000000006;990.1424000000006;990.1424000000006;976.6746999999984;990.1424000000006;981.5157999999988;992.9520000000048;
2370.9692177972606;994.5000000000306;992.9520000000048;981.9558999999988;981.9558999999988;996.770400000018;992.9520000000048;995.6440000000242;992.9520000000048;990.1424000000006;990.1424000000006;990.1424000000006;990.1424000000006;976.6746999999984;990.1424000000006;981.5157999999988;992.9520000000048;
2371.8568853271986;994.5000000000306;992.9520000000048;981.9558999999988;981.9558999999988;996.761600000018;992.9520000000048;995.6352000000243;992.9520000000048;990.1424000000006;990.1424000000006;990.1424000000006;990.1424000000006;976.6746999999984;990.1424000000006;981.5157999999988;992.9520000000048;
2372.8569086670523;994.4912000000306;992.9520000000048;981.9558999999988;981.9558999999988;996.761600000018;992.9520000000048;995.6264000000243;992.9520000000048;990.1424000000006;990.1424000000006;990.1424000000006;990.1424000000006;976.6746999999984;990.1424000000006;981.5157999999988;992.9520000000048;
2373.000000000018;994.4912000000306;992.9520000000048;981.9558999999988;981.9558999999988;996.761600000018;992.9520000000048;995.6264000000243;992.9520000000048;990.1424000000006;990.1424000000006;990.1424000000006;990.1424000000006;976.6746999999984;990.1424000000006;981.5157999999988;992.9520000000048;
2374.000000000018;994.4912000000306;992.9520000000048;981.9558999999988;981.9558999999988;996.761600000018;992.9520000000048;995.6264000000243;992.9520000000048;990.1424000000006;990.1424000000006;990.1424000000006;990.1424000000006;976.6746999999984;990.1424000000006;981.5157999999988;992.9520000000048;
2375.000000000018;994.4912000000306;992.9520000000048;981.9558999999988;981.9558999999988;996.761600000018;992.9520000000048;995.6264000000243;992.9520000000048;990.1424000000006;990.1424000000006;990.1424000000006;990.1424000000006;976.6746999999984;990.1424000000006;981.5157999999988;992.9520000000048;
2376.000000000018;994.4912000000306;992.9520000000048;981.9558999999988;981.9558999999988;996.761600000018;992.9520000000048;995.6264000000243;992.9520000000048;990.1424000000006;990.1424000000006;990.1424000000006;990.1424000000006;976.6746999999984;990.1424000000006;981.5157999999988;992.9520000000048;
2377.000000000018;994.4912000000306;992.9520000000048;981.9558999999988;981.9558999999988;996.761600000018;992.9520000000048;995.6264000000243;992.9520000000048;990.1424000000006;990.1424000000006;990.1424000000006;990.1424000000006;976.6746999999984;990.1424000000006;981.5157999999988;992.9520000000048;
2378.000000000018;994.4912000000306;992.9520000000048;981.9558999999988;981.9558999999988;996.761600000018;992.9520000000048;995.6264000000243;992.9520000000048;990.1424000000006;990.1424000000006;990.1424000000006;990.1424000000006;976.6746999999984;990.1424000000006;981.5157999999988;992.9520000000048;
2379.000000000018;994.4912000000306;992.9520000000048;981.9558999999988;981.9558999999988;996.761600000018;992.9520000000048;995.6264000000243;992.9520000000048;990.1424000000006;990.1424000000006;990.1424000000006;990.1424000000006;976.6746999999984;990.1424000000006;981.5157999999988;992.9520000000048;
2380.000000000018;994.4912000000306;992.9520000000048;981.9558999999988;981.9558999999988;996.761600000018;992.9520000000048;995.6264000000243;992.9520000000048;990.1424000000006;990.1424000000006;990.1424000000006;990.1424000000006;976.6746999999984;990.1424000000006;981.5157999999988;992.9520000000048;
2381.000000000018;994.4912000000306;992.9520000000048;981.9558999999988;981.9558999999988;996.761600000018;992.9520000000048;995.6264000000243;992.9520000000048;990.1424000000006;990.1424000000006;990.1424000000006;990.1424000000006;976.6746999999984;990.1424000000006;981.5157999999988;992.9520000000048;
2382.000000000018;994.4912000000306;992.9520000000048;981.9558999999988;981.9558999999988;996.761600000018;992.9520000000048;995.6264000000243;992.9520000000048;990.1424000000006;990.1424000000006;990.1424000000006;990.1424000000006;976.6746999999984;990.1424000000006;981.5157999999988;992.9520000000048;
2383.000000000018;994.4912000000306;992.9520000000048;981.9558999999988;981.9558999999988;996.761600000018;992.9520000000048;995.6264000000243;992.9520000000048;990.1424000000006;990.1424000000006;990.1424000000006;990.1424000000006;976.6746999999984;990.1424000000006;981.5157999999988;992.9520000000048;
2384.000000000018;994.4912000000306;992.9520000000048;981.9558999999988;981.9558999999988;996.761600000018;992.9520000000048;995.6264000000243;992.9520000000048;990.1424000000006;990.1424000000006;990.1424000000006;990.1424000000006;976.6746999999984;990.1424000000006;981.5157999999988;992.9520000000048;
2385.000000000018;994.4912000000306;992.9520000000048;981.9558999999988;981.9558999999988;996.761600000018;992.9520000000048;995.6264000000243;992.9520000000048;990.1424000000006;990.1424000000006;990.1424000000006;990.1424000000006;976.6746999999984;990.1424000000006;981.5157999999988;992.9520000000048;
2386.000000000018;994.4912000000306;992.9520000000048;981.9558999999988;981.9558999999988;996.761600000018;992.9520000000048;995.6264000000243;992.9520000000048;990.1424000000006;990.1424000000006;990.1424000000006;990.1424000000006;976.6746999999984;990.1424000000006;981.5157999999988;992.9520000000048;
2387.000000000018;994.4912000000306;992.9520000000048;981.9558999999988;981.9558999999988;996.761600000018;992.9520000000048;995.6264000000243;992.9520000000048;990.1424000000006;990.1424000000006;990.1424000000006;990.1424000000006;976.6746999999984;990.1424000000006;981.5157999999988;992.9520000000048;
2388.000000000018;994.4912000000306;992.9520000000048;981.9558999999988;981.9558999999988;996.761600000018;992.9520000000048;995.6264000000243;992.9520000000048;990.1424000000006;990.1424000000006;990.1424000000006;990.1424000000006;976.6746999999984;990.1424000000006;981.5157999999988;992.9520000000048;
2389.000000000018;994.4912000000306;992.9520000000048;981.9558999999988;981.9558999999988;996.761600000018;992.9520000000048;995.6264000000243;992.9520000000048;990.1424000000006;990.1424000000006;990.1424000000006;990.1424000000006;976.6746999999984;990.1424000000006;981.5157999999988;992.9520000000048;
2390.000000000018;994.4912000000306;992.9520000000048;981.9558999999988;981.9558999999988;996.761600000018;992.9520000000048;995.6264000000243;992.9520000000048;990.1424000000006;990.1424000000006;990.1424000000006;990.1424000000006;976.6746999999984;990.1424000000006;981.5157999999988;992.9520000000048;
2391.000000000018;994.4912000000306;992.9520000000048;981.9558999999988;981.9558999999988;996.761600000018;992.9520000000048;995.6264000000243;992.9520000000048;990.1424000000006;990.1424000000006;990.1424000000006;990.1424000000006;976.6746999999984;990.1424000000006;981.5157999999988;992.9520000000048;
2392.000000000018;994.4912000000306;992.9520000000048;981.9558999999988;981.9558999999988;996.761600000018;992.9520000000048;995.6264000000243;992.9520000000048;990.1424000000006;990.1424000000006;990.1424000000006;990.1424000000006;976.6746999999984;990.1424000000006;981.5157999999988;992.9520000000048;
2393.000000000018;994.4912000000306;992.9520000000048;981.9558999999988;981.9558999999988;996.761600000018;992.9520000000048;995.6264000000243;992.9520000000048;990.1424000000006;990.1424000000006;990.1424000000006;990.1424000000006;976.6746999999984;990.1424000000006;981.5157999999988;992.9520000000048;
2394.000000000018;994.4912000000306;992.9520000000048;981.9558999999988;981.9558999999988;996.761600000018;992.9520000000048;995.6264000000243;992.9520000000048;990.1424000000006;990.1424000000006;990.1424000000006;990.1424000000006;976.6746999999984;990.1424000000006;981.5157999999988;992.9520000000048;
2395.000000000018;994.4912000000306;992.9520000000048;981.9558999999988;981.9558999999988;996.761600000018;992.9520000000048;995.6264000000243;992.9520000000048;990.1424000000006;990.1424000000006;990.1424000000006;990.1424000000006;976.6746999999984;990.1424000000006;981.5157999999988;992.9520000000048;
2396.000000000018;994.4912000000306;992.9520000000048;981.9558999999988;981.9558999999988;996.761600000018;992.9520000000048;995.6264000000243;992.9520000000048;990.1424000000006;990.1424000000006;990.1424000000006;990.1424000000006;976.6746999999984;990.1424000000006;981.5157999999988;992.9520000000048;
2397.000000000018;994.4912000000306;992.9520000000048;981.9558999999988;981.9558999999988;996.761600000018;992.9520000000048;995.6264000000243;992.9520000000048;990.1424000000006;990.1424000000006;990.1424000000006;990.1424000000006;976.6746999999984;990.1424000000006;981.5157999999988;992.9520000000048;
2398.000000000018;994.4912000000306;992.9520000000048;981.9558999999988;981.9558999999988;996.761600000018;992.9520000000048;995.6264000000243;992.9520000000048;990.1424000000006;990.1424000000006;990.1424000000006;990.1424000000006;976.6746999999984;990.1424000000006;981.5157999999988;992.9520000000048;
2399.000000000018;994.4912000000306;992.9520000000048;981.9558999999988;981.9558999999988;996.761600000018;992.9520000000048;995.6264000000243;992.9520000000048;990.1424000000006;990.1424000000006;990.1424000000006;990.1424000000006;976.6746999999984;990.1424000000006;981.5157999999988;992.9520000000048;
2399.8496283373493;994.4912000000306;992.9520000000048;981.9558999999988;981.9558999999988;996.761600000018;992.9519000000048;995.6264000000243;992.9520000000048;990.1424000000006;990.1424000000006;990.1424000000006;990.1424000000006;976.6746999999984;990.1424000000006;981.5157999999988;992.9520000000048;
2399.8496283373493;994.4912000000306;992.9520000000048;981.9558999999988;981.9558999999988;996.761600000018;992.8639000000048;995.6264000000243;992.9520000000048;990.1424000000006;990.1424000000006;990.1424000000006;990.1424000000006;976.6746999999984;990.1424000000006;981.5157999999988;992.9520000000048;
2399.8549443373495;994.4824000000307;992.9520000000048;981.9558999999988;981.9558999999988;996.761600000018;992.8639000000048;995.6264000000243;992.9520000000048;990.1424000000006;990.1424000000006;990.1424000000006;990.1424000000006;976.6746999999984;990.1424000000006;981.5157999999988;992.9520000000048;
2399.8549443373495;994.4736000000307;992.9520000000048;981.9558999999988;981.9558999999988;996.761600000018;992.8639000000048;995.6264000000243;992.9520000000048;990.1424000000006;990.1424000000006;990.1424000000006;990.1424000000006;976.6746999999984;990.1424000000006;981.5157999999988;992.9520000000048;
2399.8602603373497;994.4736000000307;992.9520000000048;981.9558999999988;981.9558999999988;996.761600000018;992.8639000000048;995.6176000000244;992.9520000000048;990.1424000000006;990.1424000000006;990.1424000000006;990.1424000000006;976.6746999999984;990.1424000000006;981.5157999999988;992.9520000000048;
2399.8724688906555;994.4736000000307;992.9520000000048;981.9557999999988;981.9558999999988;996.761600000018;992.8639000000048;995.6176000000244;992.9520000000048;990.1424000000006;990.1424000000006;990.1424000000006;990.1424000000006;976.6746999999984;990.1424000000006;981.5157999999988;992.9520000000048;
2399.8724688906555;994.4736000000307;992.9520000000048;981.5157999999988;981.9558999999988;996.761600000018;992.8639000000048;995.6176000000244;992.9520000000048;990.1424000000006;990.1424000000006;990.1424000000006;990.1424000000006;976.6746999999984;990.1424000000006;981.5157999999988;992.9520000000048;
2399.8777848906557;994.4648000000308;992.9520000000048;981.5157999999988;981.9558999999988;996.761600000018;992.8639000000048;995.6176000000244;992.9520000000048;990.1424000000006;990.1424000000006;990.1424000000006;990.1424000000006;976.6746999999984;990.1424000000006;981.5157999999988;992.9520000000048;
2399.950768669795;994.4648000000308;992.9520000000048;981.5157999999988;981.9557999999988;996.761600000018;992.8639000000048;995.6176000000244;992.9520000000048;990.1424000000006;990.1424000000006;990.1424000000006;990.1424000000006;976.6746999999984;990.1424000000006;981.5157999999988;992.9520000000048;
2399.950768669795;994.4648000000308;992.9520000000048;981.5157999999988;981.5157999999988;996.761600000018;992.8639000000048;995.6176000000244;992.9520000000048;990.1424000000006;990.1424000000006;990.1424000000006;990.1424000000006;976.6746999999984;990.1424000000006;981.5157999999988;992.9520000000048;
2399.9517651507795;994.4648000000308;992.9520000000048;981.5157999999988;981.5157999999988;996.761600000018;992.8639000000048;995.6176000000244;992.9520000000048;990.1423000000007;990.1424000000006;990.1424000000006;990.1424000000006;976.6746999999984;990.1424000000006;981.5157999999988;992.9520000000048;
2399.9517651507795;994.4648000000308;992.9520000000048;981.5157999999988;981.5157999999988;996.761600000018;992.8639000000048;995.6176000000244;992.9520000000048;989.5263000000007;990.1424000000006;990.1424000000006;990.1424000000006;976.6746999999984;990.1424000000006;981.5157999999988;992.9520000000048;
2400.8549676772036;994.429600000031;992.8639000000048;981.5157999999988;981.5157999999988;996.7088000000183;992.8639000000048;995.6088000000244;992.8639000000048;989.5263000000007;989.5263000000007;989.5263000000007;989.5263000000007;976.2345999999984;989.5263000000007;981.5157999999988;992.8639000000048;
2401.00000000002;994.420800000031;992.8639000000048;981.5157999999988;981.5157999999988;996.7000000000183;992.8639000000048;995.5912000000245;992.8639000000048;989.5263000000007;989.5263000000007;989.5263000000007;989.5263000000007;976.2345999999984;989.5263000000007;981.5157999999988;992.8639000000048;
2401.8549910170573;994.420800000031;992.8639000000048;981.5157999999988;981.5157999999988;996.7000000000183;992.8639000000048;995.5912000000245;992.8639000000048;989.5263000000007;989.5263000000007;989.5263000000007;989.5263000000007;976.2345999999984;989.5263000000007;981.5157999999988;992.8639000000048;
2402.855014356911;994.4120000000311;992.8639000000048;981.5157999999988;981.5157999999988;996.6912000000184;992.8639000000048;995.5736000000246;992.8639000000048;989.5263000000007;989.5263000000007;989.5263000000007;989.5263000000007;976.2345999999984;989.5263000000007;981.5157999999988;992.8639000000048;
2403.855037696764;994.4032000000311;992.8639000000048;981.5157999999988;981.5157999999988;996.6824000000184;992.8639000000048;995.5560000000247;992.8639000000048;989.5263000000007;989.5263000000007;989.5263000000007;989.5263000000007;976.2345999999984;989.5263000000007;981.5157999999988;992.8639000000048;
2403.855037696764;994.3944000000312;992.8639000000048;981.5157999999988;981.5157999999988;996.6824000000184;992.8639000000048;995.5560000000247;992.8639000000048;989.5263000000007;989.5263000000007;989.5263000000007;989.5263000000007;976.2345999999984;989.5263000000007;981.5157999999988;992.8639000000048;
2404.8550610366174;994.3944000000312;992.8639000000048;981.5157999999988;981.5157999999988;996.6736000000185;992.8639000000048;995.5384000000248;992.8639000000048;989.5263000000007;989.5263000000007;989.5263000000007;989.5263000000007;976.2345999999984;989.5263000000007;981.5157999999988;992.8639000000048;
2405.8550843764706;994.3856000000312;992.8639000000048;981.5157999999988;981.5157999999988;996.6736000000185;992.8639000000048;995.5296000000249;992.8639000000048;989.5263000000007;989.5263000000007;989.5263000000007;989.5263000000007;976.2345999999984;989.5263000000007;981.5157999999988;992.8639000000048;
2406.000000000021;994.3856000000312;992.8639000000048;981.5157999999988;981.5157999999988;996.6736000000185;992.8639000000048;995.5296000000249;992.8639000000048;989.5263000000007;989.5263000000007;989.5263000000007;989.5263000000007;976.2345999999984;989.5263000000007;981.5157999999988;992.8639000000048;
2407.000000000021;994.3856000000312;992.8639000000048;981.5157999999988;981.5157999999988;996.6736000000185;992.8639000000048;995.5296000000249;992.8639000000048;989.5263000000007;989.5263000000007;989.5263000000007;989.5263000000007;976.2345999999984;989.5263000000007;981.5157999999988;992.8639000000048;
2408.000000000021;994.3856000000312;992.8639000000048;981.5157999999988;981.5157999999988;996.6736000000185;992.8639000000048;995.5296000000249;992.8639000000048;989.5263000000007;989.5263000000007;989.5263000000007;989.5263000000007;976.2345999999984;989.5263000000007;981.5157999999988;992.8639000000048;
2409.000000000021;994.3856000000312;992.8639000000048;981.5157999999988;981.5157999999988;996.6736000000185;992.8639000000048;995.5296000000249;992.8639000000048;989.5263000000007;989.5263000000007;989.5263000000007;989.5263000000007;976.2345999999984;989.5263000000007;981.5157999999988;992.8639000000048;
2410.000000000021;994.3856000000312;992.8639000000048;981.5157999999988;981.5157999999988;996.6736000000185;992.8639000000048;995.5296000000249;992.8639000000048;989.5263000000007;989.5263000000007;989.5263000000007;989.5263000000007;976.2345999999984;989.5263000000007;981.5157999999988;992.8639000000048;
2411.000000000021;994.3856000000312;992.8639000000048;981.5157999999988;981.5157999999988;996.6736000000185;992.8639000000048;995.5296000000249;992.8639000000048;989.5263000000007;989.5263000000007;989.5263000000007;989.5263000000007;976.2345999999984;989.5263000000007;981.5157999999988;992.8639000000048;
2412.000000000021;994.3856000000312;992.8639000000048;981.5157999999988;981.5157999999988;996.6736000000185;992.8639000000048;995.5296000000249;992.8639000000048;989.5263000000007;989.5263000000007;989.5263000000007;989.5263000000007;976.2345999999984;989.5263000000007;981.5157999999988;992.8639000000048;
2413.000000000021;994.3856000000312;992.8639000000048;981.5157999999988;981.5157999999988;996.6736000000185;992.8639000000048;995.5296000000249;992.8639000000048;989.5263000000007;989.5263000000007;989.5263000000007;989.5263000000007;976.2345999999984;989.5263000000007;981.5157999999988;992.8639000000048;
2414.000000000021;994.3856000000312;992.8639000000048;981.5157999999988;981.5157999999988;996.6736000000185;992.8639000000048;995.5296000000249;992.8639000000048;989.5263000000007;989.5263000000007;989.5263000000007;989.5263000000007;976.2345999999984;989.5263000000007;981.5157999999988;992.8639000000048;
2415.000000000021;994.3856000000312;992.8639000000048;981.5157999999988;981.5157999999988;996.6736000000185;992.8639000000048;995.5296000000249;992.8639000000048;989.5263000000007;989.5263000000007;989.5263000000007;989.5263000000007;976.2345999999984;989.5263000000007;981.5157999999988;992.8639000000048;
2416.000000000021;994.3856000000312;992.8639000000048;981.5157999999988;981.5157999999988;996.6736000000185;992.8639000000048;995.5296000000249;992.8639000000048;989.5263000000007;989.5263000000007;989.5263000000007;989.5263000000007;976.2345999999984;989.5263000000007;981.5157999999988;992.8639000000048;
2417.000000000021;994.3856000000312;992.8639000000048;981.5157999999988;981.5157999999988;996.6736000000185;992.8639000000048;995.5296000000249;992.8639000000048;989.5263000000007;989.5263000000007;989.5263000000007;989.5263000000007;976.2345999999984;989.5263000000007;981.5157999999988;992.8639000000048;
2418.000000000021;994.3856000000312;992.8639000000048;981.5157999999988;981.5157999999988;996.6736000000185;992.8639000000048;995.5296000000249;992.8639000000048;989.5263000000007;989.5263000000007;989.5263000000007;989.5263000000007;976.2345999999984;989.5263000000007;981.5157999999988;992.8639000000048;
2419.000000000021;994.3856000000312;992.8639000000048;981.5157999999988;981.5157999999988;996.6736000000185;992.8639000000048;995.5296000000249;992.8639000000048;989.5263000000007;989.5263000000007;989.5263000000007;989.5263000000007;976.2345999999984;989.5263000000007;981.5157999999988;992.8639000000048;
2420.000000000021;994.3856000000312;992.8639000000048;981.5157999999988;981.5157999999988;996.6736000000185;992.8639000000048;995.5296000000249;992.8639000000048;989.5263000000007;989.5263000000007;989.5263000000007;989.5263000000007;976.2345999999984;989.5263000000007;981.5157999999988;992.8639000000048;
2421.000000000021;994.3856000000312;992.8639000000048;981.5157999999988;981.5157999999988;996.6736000000185;992.8639000000048;995.5296000000249;992.8639000000048;989.5263000000007;989.5263000000007;989.5263000000007;989.5263000000007;976.2345999999984;989.5263000000007;981.5157999999988;992.8639000000048;
2422.000000000021;994.3856000000312;992.8639000000048;981.5157999999988;981.5157999999988;996.6736000000185;992.8639000000048;995.5296000000249;992.8639000000048;989.5263000000007;989.5263000000007;989.5263000000007;989.5263000000007;976.2345999999984;989.5263000000007;981.5157999999988;992.8639000000048;
2423.000000000021;994.3856000000312;992.8639000000048;981.5157999999988;981.5157999999988;996.6736000000185;992.8639000000048;995.5296000000249;992.8639000000048;989.5263000000007;989.5263000000007;989.5263000000007;989.5263000000007;976.2345999999984;989.5263000000007;981.5157999999988;992.8639000000048;
2424.000000000021;994.3856000000312;992.8639000000048;981.5157999999988;981.5157999999988;996.6736000000185;992.8639000000048;995.5296000000249;992.8639000000048;989.5263000000007;989.5263000000007;989.5263000000007;989.5263000000007;976.2345999999984;989.5263000000007;981.5157999999988;992.8639000000048;
2425.000000000021;994.3856000000312;992.8639000000048;981.5157999999988;981.5157999999988;996.6736000000185;992.8639000000048;995.5296000000249;992.8639000000048;989.5263000000007;989.5263000000007;989.5263000000007;989.5263000000007;976.2345999999984;989.5263000000007;981.5157999999988;992.8639000000048;
2426.000000000021;994.3856000000312;992.8639000000048;981.5157999999988;981.5157999999988;996.6736000000185;992.8639000000048;995.5296000000249;992.8639000000048;989.5263000000007;989.5263000000007;989.5263000000007;989.5263000000007;976.2345999999984;989.5263000000007;981.5157999999988;992.8639000000048;
2427.000000000021;994.3856000000312;992.8639000000048;981.5157999999988;981.5157999999988;996.6736000000185;992.8639000000048;995.5296000000249;992.8639000000048;989.5263000000007;989.5263000000007;989.5263000000007;989.5263000000007;976.2345999999984;989.5263000000007;981.5157999999988;992.8639000000048;
2428.000000000021;994.3856000000312;992.8639000000048;981.5157999999988;981.5157999999988;996.6736000000185;992.8639000000048;995.5296000000249;992.8639000000048;989.5263000000007;989.5263000000007;989.5263000000007;989.5263000000007;976.2345999999984;989.5263000000007;981.5157999999988;992.8639000000048;
2429.000000000021;994.3856000000312;992.8639000000048;981.5157999999988;981.5157999999988;996.6736000000185;992.8639000000048;995.5296000000249;992.8639000000048;989.5263000000007;989.5263000000007;989.5263000000007;989.5263000000007;976.2345999999984;989.5263000000007;981.5157999999988;992.8639000000048;
2429.847734027208;994.3856000000312;992.8639000000048;981.5157999999988;981.5157999999988;996.6736000000185;992.8638000000049;995.5296000000249;992.8639000000048;989.5263000000007;989.5263000000007;989.5263000000007;989.5263000000007;976.2345999999984;989.5263000000007;981.5157999999988;992.8639000000048;
2429.847734027208;994.3856000000312;992.8639000000048;981.5157999999988;981.5157999999988;996.6736000000185;992.7758000000049;995.5296000000249;992.8639000000048;989.5263000000007;989.5263000000007;989.5263000000007;989.5263000000007;976.2345999999984;989.5263000000007;981.5157999999988;992.8639000000048;
2429.853050027208;994.3768000000313;992.8639000000048;981.5157999999988;981.5157999999988;996.6736000000185;992.7758000000049;995.5296000000249;992.8639000000048;989.5263000000007;989.5263000000007;989.5263000000007;989.5263000000007;976.2345999999984;989.5263000000007;981.5157999999988;992.8639000000048;
2429.853050027208;994.3680000000313;992.8639000000048;981.5157999999988;981.5157999999988;996.6736000000185;992.7758000000049;995.5296000000249;992.8639000000048;989.5263000000007;989.5263000000007;989.5263000000007;989.5263000000007;976.2345999999984;989.5263000000007;981.5157999999988;992.8639000000048;
2429.8583660272084;994.3680000000313;992.8639000000048;981.5157999999988;981.5157999999988;996.6736000000185;992.7758000000049;995.5208000000249;992.8639000000048;989.5263000000007;989.5263000000007;989.5263000000007;989.5263000000007;976.2345999999984;989.5263000000007;981.5157999999988;992.8639000000048;
2429.9589546771394;994.3680000000313;992.8639000000048;981.5157999999988;981.5157999999988;996.6736000000185;992.7758000000049;995.5208000000249;992.8638000000049;989.5263000000007;989.5263000000007;989.5263000000007;989.5263000000007;976.2345999999984;989.5263000000007;981.5157999999988;992.8639000000048;
2429.9589546771394;994.3680000000313;992.8639000000048;981.5157999999988;981.5157999999988;996.6736000000185;992.7758000000049;995.5208000000249;992.7758000000049;989.5263000000007;989.5263000000007;989.5263000000007;989.5263000000007;976.2345999999984;989.5263000000007;981.5157999999988;992.8639000000048;
2429.9642706771397;994.3592000000314;992.8639000000048;981.5157999999988;981.5157999999988;996.6736000000185;992.7758000000049;995.5208000000249;992.7758000000049;989.5263000000007;989.5263000000007;989.5263000000007;989.5263000000007;976.2345999999984;989.5263000000007;981.5157999999988;992.8639000000048;
2430.0000000000214;994.3592000000314;992.8639000000048;981.5157999999988;981.5157999999988;996.6736000000185;992.7758000000049;995.5208000000249;992.7758000000049;989.5263000000007;989.5263000000007;989.5263000000007;989.5263000000007;976.2345999999984;989.5263000000007;981.5157999999988;992.8639000000048;
2430.0266490769905;994.3592000000314;992.8639000000048;981.5157999999988;981.5157999999988;996.6736000000185;992.7758000000049;995.5208000000249;992.7758000000049;989.5263000000007;989.5263000000007;989.5263000000007;989.5263000000007;976.2345999999984;989.5263000000007;981.5157999999988;992.8638000000049;
2430.0266490769905;994.3592000000314;992.8639000000048;981.5157999999988;981.5157999999988;996.6736000000185;992.7758000000049;995.5208000000249;992.7758000000049;989.5263000000007;989.5263000000007;989.5263000000007;989.5263000000007;976.2345999999984;989.5263000000007;981.5157999999988;992.7758000000049;
2430.8530733670623;994.3504000000314;992.7758000000049;981.5157999999988;981.5157999999988;996.6560000000186;992.7758000000049;995.512000000025;992.7758000000049;989.5263000000007;989.5263000000007;989.5263000000007;989.5263000000007;976.2345999999984;989.5263000000007;981.0756999999987;992.7758000000049;
2431.142251393328;994.3416000000315;992.7758000000049;981.5157999999988;981.5157999999988;996.6560000000186;992.7758000000049;995.503200000025;992.7758000000049;989.5263000000007;989.5263000000007;989.5263000000007;989.5263000000007;976.2345999999984;989.5263000000007;981.0756999999987;992.7758000000049;
2431.8530967069155;994.3416000000315;992.7758000000049;981.5157999999988;981.5157999999988;996.6560000000186;992.7758000000049;995.503200000025;992.7758000000049;989.5263000000007;989.5263000000007;989.5263000000007;989.5263000000007;976.2345999999984;989.5263000000007;981.0756999999987;992.7758000000049;
2432.8531200467687;994.3328000000315;992.7758000000049;981.5157999999988;981.5157999999988;996.6560000000186;992.7758000000049;995.494400000025;992.7758000000049;989.5263000000007;989.5263000000007;989.5263000000007;989.5263000000007;976.2345999999984;989.5263000000007;981.0756999999987;992.7758000000049;
2434.0000000000223;994.3328000000315;992.7758000000049;981.5157999999988;981.5157999999988;996.6560000000186;992.7758000000049;995.494400000025;992.7758000000049;989.5263000000007;989.5263000000007;989.5263000000007;989.5263000000007;976.2345999999984;989.5263000000007;981.0756999999987;992.7758000000049;
2435.0000000000223;994.3328000000315;992.7758000000049;981.5157999999988;981.5157999999988;996.6560000000186;992.7758000000049;995.494400000025;992.7758000000049;989.5263000000007;989.5263000000007;989.5263000000007;989.5263000000007;976.2345999999984;989.5263000000007;981.0756999999987;992.7758000000049;
2436.0000000000223;994.3328000000315;992.7758000000049;981.5157999999988;981.5157999999988;996.6560000000186;992.7758000000049;995.494400000025;992.7758000000049;989.5263000000007;989.5263000000007;989.5263000000007;989.5263000000007;976.2345999999984;989.5263000000007;981.0756999999987;992.7758000000049;
2437.0000000000223;994.3328000000315;992.7758000000049;981.5157999999988;981.5157999999988;996.6560000000186;992.7758000000049;995.494400000025;992.7758000000049;989.5263000000007;989.5263000000007;989.5263000000007;989.5263000000007;976.2345999999984;989.5263000000007;981.0756999999987;992.7758000000049;
2438.0000000000223;994.3328000000315;992.7758000000049;981.5157999999988;981.5157999999988;996.6560000000186;992.7758000000049;995.494400000025;992.7758000000049;989.5263000000007;989.5263000000007;989.5263000000007;989.5263000000007;976.2345999999984;989.5263000000007;981.0756999999987;992.7758000000049;
2439.0000000000223;994.3328000000315;992.7758000000049;981.5157999999988;981.5157999999988;996.6560000000186;992.7758000000049;995.494400000025;992.7758000000049;989.5263000000007;989.5263000000007;989.5263000000007;989.5263000000007;976.2345999999984;989.5263000000007;981.0756999999987;992.7758000000049;
2440.0000000000223;994.3328000000315;992.7758000000049;981.5157999999988;981.5157999999988;996.6560000000186;992.7758000000049;995.494400000025;992.7758000000049;989.5263000000007;989.5263000000007;989.5263000000007;989.5263000000007;976.2345999999984;989.5263000000007;981.0756999999987;992.7758000000049;
2441.0000000000223;994.3328000000315;992.7758000000049;981.5157999999988;981.5157999999988;996.6560000000186;992.7758000000049;995.494400000025;992.7758000000049;989.5263000000007;989.5263000000007;989.5263000000007;989.5263000000007;976.2345999999984;989.5263000000007;981.0756999999987;992.7758000000049;
2442.0000000000223;994.3328000000315;992.7758000000049;981.5157999999988;981.5157999999988;996.6560000000186;992.7758000000049;995.494400000025;992.7758000000049;989.5263000000007;989.5263000000007;989.5263000000007;989.5263000000007;976.2345999999984;989.5263000000007;981.0756999999987;992.7758000000049;
2443.0000000000223;994.3328000000315;992.7758000000049;981.5157999999988;981.5157999999988;996.6560000000186;992.7758000000049;995.494400000025;992.7758000000049;989.5263000000007;989.5263000000007;989.5263000000007;989.5263000000007;976.2345999999984;989.5263000000007;981.0756999999987;992.7758000000049;
2444.0000000000223;994.3328000000315;992.7758000000049;981.5157999999988;981.5157999999988;996.6560000000186;992.7758000000049;995.494400000025;992.7758000000049;989.5263000000007;989.5263000000007;989.5263000000007;989.5263000000007;976.2345999999984;989.5263000000007;981.0756999999987;992.7758000000049;
2445.0000000000223;994.3328000000315;992.7758000000049;981.5157999999988;981.5157999999988;996.6560000000186;992.7758000000049;995.494400000025;992.7758000000049;989.5263000000007;989.5263000000007;989.5263000000007;989.5263000000007;976.2345999999984;989.5263000000007;981.0756999999987;992.7758000000049;
2446.0000000000223;994.3328000000315;992.7758000000049;981.5157999999988;981.5157999999988;996.6560000000186;992.7758000000049;995.494400000025;992.7758000000049;989.5263000000007;989.5263000000007;989.5263000000007;989.5263000000007;976.2345999999984;989.5263000000007;981.0756999999987;992.7758000000049;
2447.0000000000223;994.3328000000315;992.7758000000049;981.5157999999988;981.5157999999988;996.6560000000186;992.7758000000049;995.494400000025;992.7758000000049;989.5263000000007;989.5263000000007;989.5263000000007;989.5263000000007;976.2345999999984;989.5263000000007;981.0756999999987;992.7758000000049;
2448.0000000000223;994.3328000000315;992.7758000000049;981.5157999999988;981.5157999999988;996.6560000000186;992.7758000000049;995.494400000025;992.7758000000049;989.5263000000007;989.5263000000007;989.5263000000007;989.5263000000007;976.2345999999984;989.5263000000007;981.0756999999987;992.7758000000049;
2449.0000000000223;994.3328000000315;992.7758000000049;981.5157999999988;981.5157999999988;996.6560000000186;992.7758000000049;995.494400000025;992.7758000000049;989.5263000000007;989.5263000000007;989.5263000000007;989.5263000000007;976.2345999999984;989.5263000000007;981.0756999999987;992.7758000000049;
2450.0000000000223;994.3328000000315;992.7758000000049;981.5157999999988;981.5157999999988;996.6560000000186;992.7758000000049;995.494400000025;992.7758000000049;989.5263000000007;989.5263000000007;989.5263000000007;989.5263000000007;976.2345999999984;989.5263000000007;981.0756999999987;992.7758000000049;
2451.0000000000223;994.3328000000315;992.7758000000049;981.5157999999988;981.5157999999988;996.6560000000186;992.7758000000049;995.494400000025;992.7758000000049;989.5263000000007;989.5263000000007;989.5263000000007;989.5263000000007;976.2345999999984;989.5263000000007;981.0756999999987;992.7758000000049;
2452.0000000000223;994.3328000000315;992.7758000000049;981.5157999999988;981.5157999999988;996.6560000000186;992.7758000000049;995.494400000025;992.7758000000049;989.5263000000007;989.5263000000007;989.5263000000007;989.5263000000007;976.2345999999984;989.5263000000007;981.0756999999987;992.7758000000049;
2453.0000000000223;994.3328000000315;992.7758000000049;981.5157999999988;981.5157999999988;996.6560000000186;992.7758000000049;995.494400000025;992.7758000000049;989.5263000000007;989.5263000000007;989.5263000000007;989.5263000000007;976.2345999999984;989.5263000000007;981.0756999999987;992.7758000000049;
2454.0000000000223;994.3328000000315;992.7758000000049;981.5157999999988;981.5157999999988;996.6560000000186;992.7758000000049;995.494400000025;992.7758000000049;989.5263000000007;989.5263000000007;989.5263000000007;989.5263000000007;976.2345999999984;989.5263000000007;981.0756999999987;992.7758000000049;
2455.0000000000223;994.3328000000315;992.7758000000049;981.5157999999988;981.5157999999988;996.6560000000186;992.7758000000049;995.494400000025;992.7758000000049;989.5263000000007;989.5263000000007;989.5263000000007;989.5263000000007;976.2345999999984;989.5263000000007;981.0756999999987;992.7758000000049;
2456.0000000000223;994.3328000000315;992.7758000000049;981.5157999999988;981.5157999999988;996.6560000000186;992.7758000000049;995.494400000025;992.7758000000049;989.5263000000007;989.5263000000007;989.5263000000007;989.5263000000007;976.2345999999984;989.5263000000007;981.0756999999987;992.7758000000049;
2457.0000000000223;994.3328000000315;992.7758000000049;981.5157999999988;981.5157999999988;996.6560000000186;992.7758000000049;995.494400000025;992.7758000000049;989.5263000000007;989.5263000000007;989.5263000000007;989.5263000000007;976.2345999999984;989.5263000000007;981.0756999999987;992.7758000000049;
2458.0000000000223;994.3328000000315;992.7758000000049;981.5157999999988;981.5157999999988;996.6560000000186;992.7758000000049;995.494400000025;992.7758000000049;989.5263000000007;989.5263000000007;989.5263000000007;989.5263000000007;976.2345999999984;989.5263000000007;981.0756999999987;992.7758000000049;
2459.0000000000223;994.3328000000315;992.7758000000049;981.5157999999988;981.5157999999988;996.6560000000186;992.7758000000049;995.494400000025;992.7758000000049;989.5263000000007;989.5263000000007;989.5263000000007;989.5263000000007;976.2345999999984;989.5263000000007;981.0756999999987;992.7758000000049;
2459.8458397170657;994.3328000000315;992.7758000000049;981.5157999999988;981.5157999999988;996.6560000000186;992.7757000000049;995.494400000025;992.7758000000049;989.5263000000007;989.5263000000007;989.5263000000007;989.5263000000007;976.2345999999984;989.5263000000007;981.0756999999987;992.7758000000049;
2459.8458397170657;994.3328000000315;992.7758000000049;981.5157999999988;981.5157999999988;996.6560000000186;992.687700000005;995.494400000025;992.7758000000049;989.5263000000007;989.5263000000007;989.5263000000007;989.5263000000007;976.2345999999984;989.5263000000007;981.0756999999987;992.7758000000049;
2459.851155717066;994.3240000000316;992.7758000000049;981.5157999999988;981.5157999999988;996.6560000000186;992.687700000005;995.494400000025;992.7758000000049;989.5263000000007;989.5263000000007;989.5263000000007;989.5263000000007;976.2345999999984;989.5263000000007;981.0756999999987;992.7758000000049;
2459.851155717066;994.3152000000316;992.7758000000049;981.5157999999988;981.5157999999988;996.6560000000186;992.687700000005;995.494400000025;992.7758000000049;989.5263000000007;989.5263000000007;989.5263000000007;989.5263000000007;976.2345999999984;989.5263000000007;981.0756999999987;992.7758000000049;
2459.856471717066;994.3152000000316;992.7758000000049;981.5157999999988;981.5157999999988;996.6560000000186;992.687700000005;995.4856000000251;992.7758000000049;989.5263000000007;989.5263000000007;989.5263000000007;989.5263000000007;976.2345999999984;989.5263000000007;981.0756999999987;992.7758000000049;
2459.8691242141904;994.3152000000316;992.7758000000049;981.5156999999988;981.5157999999988;996.6560000000186;992.687700000005;995.4856000000251;992.7758000000049;989.5263000000007;989.5263000000007;989.5263000000007;989.5263000000007;976.2345999999984;989.5263000000007;981.0756999999987;992.7758000000049;
2459.8691242141904;994.3152000000316;992.7758000000049;981.0756999999987;981.5157999999988;996.6560000000186;992.687700000005;995.4856000000251;992.7758000000049;989.5263000000007;989.5263000000007;989.5263000000007;989.5263000000007;976.2345999999984;989.5263000000007;981.0756999999987;992.7758000000049;
2459.8744402141906;994.3064000000317;992.7758000000049;981.0756999999987;981.5157999999988;996.6560000000186;992.687700000005;995.4856000000251;992.7758000000049;989.5263000000007;989.5263000000007;989.5263000000007;989.5263000000007;976.2345999999984;989.5263000000007;981.0756999999987;992.7758000000049;
2459.949531572099;994.3064000000317;992.7758000000049;981.0756999999987;981.5156999999988;996.6560000000186;992.687700000005;995.4856000000251;992.7758000000049;989.5263000000007;989.5263000000007;989.5263000000007;989.5263000000007;976.2345999999984;989.5263000000007;981.0756999999987;992.7758000000049;
2459.949531572099;994.3064000000317;992.7758000000049;981.0756999999987;981.0756999999987;996.6560000000186;992.687700000005;995.4856000000251;992.7758000000049;989.5263000000007;989.5263000000007;989.5263000000007;989.5263000000007;976.2345999999984;989.5263000000007;981.0756999999987;992.7758000000049;
2459.9548475720994;994.3064000000317;992.7758000000049;981.0756999999987;981.0756999999987;996.6472000000186;992.687700000005;995.4856000000251;992.7758000000049;989.5263000000007;989.5263000000007;989.5263000000007;989.5263000000007;976.2345999999984;989.5263000000007;981.0756999999987;992.7758000000049;
2459.9548475720994;994.3064000000317;992.7758000000049;981.0756999999987;981.0756999999987;996.6384000000187;992.687700000005;995.4856000000251;992.7758000000049;989.5263000000007;989.5263000000007;989.5263000000007;989.5263000000007;976.2345999999984;989.5263000000007;981.0756999999987;992.7758000000049;
2459.9584385988014;994.3064000000317;992.7758000000049;981.0756999999987;981.0756999999987;996.6384000000187;992.687700000005;995.4856000000251;992.7757000000049;989.5263000000007;989.5263000000007;989.5263000000007;989.5263000000007;976.2345999999984;989.5263000000007;981.0756999999987;992.7758000000049;
2460.8511790569196;994.2888000000318;992.687700000005;981.0756999999987;981.0756999999987;996.6296000000187;992.687700000005;995.4768000000252;992.687700000005;989.5263000000007;989.5263000000007;989.5263000000007;989.5263000000007;975.7944999999984;989.5263000000007;981.0756999999987;992.687700000005;
2461.8512023967733;994.2800000000318;992.687700000005;981.0756999999987;981.0756999999987;996.6208000000188;992.687700000005;995.4592000000252;992.687700000005;989.5263000000007;989.5263000000007;989.5263000000007;989.5263000000007;975.7944999999984;989.5263000000007;981.0756999999987;992.687700000005;
2461.954883641118;994.2712000000319;992.687700000005;981.0756999999987;981.0756999999987;996.6208000000188;992.687700000005;995.4504000000253;992.687700000005;989.5263000000007;989.5263000000007;989.5263000000007;989.5263000000007;975.7944999999984;989.5263000000007;981.0756999999987;992.687700000005;
2462.8512257366265;994.2712000000319;992.687700000005;981.0756999999987;981.0756999999987;996.6208000000188;992.687700000005;995.4504000000253;992.687700000005;989.5263000000007;989.5263000000007;989.5263000000007;989.5263000000007;975.7944999999984;989.5263000000007;981.0756999999987;992.687700000005;
2463.8512490764797;994.2624000000319;992.687700000005;981.0756999999987;981.0756999999987;996.6208000000188;992.687700000005;995.4416000000253;992.687700000005;989.5263000000007;989.5263000000007;989.5263000000007;989.5263000000007;975.7944999999984;989.5263000000007;981.0756999999987;992.687700000005;
2464.0000000000236;994.2624000000319;992.687700000005;981.0756999999987;981.0756999999987;996.6208000000188;992.687700000005;995.4416000000253;992.687700000005;989.5263000000007;989.5263000000007;989.5263000000007;989.5263000000007;975.7944999999984;989.5263000000007;981.0756999999987;992.687700000005;
2465.0000000000236;994.2624000000319;992.687700000005;981.0756999999987;981.0756999999987;996.6208000000188;992.687700000005;995.4416000000253;992.687700000005;989.5263000000007;989.5263000000007;989.5263000000007;989.5263000000007;975.7944999999984;989.5263000000007;981.0756999999987;992.687700000005;
2466.0000000000236;994.2624000000319;992.687700000005;981.0756999999987;981.0756999999987;996.6208000000188;992.687700000005;995.4416000000253;992.687700000005;989.5263000000007;989.5263000000007;989.5263000000007;989.5263000000007;975.7944999999984;989.5263000000007;981.0756999999987;992.687700000005;
2467.0000000000236;994.2624000000319;992.687700000005;981.0756999999987;981.0756999999987;996.6208000000188;992.687700000005;995.4416000000253;992.687700000005;989.5263000000007;989.5263000000007;989.5263000000007;989.5263000000007;975.7944999999984;989.5263000000007;981.0756999999987;992.687700000005;
2468.0000000000236;994.2624000000319;992.687700000005;981.0756999999987;981.0756999999987;996.6208000000188;992.687700000005;995.4416000000253;992.687700000005;989.5263000000007;989.5263000000007;989.5263000000007;989.5263000000007;975.7944999999984;989.5263000000007;981.0756999999987;992.687700000005;
2469.0000000000236;994.2624000000319;992.687700000005;981.0756999999987;981.0756999999987;996.6208000000188;992.687700000005;995.4416000000253;992.687700000005;989.5263000000007;989.5263000000007;989.5263000000007;989.5263000000007;975.7944999999984;989.5263000000007;981.0756999999987;992.687700000005;
2470.0000000000236;994.2624000000319;992.687700000005;981.0756999999987;981.0756999999987;996.6208000000188;992.687700000005;995.4416000000253;992.687700000005;989.5263000000007;989.5263000000007;989.5263000000007;989.5263000000007;975.7944999999984;989.5263000000007;981.0756999999987;992.687700000005;
2471.0000000000236;994.2624000000319;992.687700000005;981.0756999999987;981.0756999999987;996.6208000000188;992.687700000005;995.4416000000253;992.687700000005;989.5263000000007;989.5263000000007;989.5263000000007;989.5263000000007;975.7944999999984;989.5263000000007;981.0756999999987;992.687700000005;
2472.0000000000236;994.2624000000319;992.687700000005;981.0756999999987;981.0756999999987;996.6208000000188;992.687700000005;995.4416000000253;992.687700000005;989.5263000000007;989.5263000000007;989.5263000000007;989.5263000000007;975.7944999999984;989.5263000000007;981.0756999999987;992.687700000005;
2473.0000000000236;994.2624000000319;992.687700000005;981.0756999999987;981.0756999999987;996.6208000000188;992.687700000005;995.4416000000253;992.687700000005;989.5263000000007;989.5263000000007;989.5263000000007;989.5263000000007;975.7944999999984;989.5263000000007;981.0756999999987;992.687700000005;
2474.0000000000236;994.2624000000319;992.687700000005;981.0756999999987;981.0756999999987;996.6208000000188;992.687700000005;995.4416000000253;992.687700000005;989.5263000000007;989.5263000000007;989.5263000000007;989.5263000000007;975.7944999999984;989.5263000000007;981.0756999999987;992.687700000005;
2475.0000000000236;994.2624000000319;992.687700000005;981.0756999999987;981.0756999999987;996.6208000000188;992.687700000005;995.4416000000253;992.687700000005;989.5263000000007;989.5263000000007;989.5263000000007;989.5263000000007;975.7944999999984;989.5263000000007;981.0756999999987;992.687700000005;
2476.0000000000236;994.2624000000319;992.687700000005;981.0756999999987;981.0756999999987;996.6208000000188;992.687700000005;995.4416000000253;992.687700000005;989.5263000000007;989.5263000000007;989.5263000000007;989.5263000000007;975.7944999999984;989.5263000000007;981.0756999999987;992.687700000005;
2477.0000000000236;994.2624000000319;992.687700000005;981.0756999999987;981.0756999999987;996.6208000000188;992.687700000005;995.4416000000253;992.687700000005;989.5263000000007;989.5263000000007;989.5263000000007;989.5263000000007;975.7944999999984;989.5263000000007;981.0756999999987;992.687700000005;
2478.0000000000236;994.2624000000319;992.687700000005;981.0756999999987;981.0756999999987;996.6208000000188;992.687700000005;995.4416000000253;992.687700000005;989.5263000000007;989.5263000000007;989.5263000000007;989.5263000000007;975.7944999999984;989.5263000000007;981.0756999999987;992.687700000005;
2479.0000000000236;994.2624000000319;992.687700000005;981.0756999999987;981.0756999999987;996.6208000000188;992.687700000005;995.4416000000253;992.687700000005;989.5263000000007;989.5263000000007;989.5263000000007;989.5263000000007;975.7944999999984;989.5263000000007;981.0756999999987;992.687700000005;
2480.0000000000236;994.2624000000319;992.687700000005;981.0756999999987;981.0756999999987;996.6208000000188;992.687700000005;995.4416000000253;992.687700000005;989.5263000000007;989.5263000000007;989.5263000000007;989.5263000000007;975.7944999999984;989.5263000000007;981.0756999999987;992.687700000005;
2481.0000000000236;994.2624000000319;992.687700000005;981.0756999999987;981.0756999999987;996.6208000000188;992.687700000005;995.4416000000253;992.687700000005;989.5263000000007;989.5263000000007;989.5263000000007;989.5263000000007;975.7944999999984;989.5263000000007;981.0756999999987;992.687700000005;
2482.0000000000236;994.2624000000319;992.687700000005;981.0756999999987;981.0756999999987;996.6208000000188;992.687700000005;995.4416000000253;992.687700000005;989.5263000000007;989.5263000000007;989.5263000000007;989.5263000000007;975.7944999999984;989.5263000000007;981.0756999999987;992.687700000005;
2483.0000000000236;994.2624000000319;992.687700000005;981.0756999999987;981.0756999999987;996.6208000000188;992.687700000005;995.4416000000253;992.687700000005;989.5263000000007;989.5263000000007;989.5263000000007;989.5263000000007;975.7944999999984;989.5263000000007;981.0756999999987;992.687700000005;
2484.0000000000236;994.2624000000319;992.687700000005;981.0756999999987;981.0756999999987;996.6208000000188;992.687700000005;995.4416000000253;992.687700000005;989.5263000000007;989.5263000000007;989.5263000000007;989.5263000000007;975.7944999999984;989.5263000000007;981.0756999999987;992.687700000005;
2485.0000000000236;994.2624000000319;992.687700000005;981.0756999999987;981.0756999999987;996.6208000000188;992.687700000005;995.4416000000253;992.687700000005;989.5263000000007;989.5263000000007;989.5263000000007;989.5263000000007;975.7944999999984;989.5263000000007;981.0756999999987;992.687700000005;
2486.0000000000236;994.2624000000319;992.687700000005;981.0756999999987;981.0756999999987;996.6208000000188;992.687700000005;995.4416000000253;992.687700000005;989.5263000000007;989.5263000000007;989.5263000000007;989.5263000000007;975.7944999999984;989.5263000000007;981.0756999999987;992.687700000005;
2487.0000000000236;994.2624000000319;992.687700000005;981.0756999999987;981.0756999999987;996.6208000000188;992.687700000005;995.4416000000253;992.687700000005;989.5263000000007;989.5263000000007;989.5263000000007;989.5263000000007;975.7944999999984;989.5263000000007;981.0756999999987;992.687700000005;
2488.0000000000236;994.2624000000319;992.687700000005;981.0756999999987;981.0756999999987;996.6208000000188;992.687700000005;995.4416000000253;992.687700000005;989.5263000000007;989.5263000000007;989.5263000000007;989.5263000000007;975.7944999999984;989.5263000000007;981.0756999999987;992.687700000005;
2489.0000000000236;994.2624000000319;992.687700000005;981.0756999999987;981.0756999999987;996.6208000000188;992.687700000005;995.4416000000253;992.687700000005;989.5263000000007;989.5263000000007;989.5263000000007;989.5263000000007;975.7944999999984;989.5263000000007;981.0756999999987;992.687700000005;
2489.8439454069235;994.2624000000319;992.687700000005;981.0756999999987;981.0756999999987;996.6208000000188;992.687600000005;995.4416000000253;992.687700000005;989.5263000000007;989.5263000000007;989.5263000000007;989.5263000000007;975.7944999999984;989.5263000000007;981.0756999999987;992.687700000005;
2489.8439454069235;994.2624000000319;992.687700000005;981.0756999999987;981.0756999999987;996.6208000000188;992.599600000005;995.4416000000253;992.687700000005;989.5263000000007;989.5263000000007;989.5263000000007;989.5263000000007;975.7944999999984;989.5263000000007;981.0756999999987;992.687700000005;
2489.8492614069237;994.253600000032;992.687700000005;981.0756999999987;981.0756999999987;996.6208000000188;992.599600000005;995.4416000000253;992.687700000005;989.5263000000007;989.5263000000007;989.5263000000007;989.5263000000007;975.7944999999984;989.5263000000007;981.0756999999987;992.687700000005;
2489.8492614069237;994.244800000032;992.687700000005;981.0756999999987;981.0756999999987;996.6208000000188;992.599600000005;995.4416000000253;992.687700000005;989.5263000000007;989.5263000000007;989.5263000000007;989.5263000000007;975.7944999999984;989.5263000000007;981.0756999999987;992.687700000005;
2489.854577406924;994.244800000032;992.687700000005;981.0756999999987;981.0756999999987;996.6208000000188;992.599600000005;995.4328000000254;992.687700000005;989.5263000000007;989.5263000000007;989.5263000000007;989.5263000000007;975.7944999999984;989.5263000000007;981.0756999999987;992.687700000005;
2489.957922520463;994.244800000032;992.687700000005;981.0756999999987;981.0756999999987;996.6208000000188;992.599600000005;995.4328000000254;992.687600000005;989.5263000000007;989.5263000000007;989.5263000000007;989.5263000000007;975.7944999999984;989.5263000000007;981.0756999999987;992.687700000005;
2489.957922520463;994.244800000032;992.687700000005;981.0756999999987;981.0756999999987;996.6208000000188;992.599600000005;995.4328000000254;992.599600000005;989.5263000000007;989.5263000000007;989.5263000000007;989.5263000000007;975.7944999999984;989.5263000000007;981.0756999999987;992.687700000005;
2489.961978260405;994.244800000032;992.687700000005;981.0756999999987;981.0756999999987;996.6208000000188;992.599600000005;995.4328000000254;992.599600000005;989.5263000000007;989.5263000000007;989.5263000000007;989.5263000000007;975.7943999999984;989.5263000000007;981.0756999999987;992.687700000005;
2489.961978260405;994.244800000032;992.687700000005;981.0756999999987;981.0756999999987;996.6208000000188;992.599600000005;995.4328000000254;992.599600000005;989.5263000000007;989.5263000000007;989.5263000000007;989.5263000000007;975.3543999999983;989.5263000000007;981.0756999999987;992.687700000005;
2489.963238520463;994.236000000032;992.687700000005;981.0756999999987;981.0756999999987;996.6208000000188;992.599600000005;995.4328000000254;992.599600000005;989.5263000000007;989.5263000000007;989.5263000000007;989.5263000000007;975.3543999999983;989.5263000000007;981.0756999999987;992.687700000005;
2489.967294260405;994.236000000032;992.687700000005;981.0756999999987;981.0756999999987;996.6120000000188;992.599600000005;995.4328000000254;992.599600000005;989.5263000000007;989.5263000000007;989.5263000000007;989.5263000000007;975.3543999999983;989.5263000000007;981.0756999999987;992.687700000005;
2489.967294260405;994.236000000032;992.687700000005;981.0756999999987;981.0756999999987;996.6032000000189;992.599600000005;995.4328000000254;992.599600000005;989.5263000000007;989.5263000000007;989.5263000000007;989.5263000000007;975.3543999999983;989.5263000000007;981.0756999999987;992.687700000005;
2490.8492847467783;994.2272000000321;992.599600000005;981.0756999999987;981.0756999999987;996.5944000000189;992.599600000005;995.4240000000254;992.599600000005;989.5263000000007;989.5263000000007;989.5263000000007;989.5263000000007;975.3543999999983;989.5263000000007;980.6355999999987;992.599600000005;
2491.849308086632;994.2184000000321;992.599600000005;981.0756999999987;981.0756999999987;996.585600000019;992.599600000005;995.4064000000255;992.599600000005;989.5263000000007;989.5263000000007;989.5263000000007;989.5263000000007;975.3543999999983;989.5263000000007;980.6355999999987;992.599600000005;
2492.000000000026;994.2096000000322;992.599600000005;981.0756999999987;981.0756999999987;996.585600000019;992.599600000005;995.3976000000256;992.599600000005;989.5263000000007;989.5263000000007;989.5263000000007;989.5263000000007;975.3543999999983;989.5263000000007;980.6355999999987;992.599600000005;
2492.849331426485;994.2096000000322;992.599600000005;981.0756999999987;981.0756999999987;996.585600000019;992.599600000005;995.3976000000256;992.599600000005;989.5263000000007;989.5263000000007;989.5263000000007;989.5263000000007;975.3543999999983;989.5263000000007;980.6355999999987;992.599600000005;
2494.000000000026;994.2096000000322;992.599600000005;981.0756999999987;981.0756999999987;996.585600000019;992.599600000005;995.3976000000256;992.599600000005;989.5263000000007;989.5263000000007;989.5263000000007;989.5263000000007;975.3543999999983;989.5263000000007;980.6355999999987;992.599600000005;
2495.000000000026;994.2096000000322;992.599600000005;981.0756999999987;981.0756999999987;996.585600000019;992.599600000005;995.3976000000256;992.599600000005;989.5263000000007;989.5263000000007;989.5263000000007;989.5263000000007;975.3543999999983;989.5263000000007;980.6355999999987;992.599600000005;
2496.000000000026;994.2096000000322;992.599600000005;981.0756999999987;981.0756999999987;996.585600000019;992.599600000005;995.3976000000256;992.599600000005;989.5263000000007;989.5263000000007;989.5263000000007;989.5263000000007;975.3543999999983;989.5263000000007;980.6355999999987;992.599600000005;
2497.000000000026;994.2096000000322;992.599600000005;981.0756999999987;981.0756999999987;996.585600000019;992.599600000005;995.3976000000256;992.599600000005;989.5263000000007;989.5263000000007;989.5263000000007;989.5263000000007;975.3543999999983;989.5263000000007;980.6355999999987;992.599600000005;
2498.000000000026;994.2096000000322;992.599600000005;981.0756999999987;981.0756999999987;996.585600000019;992.599600000005;995.3976000000256;992.599600000005;989.5263000000007;989.5263000000007;989.5263000000007;989.5263000000007;975.3543999999983;989.5263000000007;980.6355999999987;992.599600000005;
2499.000000000026;994.2096000000322;992.599600000005;981.0756999999987;981.0756999999987;996.585600000019;992.599600000005;995.3976000000256;992.599600000005;989.5263000000007;989.5263000000007;989.5263000000007;989.5263000000007;975.3543999999983;989.5263000000007;980.6355999999987;992.599600000005;
2500.000000000026;994.2096000000322;992.599600000005;981.0756999999987;981.0756999999987;996.585600000019;992.599600000005;995.3976000000256;992.599600000005;989.5263000000007;989.5263000000007;989.5263000000007;989.5263000000007;975.3543999999983;989.5263000000007;980.6355999999987;992.599600000005;
2501.000000000026;994.2096000000322;992.599600000005;981.0756999999987;981.0756999999987;996.585600000019;992.599600000005;995.3976000000256;992.599600000005;989.5263000000007;989.5263000000007;989.5263000000007;989.5263000000007;975.3543999999983;989.5263000000007;980.6355999999987;992.599600000005;
2502.000000000026;994.2096000000322;992.599600000005;981.0756999999987;981.0756999999987;996.585600000019;992.599600000005;995.3976000000256;992.599600000005;989.5263000000007;989.5263000000007;989.5263000000007;989.5263000000007;975.3543999999983;989.5263000000007;980.6355999999987;992.599600000005;
2503.000000000026;994.2096000000322;992.599600000005;981.0756999999987;981.0756999999987;996.585600000019;992.599600000005;995.3976000000256;992.599600000005;989.5263000000007;989.5263000000007;989.5263000000007;989.5263000000007;975.3543999999983;989.5263000000007;980.6355999999987;992.599600000005;
2504.000000000026;994.2096000000322;992.599600000005;981.0756999999987;981.0756999999987;996.585600000019;992.599600000005;995.3976000000256;992.599600000005;989.5263000000007;989.5263000000007;989.5263000000007;989.5263000000007;975.3543999999983;989.5263000000007;980.6355999999987;992.599600000005;
2505.000000000026;994.2096000000322;992.599600000005;981.0756999999987;981.0756999999987;996.585600000019;992.599600000005;995.3976000000256;992.599600000005;989.5263000000007;989.5263000000007;989.5263000000007;989.5263000000007;975.3543999999983;989.5263000000007;980.6355999999987;992.599600000005;
2506.000000000026;994.2096000000322;992.599600000005;981.0756999999987;981.0756999999987;996.585600000019;992.599600000005;995.3976000000256;992.599600000005;989.5263000000007;989.5263000000007;989.5263000000007;989.5263000000007;975.3543999999983;989.5263000000007;980.6355999999987;992.599600000005;
2507.000000000026;994.2096000000322;992.599600000005;981.0756999999987;981.0756999999987;996.585600000019;992.599600000005;995.3976000000256;992.599600000005;989.5263000000007;989.5263000000007;989.5263000000007;989.5263000000007;975.3543999999983;989.5263000000007;980.6355999999987;992.599600000005;
2508.000000000026;994.2096000000322;992.599600000005;981.0756999999987;981.0756999999987;996.585600000019;992.599600000005;995.3976000000256;992.599600000005;989.5263000000007;989.5263000000007;989.5263000000007;989.5263000000007;975.3543999999983;989.5263000000007;980.6355999999987;992.599600000005;
2509.000000000026;994.2096000000322;992.599600000005;981.0756999999987;981.0756999999987;996.585600000019;992.599600000005;995.3976000000256;992.599600000005;989.5263000000007;989.5263000000007;989.5263000000007;989.5263000000007;975.3543999999983;989.5263000000007;980.6355999999987;992.599600000005;
2510.000000000026;994.2096000000322;992.599600000005;981.0756999999987;981.0756999999987;996.585600000019;992.599600000005;995.3976000000256;992.599600000005;989.5263000000007;989.5263000000007;989.5263000000007;989.5263000000007;975.3543999999983;989.5263000000007;980.6355999999987;992.599600000005;
2511.000000000026;994.2096000000322;992.599600000005;981.0756999999987;981.0756999999987;996.585600000019;992.599600000005;995.3976000000256;992.599600000005;989.5263000000007;989.5263000000007;989.5263000000007;989.5263000000007;975.3543999999983;989.5263000000007;980.6355999999987;992.599600000005;
2512.000000000026;994.2096000000322;992.599600000005;981.0756999999987;981.0756999999987;996.585600000019;992.599600000005;995.3976000000256;992.599600000005;989.5263000000007;989.5263000000007;989.5263000000007;989.5263000000007;975.3543999999983;989.5263000000007;980.6355999999987;992.599600000005;
2513.000000000026;994.2096000000322;992.599600000005;981.0756999999987;981.0756999999987;996.585600000019;992.599600000005;995.3976000000256;992.599600000005;989.5263000000007;989.5263000000007;989.5263000000007;989.5263000000007;975.3543999999983;989.5263000000007;980.6355999999987;992.599600000005;
2514.000000000026;994.2096000000322;992.599600000005;981.0756999999987;981.0756999999987;996.585600000019;992.599600000005;995.3976000000256;992.599600000005;989.5263000000007;989.5263000000007;989.5263000000007;989.5263000000007;975.3543999999983;989.5263000000007;980.6355999999987;992.599600000005;
2515.000000000026;994.2096000000322;992.599600000005;981.0756999999987;981.0756999999987;996.585600000019;992.599600000005;995.3976000000256;992.599600000005;989.5263000000007;989.5263000000007;989.5263000000007;989.5263000000007;975.3543999999983;989.5263000000007;980.6355999999987;992.599600000005;
2516.000000000026;994.2096000000322;992.599600000005;981.0756999999987;981.0756999999987;996.585600000019;992.599600000005;995.3976000000256;992.599600000005;989.5263000000007;989.5263000000007;989.5263000000007;989.5263000000007;975.3543999999983;989.5263000000007;980.6355999999987;992.599600000005;
2517.000000000026;994.2096000000322;992.599600000005;981.0756999999987;981.0756999999987;996.585600000019;992.599600000005;995.3976000000256;992.599600000005;989.5263000000007;989.5263000000007;989.5263000000007;989.5263000000007;975.3543999999983;989.5263000000007;980.6355999999987;992.599600000005;
2518.000000000026;994.2096000000322;992.599600000005;981.0756999999987;981.0756999999987;996.585600000019;992.599600000005;995.3976000000256;992.599600000005;989.5263000000007;989.5263000000007;989.5263000000007;989.5263000000007;975.3543999999983;989.5263000000007;980.6355999999987;992.599600000005;
2519.000000000026;994.2096000000322;992.599600000005;981.0756999999987;981.0756999999987;996.585600000019;992.599600000005;995.3976000000256;992.599600000005;989.5263000000007;989.5263000000007;989.5263000000007;989.5263000000007;975.3543999999983;989.5263000000007;980.6355999999987;992.599600000005;
2519.842051096782;994.2096000000322;992.599600000005;981.0756999999987;981.0756999999987;996.585600000019;992.599500000005;995.3976000000256;992.599600000005;989.5263000000007;989.5263000000007;989.5263000000007;989.5263000000007;975.3543999999983;989.5263000000007;980.6355999999987;992.599600000005;
2519.842051096782;994.2096000000322;992.599600000005;981.0756999999987;981.0756999999987;996.585600000019;992.5115000000051;995.3976000000256;992.599600000005;989.5263000000007;989.5263000000007;989.5263000000007;989.5263000000007;975.3543999999983;989.5263000000007;980.6355999999987;992.599600000005;
2519.8473670967824;994.2008000000322;992.599600000005;981.0756999999987;981.0756999999987;996.585600000019;992.5115000000051;995.3976000000256;992.599600000005;989.5263000000007;989.5263000000007;989.5263000000007;989.5263000000007;975.3543999999983;989.5263000000007;980.6355999999987;992.599600000005;
2519.8473670967824;994.1920000000323;992.599600000005;981.0756999999987;981.0756999999987;996.585600000019;992.5115000000051;995.3976000000256;992.599600000005;989.5263000000007;989.5263000000007;989.5263000000007;989.5263000000007;975.3543999999983;989.5263000000007;980.6355999999987;992.599600000005;
2519.8526830967826;994.1920000000323;992.599600000005;981.0756999999987;981.0756999999987;996.585600000019;992.5115000000051;995.3888000000256;992.599600000005;989.5263000000007;989.5263000000007;989.5263000000007;989.5263000000007;975.3543999999983;989.5263000000007;980.6355999999987;992.599600000005;
2519.8657795377253;994.1920000000323;992.599600000005;981.0755999999988;981.0756999999987;996.585600000019;992.5115000000051;995.3888000000256;992.599600000005;989.5263000000007;989.5263000000007;989.5263000000007;989.5263000000007;975.3543999999983;989.5263000000007;980.6355999999987;992.599600000005;
2519.8657795377253;994.1920000000323;992.599600000005;980.6355999999987;981.0756999999987;996.585600000019;992.5115000000051;995.3888000000256;992.599600000005;989.5263000000007;989.5263000000007;989.5263000000007;989.5263000000007;975.3543999999983;989.5263000000007;980.6355999999987;992.599600000005;
2519.8710955377255;994.1832000000323;992.599600000005;980.6355999999987;981.0756999999987;996.585600000019;992.5115000000051;995.3888000000256;992.599600000005;989.5263000000007;989.5263000000007;989.5263000000007;989.5263000000007;975.3543999999983;989.5263000000007;980.6355999999987;992.599600000005;
2519.948294474404;994.1832000000323;992.599600000005;980.6355999999987;981.0755999999988;996.585600000019;992.5115000000051;995.3888000000256;992.599600000005;989.5263000000007;989.5263000000007;989.5263000000007;989.5263000000007;975.3543999999983;989.5263000000007;980.6355999999987;992.599600000005;
2519.948294474404;994.1832000000323;992.599600000005;980.6355999999987;980.6355999999987;996.585600000019;992.5115000000051;995.3888000000256;992.599600000005;989.5263000000007;989.5263000000007;989.5263000000007;989.5263000000007;975.3543999999983;989.5263000000007;980.6355999999987;992.599600000005;
2519.9536104744043;994.1832000000323;992.599600000005;980.6355999999987;980.6355999999987;996.576800000019;992.5115000000051;995.3888000000256;992.599600000005;989.5263000000007;989.5263000000007;989.5263000000007;989.5263000000007;975.3543999999983;989.5263000000007;980.6355999999987;992.599600000005;
2519.9536104744043;994.1832000000323;992.599600000005;980.6355999999987;980.6355999999987;996.5680000000191;992.5115000000051;995.3888000000256;992.599600000005;989.5263000000007;989.5263000000007;989.5263000000007;989.5263000000007;975.3543999999983;989.5263000000007;980.6355999999987;992.599600000005;
2520.0000000000264;994.1744000000324;992.599600000005;980.6355999999987;980.6355999999987;996.5592000000191;992.5115000000051;995.3800000000257;992.5115000000051;989.5263000000007;989.5263000000007;989.5263000000007;989.5263000000007;974.9142999999983;989.5263000000007;980.6355999999987;992.599600000005;
2520.8473904366365;994.1656000000324;992.5115000000051;980.6355999999987;980.6355999999987;996.5504000000192;992.5115000000051;995.3800000000257;992.5115000000051;989.5263000000007;989.5263000000007;989.5263000000007;989.5263000000007;974.9142999999983;989.5263000000007;980.1954999999987;992.5115000000051;
2521.8474137764897;994.1568000000325;992.5115000000051;980.6355999999987;980.6355999999987;996.5416000000192;992.5115000000051;995.3624000000258;992.5115000000051;989.5263000000007;989.5263000000007;989.5263000000007;989.5263000000007;974.9142999999983;989.5263000000007;980.1954999999987;992.5115000000051;
2522.8474371163434;994.1480000000325;992.5115000000051;980.6355999999987;980.6355999999987;996.5328000000193;992.5115000000051;995.3448000000259;992.5115000000051;989.5263000000007;989.5263000000007;989.5263000000007;989.5263000000007;974.9142999999983;989.5263000000007;980.1954999999987;992.5115000000051;
2522.8474371163434;994.1392000000326;992.5115000000051;980.6355999999987;980.6355999999987;996.5328000000193;992.5115000000051;995.3448000000259;992.5115000000051;989.5263000000007;989.5263000000007;989.5263000000007;989.5263000000007;974.9142999999983;989.5263000000007;980.1954999999987;992.5115000000051;
2523.847460456197;994.1392000000326;992.5115000000051;980.6355999999987;980.6355999999987;996.5328000000193;992.5115000000051;995.3360000000259;992.5115000000051;989.5263000000007;989.5263000000007;989.5263000000007;989.5263000000007;974.9142999999983;989.5263000000007;980.1954999999987;992.5115000000051;
2525.000000000028;994.1392000000326;992.5115000000051;980.6355999999987;980.6355999999987;996.5328000000193;992.5115000000051;995.3360000000259;992.5115000000051;989.5263000000007;989.5263000000007;989.5263000000007;989.5263000000007;974.9142999999983;989.5263000000007;980.1954999999987;992.5115000000051;
2526.000000000028;994.1392000000326;992.5115000000051;980.6355999999987;980.6355999999987;996.5328000000193;992.5115000000051;995.3360000000259;992.5115000000051;989.5263000000007;989.5263000000007;989.5263000000007;989.5263000000007;974.9142999999983;989.5263000000007;980.1954999999987;992.5115000000051;
2527.000000000028;994.1392000000326;992.5115000000051;980.6355999999987;980.6355999999987;996.5328000000193;992.5115000000051;995.3360000000259;992.5115000000051;989.5263000000007;989.5263000000007;989.5263000000007;989.5263000000007;974.9142999999983;989.5263000000007;980.1954999999987;992.5115000000051;
2528.000000000028;994.1392000000326;992.5115000000051;980.6355999999987;980.6355999999987;996.5328000000193;992.5115000000051;995.3360000000259;992.5115000000051;989.5263000000007;989.5263000000007;989.5263000000007;989.5263000000007;974.9142999999983;989.5263000000007;980.1954999999987;992.5115000000051;
2529.000000000028;994.1392000000326;992.5115000000051;980.6355999999987;980.6355999999987;996.5328000000193;992.5115000000051;995.3360000000259;992.5115000000051;989.5263000000007;989.5263000000007;989.5263000000007;989.5263000000007;974.9142999999983;989.5263000000007;980.1954999999987;992.5115000000051;
2530.000000000028;994.1392000000326;992.5115000000051;980.6355999999987;980.6355999999987;996.5328000000193;992.5115000000051;995.3360000000259;992.5115000000051;989.5263000000007;989.5263000000007;989.5263000000007;989.5263000000007;974.9142999999983;989.5263000000007;980.1954999999987;992.5115000000051;
2531.000000000028;994.1392000000326;992.5115000000051;980.6355999999987;980.6355999999987;996.5328000000193;992.5115000000051;995.3360000000259;992.5115000000051;989.5263000000007;989.5263000000007;989.5263000000007;989.5263000000007;974.9142999999983;989.5263000000007;980.1954999999987;992.5115000000051;
2532.000000000028;994.1392000000326;992.5115000000051;980.6355999999987;980.6355999999987;996.5328000000193;992.5115000000051;995.3360000000259;992.5115000000051;989.5263000000007;989.5263000000007;989.5263000000007;989.5263000000007;974.9142999999983;989.5263000000007;980.1954999999987;992.5115000000051;
2533.000000000028;994.1392000000326;992.5115000000051;980.6355999999987;980.6355999999987;996.5328000000193;992.5115000000051;995.3360000000259;992.5115000000051;989.5263000000007;989.5263000000007;989.5263000000007;989.5263000000007;974.9142999999983;989.5263000000007;980.1954999999987;992.5115000000051;
2534.000000000028;994.1392000000326;992.5115000000051;980.6355999999987;980.6355999999987;996.5328000000193;992.5115000000051;995.3360000000259;992.5115000000051;989.5263000000007;989.5263000000007;989.5263000000007;989.5263000000007;974.9142999999983;989.5263000000007;980.1954999999987;992.5115000000051;
2535.000000000028;994.1392000000326;992.5115000000051;980.6355999999987;980.6355999999987;996.5328000000193;992.5115000000051;995.3360000000259;992.5115000000051;989.5263000000007;989.5263000000007;989.5263000000007;989.5263000000007;974.9142999999983;989.5263000000007;980.1954999999987;992.5115000000051;
2536.000000000028;994.1392000000326;992.5115000000051;980.6355999999987;980.6355999999987;996.5328000000193;992.5115000000051;995.3360000000259;992.5115000000051;989.5263000000007;989.5263000000007;989.5263000000007;989.5263000000007;974.9142999999983;989.5263000000007;980.1954999999987;992.5115000000051;
2537.000000000028;994.1392000000326;992.5115000000051;980.6355999999987;980.6355999999987;996.5328000000193;992.5115000000051;995.3360000000259;992.5115000000051;989.5263000000007;989.5263000000007;989.5263000000007;989.5263000000007;974.9142999999983;989.5263000000007;980.1954999999987;992.5115000000051;
2538.000000000028;994.1392000000326;992.5115000000051;980.6355999999987;980.6355999999987;996.5328000000193;992.5115000000051;995.3360000000259;992.5115000000051;989.5263000000007;989.5263000000007;989.5263000000007;989.5263000000007;974.9142999999983;989.5263000000007;980.1954999999987;992.5115000000051;
2539.000000000028;994.1392000000326;992.5115000000051;980.6355999999987;980.6355999999987;996.5328000000193;992.5115000000051;995.3360000000259;992.5115000000051;989.5263000000007;989.5263000000007;989.5263000000007;989.5263000000007;974.9142999999983;989.5263000000007;980.1954999999987;992.5115000000051;
2540.000000000028;994.1392000000326;992.5115000000051;980.6355999999987;980.6355999999987;996.5328000000193;992.5115000000051;995.3360000000259;992.5115000000051;989.5263000000007;989.5263000000007;989.5263000000007;989.5263000000007;974.9142999999983;989.5263000000007;980.1954999999987;992.5115000000051;
2541.000000000028;994.1392000000326;992.5115000000051;980.6355999999987;980.6355999999987;996.5328000000193;992.5115000000051;995.3360000000259;992.5115000000051;989.5263000000007;989.5263000000007;989.5263000000007;989.5263000000007;974.9142999999983;989.5263000000007;980.1954999999987;992.5115000000051;
2542.000000000028;994.1392000000326;992.5115000000051;980.6355999999987;980.6355999999987;996.5328000000193;992.5115000000051;995.3360000000259;992.5115000000051;989.5263000000007;989.5263000000007;989.5263000000007;989.5263000000007;974.9142999999983;989.5263000000007;980.1954999999987;992.5115000000051;
2543.000000000028;994.1392000000326;992.5115000000051;980.6355999999987;980.6355999999987;996.5328000000193;992.5115000000051;995.3360000000259;992.5115000000051;989.5263000000007;989.5263000000007;989.5263000000007;989.5263000000007;974.9142999999983;989.5263000000007;980.1954999999987;992.5115000000051;
2544.000000000028;994.1392000000326;992.5115000000051;980.6355999999987;980.6355999999987;996.5328000000193;992.5115000000051;995.3360000000259;992.5115000000051;989.5263000000007;989.5263000000007;989.5263000000007;989.5263000000007;974.9142999999983;989.5263000000007;980.1954999999987;992.5115000000051;
2545.000000000028;994.1392000000326;992.5115000000051;980.6355999999987;980.6355999999987;996.5328000000193;992.5115000000051;995.3360000000259;992.5115000000051;989.5263000000007;989.5263000000007;989.5263000000007;989.5263000000007;974.9142999999983;989.5263000000007;980.1954999999987;992.5115000000051;
2546.000000000028;994.1392000000326;992.5115000000051;980.6355999999987;980.6355999999987;996.5328000000193;992.5115000000051;995.3360000000259;992.5115000000051;989.5263000000007;989.5263000000007;989.5263000000007;989.5263000000007;974.9142999999983;989.5263000000007;980.1954999999987;992.5115000000051;
2547.000000000028;994.1392000000326;992.5115000000051;980.6355999999987;980.6355999999987;996.5328000000193;992.5115000000051;995.3360000000259;992.5115000000051;989.5263000000007;989.5263000000007;989.5263000000007;989.5263000000007;974.9142999999983;989.5263000000007;980.1954999999987;992.5115000000051;
2548.000000000028;994.1392000000326;992.5115000000051;980.6355999999987;980.6355999999987;996.5328000000193;992.5115000000051;995.3360000000259;992.5115000000051;989.5263000000007;989.5263000000007;989.5263000000007;989.5263000000007;974.9142999999983;989.5263000000007;980.1954999999987;992.5115000000051;
2549.000000000028;994.1392000000326;992.5115000000051;980.6355999999987;980.6355999999987;996.5328000000193;992.5115000000051;995.3360000000259;992.5115000000051;989.5263000000007;989.5263000000007;989.5263000000007;989.5263000000007;974.9142999999983;989.5263000000007;980.1954999999987;992.5115000000051;
2549.840156786641;994.1392000000326;992.5115000000051;980.6355999999987;980.6355999999987;996.5328000000193;992.5114000000051;995.3360000000259;992.5115000000051;989.5263000000007;989.5263000000007;989.5263000000007;989.5263000000007;974.9142999999983;989.5263000000007;980.1954999999987;992.5115000000051;
2549.840156786641;994.1392000000326;992.5115000000051;980.6355999999987;980.6355999999987;996.5328000000193;992.4234000000051;995.3360000000259;992.5115000000051;989.5263000000007;989.5263000000007;989.5263000000007;989.5263000000007;974.9142999999983;989.5263000000007;980.1954999999987;992.5115000000051;
2549.845472786641;994.1304000000326;992.5115000000051;980.6355999999987;980.6355999999987;996.5328000000193;992.4234000000051;995.3360000000259;992.5115000000051;989.5263000000007;989.5263000000007;989.5263000000007;989.5263000000007;974.9142999999983;989.5263000000007;980.1954999999987;992.5115000000051;
2549.845472786641;994.1216000000327;992.5115000000051;980.6355999999987;980.6355999999987;996.5328000000193;992.4234000000051;995.3360000000259;992.5115000000051;989.5263000000007;989.5263000000007;989.5263000000007;989.5263000000007;974.9142999999983;989.5263000000007;980.1954999999987;992.5115000000051;
2549.8507887866413;994.1216000000327;992.5115000000051;980.6355999999987;980.6355999999987;996.5328000000193;992.4234000000051;995.327200000026;992.5115000000051;989.5263000000007;989.5263000000007;989.5263000000007;989.5263000000007;974.9142999999983;989.5263000000007;980.1954999999987;992.5115000000051;
2549.9488661771625;994.1216000000327;992.5115000000051;980.6355999999987;980.6355999999987;996.5328000000193;992.4234000000051;995.327200000026;992.5115000000051;989.5262000000007;989.5263000000007;989.5263000000007;989.5263000000007;974.9142999999983;989.5263000000007;980.1954999999987;992.5115000000051;
2549.9488661771625;994.1216000000327;992.5115000000051;980.6355999999987;980.6355999999987;996.5328000000193;992.4234000000051;995.327200000026;992.5115000000051;988.9102000000007;989.5263000000007;989.5263000000007;989.5263000000007;974.9142999999983;989.5263000000007;980.1954999999987;992.5115000000051;
2549.9541821771627;994.1128000000327;992.5115000000051;980.6355999999987;980.6355999999987;996.5328000000193;992.4234000000051;995.327200000026;992.5115000000051;988.9102000000007;989.5263000000007;989.5263000000007;989.5263000000007;974.9142999999983;989.5263000000007;980.1954999999987;992.5115000000051;
2549.9568903637887;994.1128000000327;992.5115000000051;980.6355999999987;980.6355999999987;996.5328000000193;992.4234000000051;995.327200000026;992.5114000000051;988.9102000000007;989.5263000000007;989.5263000000007;989.5263000000007;974.9142999999983;989.5263000000007;980.1954999999987;992.5115000000051;
2549.9568903637887;994.1128000000327;992.5115000000051;980.6355999999987;980.6355999999987;996.5328000000193;992.4234000000051;995.327200000026;992.4234000000051;988.9102000000007;989.5263000000007;989.5263000000007;989.5263000000007;974.9142999999983;989.5263000000007;980.1954999999987;992.5115000000051;
2549.9610255092334;994.1128000000327;992.5115000000051;980.6355999999987;980.6355999999987;996.5328000000193;992.4234000000051;995.327200000026;992.4234000000051;988.9102000000007;989.5263000000007;989.5263000000007;989.5263000000007;974.9141999999983;989.5263000000007;980.1954999999987;992.5115000000051;
2549.9610255092334;994.1128000000327;992.5115000000051;980.6355999999987;980.6355999999987;996.5328000000193;992.4234000000051;995.327200000026;992.4234000000051;988.9102000000007;989.5263000000007;989.5263000000007;989.5263000000007;974.4741999999983;989.5263000000007;980.1954999999987;992.5115000000051;
2550.845496126495;994.0864000000329;992.4234000000051;980.6355999999987;980.6355999999987;996.4888000000195;992.4234000000051;995.318400000026;992.4234000000051;988.9102000000007;988.9102000000007;988.9102000000007;988.9102000000007;974.4741999999983;988.9102000000007;980.1954999999987;992.4234000000051;
2550.845496126495;994.0776000000329;992.4234000000051;980.6355999999987;980.6355999999987;996.4888000000195;992.4234000000051;995.318400000026;992.4234000000051;988.9102000000007;988.9102000000007;988.9102000000007;988.9102000000007;974.4741999999983;988.9102000000007;980.1954999999987;992.4234000000051;
2551.845519466349;994.0776000000329;992.4234000000051;980.6355999999987;980.6355999999987;996.4800000000196;992.4234000000051;995.3008000000261;992.4234000000051;988.9102000000007;988.9102000000007;988.9102000000007;988.9102000000007;974.4741999999983;988.9102000000007;980.1954999999987;992.4234000000051;
2552.845542806202;994.068800000033;992.4234000000051;980.6355999999987;980.6355999999987;996.4712000000196;992.4234000000051;995.2832000000262;992.4234000000051;988.9102000000007;988.9102000000007;988.9102000000007;988.9102000000007;974.4741999999983;988.9102000000007;980.1954999999987;992.4234000000051;
2552.9663956127615;994.060000000033;992.4234000000051;980.6355999999987;980.6355999999987;996.4712000000196;992.4234000000051;995.2744000000263;992.4234000000051;988.9102000000007;988.9102000000007;988.9102000000007;988.9102000000007;974.4741999999983;988.9102000000007;980.1954999999987;992.4234000000051;
2553.8455661460557;994.060000000033;992.4234000000051;980.6355999999987;980.6355999999987;996.4624000000197;992.4234000000051;995.2656000000263;992.4234000000051;988.9102000000007;988.9102000000007;988.9102000000007;988.9102000000007;974.4741999999983;988.9102000000007;980.1954999999987;992.4234000000051;
2554.8455894859094;994.0512000000331;992.4234000000051;980.6355999999987;980.6355999999987;996.4624000000197;992.4234000000051;995.2568000000264;992.4234000000051;988.9102000000007;988.9102000000007;988.9102000000007;988.9102000000007;974.4741999999983;988.9102000000007;980.1954999999987;992.4234000000051;
2555.000000000031;994.0512000000331;992.4234000000051;980.6355999999987;980.6355999999987;996.4624000000197;992.4234000000051;995.2568000000264;992.4234000000051;988.9102000000007;988.9102000000007;988.9102000000007;988.9102000000007;974.4741999999983;988.9102000000007;980.1954999999987;992.4234000000051;
2556.000000000031;994.0512000000331;992.4234000000051;980.6355999999987;980.6355999999987;996.4624000000197;992.4234000000051;995.2568000000264;992.4234000000051;988.9102000000007;988.9102000000007;988.9102000000007;988.9102000000007;974.4741999999983;988.9102000000007;980.1954999999987;992.4234000000051;
2557.000000000031;994.0512000000331;992.4234000000051;980.6355999999987;980.6355999999987;996.4624000000197;992.4234000000051;995.2568000000264;992.4234000000051;988.9102000000007;988.9102000000007;988.9102000000007;988.9102000000007;974.4741999999983;988.9102000000007;980.1954999999987;992.4234000000051;
2558.000000000031;994.0512000000331;992.4234000000051;980.6355999999987;980.6355999999987;996.4624000000197;992.4234000000051;995.2568000000264;992.4234000000051;988.9102000000007;988.9102000000007;988.9102000000007;988.9102000000007;974.4741999999983;988.9102000000007;980.1954999999987;992.4234000000051;
2559.000000000031;994.0512000000331;992.4234000000051;980.6355999999987;980.6355999999987;996.4624000000197;992.4234000000051;995.2568000000264;992.4234000000051;988.9102000000007;988.9102000000007;988.9102000000007;988.9102000000007;974.4741999999983;988.9102000000007;980.1954999999987;992.4234000000051;
2560.000000000031;994.0512000000331;992.4234000000051;980.6355999999987;980.6355999999987;996.4624000000197;992.4234000000051;995.2568000000264;992.4234000000051;988.9102000000007;988.9102000000007;988.9102000000007;988.9102000000007;974.4741999999983;988.9102000000007;980.1954999999987;992.4234000000051;
2561.000000000031;994.0512000000331;992.4234000000051;980.6355999999987;980.6355999999987;996.4624000000197;992.4234000000051;995.2568000000264;992.4234000000051;988.9102000000007;988.9102000000007;988.9102000000007;988.9102000000007;974.4741999999983;988.9102000000007;980.1954999999987;992.4234000000051;
2562.000000000031;994.0512000000331;992.4234000000051;980.6355999999987;980.6355999999987;996.4624000000197;992.4234000000051;995.2568000000264;992.4234000000051;988.9102000000007;988.9102000000007;988.9102000000007;988.9102000000007;974.4741999999983;988.9102000000007;980.1954999999987;992.4234000000051;
2563.000000000031;994.0512000000331;992.4234000000051;980.6355999999987;980.6355999999987;996.4624000000197;992.4234000000051;995.2568000000264;992.4234000000051;988.9102000000007;988.9102000000007;988.9102000000007;988.9102000000007;974.4741999999983;988.9102000000007;980.1954999999987;992.4234000000051;
2564.000000000031;994.0512000000331;992.4234000000051;980.6355999999987;980.6355999999987;996.4624000000197;992.4234000000051;995.2568000000264;992.4234000000051;988.9102000000007;988.9102000000007;988.9102000000007;988.9102000000007;974.4741999999983;988.9102000000007;980.1954999999987;992.4234000000051;
2565.000000000031;994.0512000000331;992.4234000000051;980.6355999999987;980.6355999999987;996.4624000000197;992.4234000000051;995.2568000000264;992.4234000000051;988.9102000000007;988.9102000000007;988.9102000000007;988.9102000000007;974.4741999999983;988.9102000000007;980.1954999999987;992.4234000000051;
2566.000000000031;994.0512000000331;992.4234000000051;980.6355999999987;980.6355999999987;996.4624000000197;992.4234000000051;995.2568000000264;992.4234000000051;988.9102000000007;988.9102000000007;988.9102000000007;988.9102000000007;974.4741999999983;988.9102000000007;980.1954999999987;992.4234000000051;
2567.000000000031;994.0512000000331;992.4234000000051;980.6355999999987;980.6355999999987;996.4624000000197;992.4234000000051;995.2568000000264;992.4234000000051;988.9102000000007;988.9102000000007;988.9102000000007;988.9102000000007;974.4741999999983;988.9102000000007;980.1954999999987;992.4234000000051;
2568.000000000031;994.0512000000331;992.4234000000051;980.6355999999987;980.6355999999987;996.4624000000197;992.4234000000051;995.2568000000264;992.4234000000051;988.9102000000007;988.9102000000007;988.9102000000007;988.9102000000007;974.4741999999983;988.9102000000007;980.1954999999987;992.4234000000051;
2569.000000000031;994.0512000000331;992.4234000000051;980.6355999999987;980.6355999999987;996.4624000000197;992.4234000000051;995.2568000000264;992.4234000000051;988.9102000000007;988.9102000000007;988.9102000000007;988.9102000000007;974.4741999999983;988.9102000000007;980.1954999999987;992.4234000000051;
2570.000000000031;994.0512000000331;992.4234000000051;980.6355999999987;980.6355999999987;996.4624000000197;992.4234000000051;995.2568000000264;992.4234000000051;988.9102000000007;988.9102000000007;988.9102000000007;988.9102000000007;974.4741999999983;988.9102000000007;980.1954999999987;992.4234000000051;
2571.000000000031;994.0512000000331;992.4234000000051;980.6355999999987;980.6355999999987;996.4624000000197;992.4234000000051;995.2568000000264;992.4234000000051;988.9102000000007;988.9102000000007;988.9102000000007;988.9102000000007;974.4741999999983;988.9102000000007;980.1954999999987;992.4234000000051;
2572.000000000031;994.0512000000331;992.4234000000051;980.6355999999987;980.6355999999987;996.4624000000197;992.4234000000051;995.2568000000264;992.4234000000051;988.9102000000007;988.9102000000007;988.9102000000007;988.9102000000007;974.4741999999983;988.9102000000007;980.1954999999987;992.4234000000051;
2573.000000000031;994.0512000000331;992.4234000000051;980.6355999999987;980.6355999999987;996.4624000000197;992.4234000000051;995.2568000000264;992.4234000000051;988.9102000000007;988.9102000000007;988.9102000000007;988.9102000000007;974.4741999999983;988.9102000000007;980.1954999999987;992.4234000000051;
2574.000000000031;994.0512000000331;992.4234000000051;980.6355999999987;980.6355999999987;996.4624000000197;992.4234000000051;995.2568000000264;992.4234000000051;988.9102000000007;988.9102000000007;988.9102000000007;988.9102000000007;974.4741999999983;988.9102000000007;980.1954999999987;992.4234000000051;
2575.000000000031;994.0512000000331;992.4234000000051;980.6355999999987;980.6355999999987;996.4624000000197;992.4234000000051;995.2568000000264;992.4234000000051;988.9102000000007;988.9102000000007;988.9102000000007;988.9102000000007;974.4741999999983;988.9102000000007;980.1954999999987;992.4234000000051;
2576.000000000031;994.0512000000331;992.4234000000051;980.6355999999987;980.6355999999987;996.4624000000197;992.4234000000051;995.2568000000264;992.4234000000051;988.9102000000007;988.9102000000007;988.9102000000007;988.9102000000007;974.4741999999983;988.9102000000007;980.1954999999987;992.4234000000051;
2577.000000000031;994.0512000000331;992.4234000000051;980.6355999999987;980.6355999999987;996.4624000000197;992.4234000000051;995.2568000000264;992.4234000000051;988.9102000000007;988.9102000000007;988.9102000000007;988.9102000000007;974.4741999999983;988.9102000000007;980.1954999999987;992.4234000000051;
2578.000000000031;994.0512000000331;992.4234000000051;980.6355999999987;980.6355999999987;996.4624000000197;992.4234000000051;995.2568000000264;992.4234000000051;988.9102000000007;988.9102000000007;988.9102000000007;988.9102000000007;974.4741999999983;988.9102000000007;980.1954999999987;992.4234000000051;
2579.000000000031;994.0512000000331;992.4234000000051;980.6355999999987;980.6355999999987;996.4624000000197;992.4234000000051;995.2568000000264;992.4234000000051;988.9102000000007;988.9102000000007;988.9102000000007;988.9102000000007;974.4741999999983;988.9102000000007;980.1954999999987;992.4234000000051;
2579.8382624765;994.0512000000331;992.4234000000051;980.6355999999987;980.6355999999987;996.4624000000197;992.4233000000052;995.2568000000264;992.4234000000051;988.9102000000007;988.9102000000007;988.9102000000007;988.9102000000007;974.4741999999983;988.9102000000007;980.1954999999987;992.4234000000051;
2579.8382624765;994.0512000000331;992.4234000000051;980.6355999999987;980.6355999999987;996.4624000000197;992.3353000000052;995.2568000000264;992.4234000000051;988.9102000000007;988.9102000000007;988.9102000000007;988.9102000000007;974.4741999999983;988.9102000000007;980.1954999999987;992.4234000000051;
2579.8435784765;994.0424000000331;992.4234000000051;980.6355999999987;980.6355999999987;996.4624000000197;992.3353000000052;995.2568000000264;992.4234000000051;988.9102000000007;988.9102000000007;988.9102000000007;988.9102000000007;974.4741999999983;988.9102000000007;980.1954999999987;992.4234000000051;
2579.8435784765;994.0336000000332;992.4234000000051;980.6355999999987;980.6355999999987;996.4624000000197;992.3353000000052;995.2568000000264;992.4234000000051;988.9102000000007;988.9102000000007;988.9102000000007;988.9102000000007;974.4741999999983;988.9102000000007;980.1954999999987;992.4234000000051;
2579.8488944765004;994.0336000000332;992.4234000000051;980.6355999999987;980.6355999999987;996.4624000000197;992.3353000000052;995.2480000000264;992.4234000000051;988.9102000000007;988.9102000000007;988.9102000000007;988.9102000000007;974.4741999999983;988.9102000000007;980.1954999999987;992.4234000000051;
2579.8624348612616;994.0336000000332;992.4234000000051;980.6354999999987;980.6355999999987;996.4624000000197;992.3353000000052;995.2480000000264;992.4234000000051;988.9102000000007;988.9102000000007;988.9102000000007;988.9102000000007;974.4741999999983;988.9102000000007;980.1954999999987;992.4234000000051;
2579.8624348612616;994.0336000000332;992.4234000000051;980.1954999999987;980.6355999999987;996.4624000000197;992.3353000000052;995.2480000000264;992.4234000000051;988.9102000000007;988.9102000000007;988.9102000000007;988.9102000000007;974.4741999999983;988.9102000000007;980.1954999999987;992.4234000000051;
2579.867750861262;994.0248000000332;992.4234000000051;980.1954999999987;980.6355999999987;996.4624000000197;992.3353000000052;995.2480000000264;992.4234000000051;988.9102000000007;988.9102000000007;988.9102000000007;988.9102000000007;974.4741999999983;988.9102000000007;980.1954999999987;992.4234000000051;
2579.9470573767103;994.0248000000332;992.4234000000051;980.1954999999987;980.6354999999987;996.4624000000197;992.3353000000052;995.2480000000264;992.4234000000051;988.9102000000007;988.9102000000007;988.9102000000007;988.9102000000007;974.4741999999983;988.9102000000007;980.1954999999987;992.4234000000051;
2579.9470573767103;994.0248000000332;992.4234000000051;980.1954999999987;980.1954999999987;996.4624000000197;992.3353000000052;995.2480000000264;992.4234000000051;988.9102000000007;988.9102000000007;988.9102000000007;988.9102000000007;974.4741999999983;988.9102000000007;980.1954999999987;992.4234000000051;
2579.9523733767105;994.0248000000332;992.4234000000051;980.1954999999987;980.1954999999987;996.4536000000197;992.3353000000052;995.2480000000264;992.4234000000051;988.9102000000007;988.9102000000007;988.9102000000007;988.9102000000007;974.4741999999983;988.9102000000007;980.1954999999987;992.4234000000051;
2580.8436018163547;994.0072000000333;992.3353000000052;980.1954999999987;980.1954999999987;996.4272000000199;992.3353000000052;995.2392000000265;992.3353000000052;988.9102000000007;988.9102000000007;988.9102000000007;988.9102000000007;974.0340999999983;988.9102000000007;979.7553999999986;992.3353000000052;
2580.9523914112206;993.9984000000334;992.3353000000052;980.1954999999987;980.1954999999987;996.4272000000199;992.3353000000052;995.2304000000265;992.3353000000052;988.9102000000007;988.9102000000007;988.9102000000007;988.9102000000007;974.0340999999983;988.9102000000007;979.7553999999986;992.3353000000052;
2581.8436251562084;993.9984000000334;992.3353000000052;980.1954999999987;980.1954999999987;996.4184000000199;992.3353000000052;995.2216000000266;992.3353000000052;988.9102000000007;988.9102000000007;988.9102000000007;988.9102000000007;974.0340999999983;988.9102000000007;979.7553999999986;992.3353000000052;
2582.843648496062;993.9896000000334;992.3353000000052;980.1954999999987;980.1954999999987;996.40960000002;992.3353000000052;995.2040000000267;992.3353000000052;988.9102000000007;988.9102000000007;988.9102000000007;988.9102000000007;974.0340999999983;988.9102000000007;979.7553999999986;992.3353000000052;
2583.000000000034;993.9808000000335;992.3353000000052;980.1954999999987;980.1954999999987;996.40960000002;992.3353000000052;995.1952000000267;992.3353000000052;988.9102000000007;988.9102000000007;988.9102000000007;988.9102000000007;974.0340999999983;988.9102000000007;979.7553999999986;992.3353000000052;
2583.8436718359158;993.9808000000335;992.3353000000052;980.1954999999987;980.1954999999987;996.40960000002;992.3353000000052;995.1952000000267;992.3353000000052;988.9102000000007;988.9102000000007;988.9102000000007;988.9102000000007;974.0340999999983;988.9102000000007;979.7553999999986;992.3353000000052;
2585.000000000034;993.9808000000335;992.3353000000052;980.1954999999987;980.1954999999987;996.40960000002;992.3353000000052;995.1952000000267;992.3353000000052;988.9102000000007;988.9102000000007;988.9102000000007;988.9102000000007;974.0340999999983;988.9102000000007;979.7553999999986;992.3353000000052;
2586.000000000034;993.9808000000335;992.3353000000052;980.1954999999987;980.1954999999987;996.40960000002;992.3353000000052;995.1952000000267;992.3353000000052;988.9102000000007;988.9102000000007;988.9102000000007;988.9102000000007;974.0340999999983;988.9102000000007;979.7553999999986;992.3353000000052;
2587.000000000034;993.9808000000335;992.3353000000052;980.1954999999987;980.1954999999987;996.40960000002;992.3353000000052;995.1952000000267;992.3353000000052;988.9102000000007;988.9102000000007;988.9102000000007;988.9102000000007;974.0340999999983;988.9102000000007;979.7553999999986;992.3353000000052;
2588.000000000034;993.9808000000335;992.3353000000052;980.1954999999987;980.1954999999987;996.40960000002;992.3353000000052;995.1952000000267;992.3353000000052;988.9102000000007;988.9102000000007;988.9102000000007;988.9102000000007;974.0340999999983;988.9102000000007;979.7553999999986;992.3353000000052;
2589.000000000034;993.9808000000335;992.3353000000052;980.1954999999987;980.1954999999987;996.40960000002;992.3353000000052;995.1952000000267;992.3353000000052;988.9102000000007;988.9102000000007;988.9102000000007;988.9102000000007;974.0340999999983;988.9102000000007;979.7553999999986;992.3353000000052;
2590.000000000034;993.9808000000335;992.3353000000052;980.1954999999987;980.1954999999987;996.40960000002;992.3353000000052;995.1952000000267;992.3353000000052;988.9102000000007;988.9102000000007;988.9102000000007;988.9102000000007;974.0340999999983;988.9102000000007;979.7553999999986;992.3353000000052;
2591.000000000034;993.9808000000335;992.3353000000052;980.1954999999987;980.1954999999987;996.40960000002;992.3353000000052;995.1952000000267;992.3353000000052;988.9102000000007;988.9102000000007;988.9102000000007;988.9102000000007;974.0340999999983;988.9102000000007;979.7553999999986;992.3353000000052;
2592.000000000034;993.9808000000335;992.3353000000052;980.1954999999987;980.1954999999987;996.40960000002;992.3353000000052;995.1952000000267;992.3353000000052;988.9102000000007;988.9102000000007;988.9102000000007;988.9102000000007;974.0340999999983;988.9102000000007;979.7553999999986;992.3353000000052;
2593.000000000034;993.9808000000335;992.3353000000052;980.1954999999987;980.1954999999987;996.40960000002;992.3353000000052;995.1952000000267;992.3353000000052;988.9102000000007;988.9102000000007;988.9102000000007;988.9102000000007;974.0340999999983;988.9102000000007;979.7553999999986;992.3353000000052;
2594.000000000034;993.9808000000335;992.3353000000052;980.1954999999987;980.1954999999987;996.40960000002;992.3353000000052;995.1952000000267;992.3353000000052;988.9102000000007;988.9102000000007;988.9102000000007;988.9102000000007;974.0340999999983;988.9102000000007;979.7553999999986;992.3353000000052;
2595.000000000034;993.9808000000335;992.3353000000052;980.1954999999987;980.1954999999987;996.40960000002;992.3353000000052;995.1952000000267;992.3353000000052;988.9102000000007;988.9102000000007;988.9102000000007;988.9102000000007;974.0340999999983;988.9102000000007;979.7553999999986;992.3353000000052;
2596.000000000034;993.9808000000335;992.3353000000052;980.1954999999987;980.1954999999987;996.40960000002;992.3353000000052;995.1952000000267;992.3353000000052;988.9102000000007;988.9102000000007;988.9102000000007;988.9102000000007;974.0340999999983;988.9102000000007;979.7553999999986;992.3353000000052;
2597.000000000034;993.9808000000335;992.3353000000052;980.1954999999987;980.1954999999987;996.40960000002;992.3353000000052;995.1952000000267;992.3353000000052;988.9102000000007;988.9102000000007;988.9102000000007;988.9102000000007;974.0340999999983;988.9102000000007;979.7553999999986;992.3353000000052;
2598.000000000034;993.9808000000335;992.3353000000052;980.1954999999987;980.1954999999987;996.40960000002;992.3353000000052;995.1952000000267;992.3353000000052;988.9102000000007;988.9102000000007;988.9102000000007;988.9102000000007;974.0340999999983;988.9102000000007;979.7553999999986;992.3353000000052;
2599.000000000034;993.9808000000335;992.3353000000052;980.1954999999987;980.1954999999987;996.40960000002;992.3353000000052;995.1952000000267;992.3353000000052;988.9102000000007;988.9102000000007;988.9102000000007;988.9102000000007;974.0340999999983;988.9102000000007;979.7553999999986;992.3353000000052;
2600.000000000034;993.9808000000335;992.3353000000052;980.1954999999987;980.1954999999987;996.40960000002;992.3353000000052;995.1952000000267;992.3353000000052;988.9102000000007;988.9102000000007;988.9102000000007;988.9102000000007;974.0340999999983;988.9102000000007;979.7553999999986;992.3353000000052;
2601.000000000034;993.9808000000335;992.3353000000052;980.1954999999987;980.1954999999987;996.40960000002;992.3353000000052;995.1952000000267;992.3353000000052;988.9102000000007;988.9102000000007;988.9102000000007;988.9102000000007;974.0340999999983;988.9102000000007;979.7553999999986;992.3353000000052;
2602.000000000034;993.9808000000335;992.3353000000052;980.1954999999987;980.1954999999987;996.40960000002;992.3353000000052;995.1952000000267;992.3353000000052;988.9102000000007;988.9102000000007;988.9102000000007;988.9102000000007;974.0340999999983;988.9102000000007;979.7553999999986;992.3353000000052;
2603.000000000034;993.9808000000335;992.3353000000052;980.1954999999987;980.1954999999987;996.40960000002;992.3353000000052;995.1952000000267;992.3353000000052;988.9102000000007;988.9102000000007;988.9102000000007;988.9102000000007;974.0340999999983;988.9102000000007;979.7553999999986;992.3353000000052;
2604.000000000034;993.9808000000335;992.3353000000052;980.1954999999987;980.1954999999987;996.40960000002;992.3353000000052;995.1952000000267;992.3353000000052;988.9102000000007;988.9102000000007;988.9102000000007;988.9102000000007;974.0340999999983;988.9102000000007;979.7553999999986;992.3353000000052;
2605.000000000034;993.9808000000335;992.3353000000052;980.1954999999987;980.1954999999987;996.40960000002;992.3353000000052;995.1952000000267;992.3353000000052;988.9102000000007;988.9102000000007;988.9102000000007;988.9102000000007;974.0340999999983;988.9102000000007;979.7553999999986;992.3353000000052;
2606.000000000034;993.9808000000335;992.3353000000052;980.1954999999987;980.1954999999987;996.40960000002;992.3353000000052;995.1952000000267;992.3353000000052;988.9102000000007;988.9102000000007;988.9102000000007;988.9102000000007;974.0340999999983;988.9102000000007;979.7553999999986;992.3353000000052;
2607.000000000034;993.9808000000335;992.3353000000052;980.1954999999987;980.1954999999987;996.40960000002;992.3353000000052;995.1952000000267;992.3353000000052;988.9102000000007;988.9102000000007;988.9102000000007;988.9102000000007;974.0340999999983;988.9102000000007;979.7553999999986;992.3353000000052;
2608.000000000034;993.9808000000335;992.3353000000052;980.1954999999987;980.1954999999987;996.40960000002;992.3353000000052;995.1952000000267;992.3353000000052;988.9102000000007;988.9102000000007;988.9102000000007;988.9102000000007;974.0340999999983;988.9102000000007;979.7553999999986;992.3353000000052;
2609.000000000034;993.9808000000335;992.3353000000052;980.1954999999987;980.1954999999987;996.40960000002;992.3353000000052;995.1952000000267;992.3353000000052;988.9102000000007;988.9102000000007;988.9102000000007;988.9102000000007;974.0340999999983;988.9102000000007;979.7553999999986;992.3353000000052;
2609.8363681663595;993.9808000000335;992.3353000000052;980.1954999999987;980.1954999999987;996.40960000002;992.3352000000052;995.1952000000267;992.3353000000052;988.9102000000007;988.9102000000007;988.9102000000007;988.9102000000007;974.0340999999983;988.9102000000007;979.7553999999986;992.3353000000052;
2609.8363681663595;993.9808000000335;992.3353000000052;980.1954999999987;980.1954999999987;996.40960000002;992.2472000000053;995.1952000000267;992.3353000000052;988.9102000000007;988.9102000000007;988.9102000000007;988.9102000000007;974.0340999999983;988.9102000000007;979.7553999999986;992.3353000000052;
2609.8416841663598;993.9720000000335;992.3353000000052;980.1954999999987;980.1954999999987;996.40960000002;992.2472000000053;995.1952000000267;992.3353000000052;988.9102000000007;988.9102000000007;988.9102000000007;988.9102000000007;974.0340999999983;988.9102000000007;979.7553999999986;992.3353000000052;
2609.8416841663598;993.9632000000336;992.3353000000052;980.1954999999987;980.1954999999987;996.40960000002;992.2472000000053;995.1952000000267;992.3353000000052;988.9102000000007;988.9102000000007;988.9102000000007;988.9102000000007;974.0340999999983;988.9102000000007;979.7553999999986;992.3353000000052;
2609.84700016636;993.9632000000336;992.3353000000052;980.1954999999987;980.1954999999987;996.40960000002;992.2472000000053;995.1864000000268;992.3353000000052;988.9102000000007;988.9102000000007;988.9102000000007;988.9102000000007;974.0340999999983;988.9102000000007;979.7553999999986;992.3353000000052;
2609.9558582071154;993.9632000000336;992.3353000000052;980.1954999999987;980.1954999999987;996.40960000002;992.2472000000053;995.1864000000268;992.3352000000052;988.9102000000007;988.9102000000007;988.9102000000007;988.9102000000007;974.0340999999983;988.9102000000007;979.7553999999986;992.3353000000052;
2609.9558582071154;993.9632000000336;992.3353000000052;980.1954999999987;980.1954999999987;996.40960000002;992.2472000000053;995.1864000000268;992.2472000000053;988.9102000000007;988.9102000000007;988.9102000000007;988.9102000000007;974.0340999999983;988.9102000000007;979.7553999999986;992.3353000000052;
2609.960072758063;993.9632000000336;992.3353000000052;980.1954999999987;980.1954999999987;996.40960000002;992.2472000000053;995.1864000000268;992.2472000000053;988.9102000000007;988.9102000000007;988.9102000000007;988.9102000000007;974.0339999999983;988.9102000000007;979.7553999999986;992.3353000000052;
2609.960072758063;993.9632000000336;992.3353000000052;980.1954999999987;980.1954999999987;996.40960000002;992.2472000000053;995.1864000000268;992.2472000000053;988.9102000000007;988.9102000000007;988.9102000000007;988.9102000000007;973.5939999999982;988.9102000000007;979.7553999999986;992.3353000000052;
2609.9611742071156;993.9544000000336;992.3353000000052;980.1954999999987;980.1954999999987;996.40960000002;992.2472000000053;995.1864000000268;992.2472000000053;988.9102000000007;988.9102000000007;988.9102000000007;988.9102000000007;973.5939999999982;988.9102000000007;979.7553999999986;992.3353000000052;
2609.965388758063;993.9544000000336;992.3353000000052;980.1954999999987;980.1954999999987;996.40080000002;992.2472000000053;995.1864000000268;992.2472000000053;988.9102000000007;988.9102000000007;988.9102000000007;988.9102000000007;973.5939999999982;988.9102000000007;979.7553999999986;992.3353000000052;
2609.965388758063;993.9544000000336;992.3353000000052;980.1954999999987;980.1954999999987;996.3920000000201;992.2472000000053;995.1864000000268;992.2472000000053;988.9102000000007;988.9102000000007;988.9102000000007;988.9102000000007;973.5939999999982;988.9102000000007;979.7553999999986;992.3353000000052;
2610.8417075062143;993.9456000000337;992.2472000000053;980.1954999999987;980.1954999999987;996.3920000000201;992.2472000000053;995.1776000000268;992.2472000000053;988.9102000000007;988.9102000000007;988.9102000000007;988.9102000000007;973.5939999999982;988.9102000000007;979.7553999999986;992.2472000000053;
2611.0000000000364;993.9368000000337;992.2472000000053;980.1954999999987;980.1954999999987;996.3920000000201;992.2472000000053;995.1688000000269;992.2472000000053;988.9102000000007;988.9102000000007;988.9102000000007;988.9102000000007;973.5939999999982;988.9102000000007;979.7553999999986;992.2472000000053;
2611.841730846068;993.9368000000337;992.2472000000053;980.1954999999987;980.1954999999987;996.3920000000201;992.2472000000053;995.1688000000269;992.2472000000053;988.9102000000007;988.9102000000007;988.9102000000007;988.9102000000007;973.5939999999982;988.9102000000007;979.7553999999986;992.2472000000053;
2612.8417541859217;993.9280000000338;992.2472000000053;980.1954999999987;980.1954999999987;996.3920000000201;992.2472000000053;995.1600000000269;992.2472000000053;988.9102000000007;988.9102000000007;988.9102000000007;988.9102000000007;973.5939999999982;988.9102000000007;979.7553999999986;992.2472000000053;
2614.000000000037;993.9280000000338;992.2472000000053;980.1954999999987;980.1954999999987;996.3920000000201;992.2472000000053;995.1600000000269;992.2472000000053;988.9102000000007;988.9102000000007;988.9102000000007;988.9102000000007;973.5939999999982;988.9102000000007;979.7553999999986;992.2472000000053;
2615.000000000037;993.9280000000338;992.2472000000053;980.1954999999987;980.1954999999987;996.3920000000201;992.2472000000053;995.1600000000269;992.2472000000053;988.9102000000007;988.9102000000007;988.9102000000007;988.9102000000007;973.5939999999982;988.9102000000007;979.7553999999986;992.2472000000053;
2616.000000000037;993.9280000000338;992.2472000000053;980.1954999999987;980.1954999999987;996.3920000000201;992.2472000000053;995.1600000000269;992.2472000000053;988.9102000000007;988.9102000000007;988.9102000000007;988.9102000000007;973.5939999999982;988.9102000000007;979.7553999999986;992.2472000000053;
2617.000000000037;993.9280000000338;992.2472000000053;980.1954999999987;980.1954999999987;996.3920000000201;992.2472000000053;995.1600000000269;992.2472000000053;988.9102000000007;988.9102000000007;988.9102000000007;988.9102000000007;973.5939999999982;988.9102000000007;979.7553999999986;992.2472000000053;
2618.000000000037;993.9280000000338;992.2472000000053;980.1954999999987;980.1954999999987;996.3920000000201;992.2472000000053;995.1600000000269;992.2472000000053;988.9102000000007;988.9102000000007;988.9102000000007;988.9102000000007;973.5939999999982;988.9102000000007;979.7553999999986;992.2472000000053;
2619.000000000037;993.9280000000338;992.2472000000053;980.1954999999987;980.1954999999987;996.3920000000201;992.2472000000053;995.1600000000269;992.2472000000053;988.9102000000007;988.9102000000007;988.9102000000007;988.9102000000007;973.5939999999982;988.9102000000007;979.7553999999986;992.2472000000053;
2620.000000000037;993.9280000000338;992.2472000000053;980.1954999999987;980.1954999999987;996.3920000000201;992.2472000000053;995.1600000000269;992.2472000000053;988.9102000000007;988.9102000000007;988.9102000000007;988.9102000000007;973.5939999999982;988.9102000000007;979.7553999999986;992.2472000000053;
2621.000000000037;993.9280000000338;992.2472000000053;980.1954999999987;980.1954999999987;996.3920000000201;992.2472000000053;995.1600000000269;992.2472000000053;988.9102000000007;988.9102000000007;988.9102000000007;988.9102000000007;973.5939999999982;988.9102000000007;979.7553999999986;992.2472000000053;
2622.000000000037;993.9280000000338;992.2472000000053;980.1954999999987;980.1954999999987;996.3920000000201;992.2472000000053;995.1600000000269;992.2472000000053;988.9102000000007;988.9102000000007;988.9102000000007;988.9102000000007;973.5939999999982;988.9102000000007;979.7553999999986;992.2472000000053;
2623.000000000037;993.9280000000338;992.2472000000053;980.1954999999987;980.1954999999987;996.3920000000201;992.2472000000053;995.1600000000269;992.2472000000053;988.9102000000007;988.9102000000007;988.9102000000007;988.9102000000007;973.5939999999982;988.9102000000007;979.7553999999986;992.2472000000053;
2624.000000000037;993.9280000000338;992.2472000000053;980.1954999999987;980.1954999999987;996.3920000000201;992.2472000000053;995.1600000000269;992.2472000000053;988.9102000000007;988.9102000000007;988.9102000000007;988.9102000000007;973.5939999999982;988.9102000000007;979.7553999999986;992.2472000000053;
2625.000000000037;993.9280000000338;992.2472000000053;980.1954999999987;980.1954999999987;996.3920000000201;992.2472000000053;995.1600000000269;992.2472000000053;988.9102000000007;988.9102000000007;988.9102000000007;988.9102000000007;973.5939999999982;988.9102000000007;979.7553999999986;992.2472000000053;
2626.000000000037;993.9280000000338;992.2472000000053;980.1954999999987;980.1954999999987;996.3920000000201;992.2472000000053;995.1600000000269;992.2472000000053;988.9102000000007;988.9102000000007;988.9102000000007;988.9102000000007;973.5939999999982;988.9102000000007;979.7553999999986;992.2472000000053;
2627.000000000037;993.9280000000338;992.2472000000053;980.1954999999987;980.1954999999987;996.3920000000201;992.2472000000053;995.1600000000269;992.2472000000053;988.9102000000007;988.9102000000007;988.9102000000007;988.9102000000007;973.5939999999982;988.9102000000007;979.7553999999986;992.2472000000053;
2628.000000000037;993.9280000000338;992.2472000000053;980.1954999999987;980.1954999999987;996.3920000000201;992.2472000000053;995.1600000000269;992.2472000000053;988.9102000000007;988.9102000000007;988.9102000000007;988.9102000000007;973.5939999999982;988.9102000000007;979.7553999999986;992.2472000000053;
2629.000000000037;993.9280000000338;992.2472000000053;980.1954999999987;980.1954999999987;996.3920000000201;992.2472000000053;995.1600000000269;992.2472000000053;988.9102000000007;988.9102000000007;988.9102000000007;988.9102000000007;973.5939999999982;988.9102000000007;979.7553999999986;992.2472000000053;
2630.000000000037;993.9280000000338;992.2472000000053;980.1954999999987;980.1954999999987;996.3920000000201;992.2472000000053;995.1600000000269;992.2472000000053;988.9102000000007;988.9102000000007;988.9102000000007;988.9102000000007;973.5939999999982;988.9102000000007;979.7553999999986;992.2472000000053;
2631.000000000037;993.9280000000338;992.2472000000053;980.1954999999987;980.1954999999987;996.3920000000201;992.2472000000053;995.1600000000269;992.2472000000053;988.9102000000007;988.9102000000007;988.9102000000007;988.9102000000007;973.5939999999982;988.9102000000007;979.7553999999986;992.2472000000053;
2632.000000000037;993.9280000000338;992.2472000000053;980.1954999999987;980.1954999999987;996.3920000000201;992.2472000000053;995.1600000000269;992.2472000000053;988.9102000000007;988.9102000000007;988.9102000000007;988.9102000000007;973.5939999999982;988.9102000000007;979.7553999999986;992.2472000000053;
2633.000000000037;993.9280000000338;992.2472000000053;980.1954999999987;980.1954999999987;996.3920000000201;992.2472000000053;995.1600000000269;992.2472000000053;988.9102000000007;988.9102000000007;988.9102000000007;988.9102000000007;973.5939999999982;988.9102000000007;979.7553999999986;992.2472000000053;
2634.000000000037;993.9280000000338;992.2472000000053;980.1954999999987;980.1954999999987;996.3920000000201;992.2472000000053;995.1600000000269;992.2472000000053;988.9102000000007;988.9102000000007;988.9102000000007;988.9102000000007;973.5939999999982;988.9102000000007;979.7553999999986;992.2472000000053;
2635.000000000037;993.9280000000338;992.2472000000053;980.1954999999987;980.1954999999987;996.3920000000201;992.2472000000053;995.1600000000269;992.2472000000053;988.9102000000007;988.9102000000007;988.9102000000007;988.9102000000007;973.5939999999982;988.9102000000007;979.7553999999986;992.2472000000053;
2636.000000000037;993.9280000000338;992.2472000000053;980.1954999999987;980.1954999999987;996.3920000000201;992.2472000000053;995.1600000000269;992.2472000000053;988.9102000000007;988.9102000000007;988.9102000000007;988.9102000000007;973.5939999999982;988.9102000000007;979.7553999999986;992.2472000000053;
2637.000000000037;993.9280000000338;992.2472000000053;980.1954999999987;980.1954999999987;996.3920000000201;992.2472000000053;995.1600000000269;992.2472000000053;988.9102000000007;988.9102000000007;988.9102000000007;988.9102000000007;973.5939999999982;988.9102000000007;979.7553999999986;992.2472000000053;
2638.000000000037;993.9280000000338;992.2472000000053;980.1954999999987;980.1954999999987;996.3920000000201;992.2472000000053;995.1600000000269;992.2472000000053;988.9102000000007;988.9102000000007;988.9102000000007;988.9102000000007;973.5939999999982;988.9102000000007;979.7553999999986;992.2472000000053;
2639.000000000037;993.9280000000338;992.2472000000053;980.1954999999987;980.1954999999987;996.3920000000201;992.2472000000053;995.1600000000269;992.2472000000053;988.9102000000007;988.9102000000007;988.9102000000007;988.9102000000007;973.5939999999982;988.9102000000007;979.7553999999986;992.2472000000053;
2639.834473856218;993.9280000000338;992.2472000000053;980.1954999999987;980.1954999999987;996.3920000000201;992.2471000000053;995.1600000000269;992.2472000000053;988.9102000000007;988.9102000000007;988.9102000000007;988.9102000000007;973.5939999999982;988.9102000000007;979.7553999999986;992.2472000000053;
2639.834473856218;993.9280000000338;992.2472000000053;980.1954999999987;980.1954999999987;996.3920000000201;992.1591000000053;995.1600000000269;992.2472000000053;988.9102000000007;988.9102000000007;988.9102000000007;988.9102000000007;973.5939999999982;988.9102000000007;979.7553999999986;992.2472000000053;
2639.8397898562184;993.9192000000338;992.2472000000053;980.1954999999987;980.1954999999987;996.3920000000201;992.1591000000053;995.1600000000269;992.2472000000053;988.9102000000007;988.9102000000007;988.9102000000007;988.9102000000007;973.5939999999982;988.9102000000007;979.7553999999986;992.2472000000053;
2639.8397898562184;993.9104000000339;992.2472000000053;980.1954999999987;980.1954999999987;996.3920000000201;992.1591000000053;995.1600000000269;992.2472000000053;988.9102000000007;988.9102000000007;988.9102000000007;988.9102000000007;973.5939999999982;988.9102000000007;979.7553999999986;992.2472000000053;
2639.8451058562187;993.9104000000339;992.2472000000053;980.1954999999987;980.1954999999987;996.3920000000201;992.1591000000053;995.151200000027;992.2472000000053;988.9102000000007;988.9102000000007;988.9102000000007;988.9102000000007;973.5939999999982;988.9102000000007;979.7553999999986;992.2472000000053;
2639.8590901847983;993.9104000000339;992.2472000000053;980.1953999999987;980.1954999999987;996.3920000000201;992.1591000000053;995.151200000027;992.2472000000053;988.9102000000007;988.9102000000007;988.9102000000007;988.9102000000007;973.5939999999982;988.9102000000007;979.7553999999986;992.2472000000053;
2639.8590901847983;993.9104000000339;992.2472000000053;979.7553999999986;980.1954999999987;996.3920000000201;992.1591000000053;995.151200000027;992.2472000000053;988.9102000000007;988.9102000000007;988.9102000000007;988.9102000000007;973.5939999999982;988.9102000000007;979.7553999999986;992.2472000000053;
2639.8644061847986;993.9016000000339;992.2472000000053;979.7553999999986;980.1954999999987;996.3920000000201;992.1591000000053;995.151200000027;992.2472000000053;988.9102000000007;988.9102000000007;988.9102000000007;988.9102000000007;973.5939999999982;988.9102000000007;979.7553999999986;992.2472000000053;
2639.945820279017;993.9016000000339;992.2472000000053;979.7553999999986;980.1953999999987;996.3920000000201;992.1591000000053;995.151200000027;992.2472000000053;988.9102000000007;988.9102000000007;988.9102000000007;988.9102000000007;973.5939999999982;988.9102000000007;979.7553999999986;992.2472000000053;
2639.945820279017;993.9016000000339;992.2472000000053;979.7553999999986;979.7553999999986;996.3920000000201;992.1591000000053;995.151200000027;992.2472000000053;988.9102000000007;988.9102000000007;988.9102000000007;988.9102000000007;973.5939999999982;988.9102000000007;979.7553999999986;992.2472000000053;
2639.951136279017;993.9016000000339;992.2472000000053;979.7553999999986;979.7553999999986;996.3832000000201;992.1591000000053;995.151200000027;992.2472000000053;988.9102000000007;988.9102000000007;988.9102000000007;988.9102000000007;973.5939999999982;988.9102000000007;979.7553999999986;992.2472000000053;
2639.951136279017;993.9016000000339;992.2472000000053;979.7553999999986;979.7553999999986;996.3744000000202;992.1591000000053;995.151200000027;992.2472000000053;988.9102000000007;988.9102000000007;988.9102000000007;988.9102000000007;973.5939999999982;988.9102000000007;979.7553999999986;992.2472000000053;
2639.9553421287787;993.9016000000339;992.2472000000053;979.7553999999986;979.7553999999986;996.3744000000202;992.1591000000053;995.151200000027;992.2471000000053;988.9102000000007;988.9102000000007;988.9102000000007;988.9102000000007;973.5939999999982;988.9102000000007;979.7553999999986;992.2472000000053;
2640.839813196073;993.884000000034;992.1591000000053;979.7553999999986;979.7553999999986;996.3568000000203;992.1591000000053;995.142400000027;992.1591000000053;988.9102000000007;988.9102000000007;988.9102000000007;988.9102000000007;973.1538999999982;988.9102000000007;979.3152999999986;992.1591000000053;
2641.8398365359267;993.875200000034;992.1591000000053;979.7553999999986;979.7553999999986;996.3480000000203;992.1591000000053;995.1248000000271;992.1591000000053;988.9102000000007;988.9102000000007;988.9102000000007;988.9102000000007;973.1538999999982;988.9102000000007;979.3152999999986;992.1591000000053;
2641.8398365359267;993.8664000000341;992.1591000000053;979.7553999999986;979.7553999999986;996.3480000000203;992.1591000000053;995.1248000000271;992.1591000000053;988.9102000000007;988.9102000000007;988.9102000000007;988.9102000000007;973.1538999999982;988.9102000000007;979.3152999999986;992.1591000000053;
2642.8398598757803;993.8664000000341;992.1591000000053;979.7553999999986;979.7553999999986;996.3392000000204;992.1591000000053;995.1072000000272;992.1591000000053;988.9102000000007;988.9102000000007;988.9102000000007;988.9102000000007;973.1538999999982;988.9102000000007;979.3152999999986;992.1591000000053;
2643.8398832156336;993.8576000000342;992.1591000000053;979.7553999999986;979.7553999999986;996.3392000000204;992.1591000000053;995.0984000000273;992.1591000000053;988.9102000000007;988.9102000000007;988.9102000000007;988.9102000000007;973.1538999999982;988.9102000000007;979.3152999999986;992.1591000000053;
2644.0000000000396;993.8576000000342;992.1591000000053;979.7553999999986;979.7553999999986;996.3392000000204;992.1591000000053;995.0984000000273;992.1591000000053;988.9102000000007;988.9102000000007;988.9102000000007;988.9102000000007;973.1538999999982;988.9102000000007;979.3152999999986;992.1591000000053;
2645.0000000000396;993.8576000000342;992.1591000000053;979.7553999999986;979.7553999999986;996.3392000000204;992.1591000000053;995.0984000000273;992.1591000000053;988.9102000000007;988.9102000000007;988.9102000000007;988.9102000000007;973.1538999999982;988.9102000000007;979.3152999999986;992.1591000000053;
2646.0000000000396;993.8576000000342;992.1591000000053;979.7553999999986;979.7553999999986;996.3392000000204;992.1591000000053;995.0984000000273;992.1591000000053;988.9102000000007;988.9102000000007;988.9102000000007;988.9102000000007;973.1538999999982;988.9102000000007;979.3152999999986;992.1591000000053;
2647.0000000000396;993.8576000000342;992.1591000000053;979.7553999999986;979.7553999999986;996.3392000000204;992.1591000000053;995.0984000000273;992.1591000000053;988.9102000000007;988.9102000000007;988.9102000000007;988.9102000000007;973.1538999999982;988.9102000000007;979.3152999999986;992.1591000000053;
2648.0000000000396;993.8576000000342;992.1591000000053;979.7553999999986;979.7553999999986;996.3392000000204;992.1591000000053;995.0984000000273;992.1591000000053;988.9102000000007;988.9102000000007;988.9102000000007;988.9102000000007;973.1538999999982;988.9102000000007;979.3152999999986;992.1591000000053;
2649.0000000000396;993.8576000000342;992.1591000000053;979.7553999999986;979.7553999999986;996.3392000000204;992.1591000000053;995.0984000000273;992.1591000000053;988.9102000000007;988.9102000000007;988.9102000000007;988.9102000000007;973.1538999999982;988.9102000000007;979.3152999999986;992.1591000000053;
2650.0000000000396;993.8576000000342;992.1591000000053;979.7553999999986;979.7553999999986;996.3392000000204;992.1591000000053;995.0984000000273;992.1591000000053;988.9102000000007;988.9102000000007;988.9102000000007;988.9102000000007;973.1538999999982;988.9102000000007;979.3152999999986;992.1591000000053;
2651.0000000000396;993.8576000000342;992.1591000000053;979.7553999999986;979.7553999999986;996.3392000000204;992.1591000000053;995.0984000000273;992.1591000000053;988.9102000000007;988.9102000000007;988.9102000000007;988.9102000000007;973.1538999999982;988.9102000000007;979.3152999999986;992.1591000000053;
2652.0000000000396;993.8576000000342;992.1591000000053;979.7553999999986;979.7553999999986;996.3392000000204;992.1591000000053;995.0984000000273;992.1591000000053;988.9102000000007;988.9102000000007;988.9102000000007;988.9102000000007;973.1538999999982;988.9102000000007;979.3152999999986;992.1591000000053;
2653.0000000000396;993.8576000000342;992.1591000000053;979.7553999999986;979.7553999999986;996.3392000000204;992.1591000000053;995.0984000000273;992.1591000000053;988.9102000000007;988.9102000000007;988.9102000000007;988.9102000000007;973.1538999999982;988.9102000000007;979.3152999999986;992.1591000000053;
2654.0000000000396;993.8576000000342;992.1591000000053;979.7553999999986;979.7553999999986;996.3392000000204;992.1591000000053;995.0984000000273;992.1591000000053;988.9102000000007;988.9102000000007;988.9102000000007;988.9102000000007;973.1538999999982;988.9102000000007;979.3152999999986;992.1591000000053;
2655.0000000000396;993.8576000000342;992.1591000000053;979.7553999999986;979.7553999999986;996.3392000000204;992.1591000000053;995.0984000000273;992.1591000000053;988.9102000000007;988.9102000000007;988.9102000000007;988.9102000000007;973.1538999999982;988.9102000000007;979.3152999999986;992.1591000000053;
2656.0000000000396;993.8576000000342;992.1591000000053;979.7553999999986;979.7553999999986;996.3392000000204;992.1591000000053;995.0984000000273;992.1591000000053;988.9102000000007;988.9102000000007;988.9102000000007;988.9102000000007;973.1538999999982;988.9102000000007;979.3152999999986;992.1591000000053;
2657.0000000000396;993.8576000000342;992.1591000000053;979.7553999999986;979.7553999999986;996.3392000000204;992.1591000000053;995.0984000000273;992.1591000000053;988.9102000000007;988.9102000000007;988.9102000000007;988.9102000000007;973.1538999999982;988.9102000000007;979.3152999999986;992.1591000000053;
2658.0000000000396;993.8576000000342;992.1591000000053;979.7553999999986;979.7553999999986;996.3392000000204;992.1591000000053;995.0984000000273;992.1591000000053;988.9102000000007;988.9102000000007;988.9102000000007;988.9102000000007;973.1538999999982;988.9102000000007;979.3152999999986;992.1591000000053;
2659.0000000000396;993.8576000000342;992.1591000000053;979.7553999999986;979.7553999999986;996.3392000000204;992.1591000000053;995.0984000000273;992.1591000000053;988.9102000000007;988.9102000000007;988.9102000000007;988.9102000000007;973.1538999999982;988.9102000000007;979.3152999999986;992.1591000000053;
2660.0000000000396;993.8576000000342;992.1591000000053;979.7553999999986;979.7553999999986;996.3392000000204;992.1591000000053;995.0984000000273;992.1591000000053;988.9102000000007;988.9102000000007;988.9102000000007;988.9102000000007;973.1538999999982;988.9102000000007;979.3152999999986;992.1591000000053;
2661.0000000000396;993.8576000000342;992.1591000000053;979.7553999999986;979.7553999999986;996.3392000000204;992.1591000000053;995.0984000000273;992.1591000000053;988.9102000000007;988.9102000000007;988.9102000000007;988.9102000000007;973.1538999999982;988.9102000000007;979.3152999999986;992.1591000000053;
2662.0000000000396;993.8576000000342;992.1591000000053;979.7553999999986;979.7553999999986;996.3392000000204;992.1591000000053;995.0984000000273;992.1591000000053;988.9102000000007;988.9102000000007;988.9102000000007;988.9102000000007;973.1538999999982;988.9102000000007;979.3152999999986;992.1591000000053;
2663.0000000000396;993.8576000000342;992.1591000000053;979.7553999999986;979.7553999999986;996.3392000000204;992.1591000000053;995.0984000000273;992.1591000000053;988.9102000000007;988.9102000000007;988.9102000000007;988.9102000000007;973.1538999999982;988.9102000000007;979.3152999999986;992.1591000000053;
2664.0000000000396;993.8576000000342;992.1591000000053;979.7553999999986;979.7553999999986;996.3392000000204;992.1591000000053;995.0984000000273;992.1591000000053;988.9102000000007;988.9102000000007;988.9102000000007;988.9102000000007;973.1538999999982;988.9102000000007;979.3152999999986;992.1591000000053;
2665.0000000000396;993.8576000000342;992.1591000000053;979.7553999999986;979.7553999999986;996.3392000000204;992.1591000000053;995.0984000000273;992.1591000000053;988.9102000000007;988.9102000000007;988.9102000000007;988.9102000000007;973.1538999999982;988.9102000000007;979.3152999999986;992.1591000000053;
2666.0000000000396;993.8576000000342;992.1591000000053;979.7553999999986;979.7553999999986;996.3392000000204;992.1591000000053;995.0984000000273;992.1591000000053;988.9102000000007;988.9102000000007;988.9102000000007;988.9102000000007;973.1538999999982;988.9102000000007;979.3152999999986;992.1591000000053;
2667.0000000000396;993.8576000000342;992.1591000000053;979.7553999999986;979.7553999999986;996.3392000000204;992.1591000000053;995.0984000000273;992.1591000000053;988.9102000000007;988.9102000000007;988.9102000000007;988.9102000000007;973.1538999999982;988.9102000000007;979.3152999999986;992.1591000000053;
2668.0000000000396;993.8576000000342;992.1591000000053;979.7553999999986;979.7553999999986;996.3392000000204;992.1591000000053;995.0984000000273;992.1591000000053;988.9102000000007;988.9102000000007;988.9102000000007;988.9102000000007;973.1538999999982;988.9102000000007;979.3152999999986;992.1591000000053;
2669.0000000000396;993.8576000000342;992.1591000000053;979.7553999999986;979.7553999999986;996.3392000000204;992.1591000000053;995.0984000000273;992.1591000000053;988.9102000000007;988.9102000000007;988.9102000000007;988.9102000000007;973.1538999999982;988.9102000000007;979.3152999999986;992.1591000000053;
2669.8325795460773;993.8576000000342;992.1591000000053;979.7553999999986;979.7553999999986;996.3392000000204;992.1590000000053;995.0984000000273;992.1591000000053;988.9102000000007;988.9102000000007;988.9102000000007;988.9102000000007;973.1538999999982;988.9102000000007;979.3152999999986;992.1591000000053;
2669.8325795460773;993.8576000000342;992.1591000000053;979.7553999999986;979.7553999999986;996.3392000000204;992.0710000000054;995.0984000000273;992.1591000000053;988.9102000000007;988.9102000000007;988.9102000000007;988.9102000000007;973.1538999999982;988.9102000000007;979.3152999999986;992.1591000000053;
2669.8378955460776;993.8488000000342;992.1591000000053;979.7553999999986;979.7553999999986;996.3392000000204;992.0710000000054;995.0984000000273;992.1591000000053;988.9102000000007;988.9102000000007;988.9102000000007;988.9102000000007;973.1538999999982;988.9102000000007;979.3152999999986;992.1591000000053;
2669.8378955460776;993.8400000000343;992.1591000000053;979.7553999999986;979.7553999999986;996.3392000000204;992.0710000000054;995.0984000000273;992.1591000000053;988.9102000000007;988.9102000000007;988.9102000000007;988.9102000000007;973.1538999999982;988.9102000000007;979.3152999999986;992.1591000000053;
2669.843211546078;993.8400000000343;992.1591000000053;979.7553999999986;979.7553999999986;996.3392000000204;992.0710000000054;995.0896000000273;992.1591000000053;988.9102000000007;988.9102000000007;988.9102000000007;988.9102000000007;973.1538999999982;988.9102000000007;979.3152999999986;992.1591000000053;
2669.954826050441;993.8400000000343;992.1591000000053;979.7553999999986;979.7553999999986;996.3392000000204;992.0710000000054;995.0896000000273;992.1590000000053;988.9102000000007;988.9102000000007;988.9102000000007;988.9102000000007;973.1538999999982;988.9102000000007;979.3152999999986;992.1591000000053;
2669.954826050441;993.8400000000343;992.1591000000053;979.7553999999986;979.7553999999986;996.3392000000204;992.0710000000054;995.0896000000273;992.0710000000054;988.9102000000007;988.9102000000007;988.9102000000007;988.9102000000007;973.1538999999982;988.9102000000007;979.3152999999986;992.1591000000053;
2669.9601420504414;993.8312000000343;992.1591000000053;979.7553999999986;979.7553999999986;996.3392000000204;992.0710000000054;995.0896000000273;992.0710000000054;988.9102000000007;988.9102000000007;988.9102000000007;988.9102000000007;973.1538999999982;988.9102000000007;979.3152999999986;992.1591000000053;
2670.00000000004;993.8312000000343;992.1591000000053;979.7553999999986;979.7553999999986;996.3392000000204;992.0710000000054;995.0896000000273;992.0710000000054;988.9102000000007;988.9102000000007;988.9102000000007;988.9102000000007;973.1538999999982;988.9102000000007;979.3152999999986;992.1591000000053;
2670.02923019794;993.8312000000343;992.1591000000053;979.7553999999986;979.7553999999986;996.3392000000204;992.0710000000054;995.0896000000273;992.0710000000054;988.9102000000007;988.9102000000007;988.9102000000007;988.9102000000007;973.1538999999982;988.9102000000007;979.3152999999986;992.1590000000053;
2670.02923019794;993.8312000000343;992.1591000000053;979.7553999999986;979.7553999999986;996.3392000000204;992.0710000000054;995.0896000000273;992.0710000000054;988.9102000000007;988.9102000000007;988.9102000000007;988.9102000000007;973.1538999999982;988.9102000000007;979.3152999999986;992.0710000000054;
2670.056096617248;993.8312000000343;992.1590000000053;979.7553999999986;979.7553999999986;996.3392000000204;992.0710000000054;995.0896000000273;992.0710000000054;988.9102000000007;988.9102000000007;988.9102000000007;988.9102000000007;973.1538999999982;988.9102000000007;979.3152999999986;992.0710000000054;
2670.8379188859312;993.8224000000343;992.0710000000054;979.7553999999986;979.7553999999986;996.3392000000204;992.0710000000054;995.0896000000273;992.0710000000054;988.9102000000007;988.9102000000007;988.9102000000007;988.9102000000007;973.1538999999982;988.9102000000007;979.3152999999986;992.0710000000054;
2671.837942225785;993.8136000000344;992.0710000000054;979.7553999999986;979.7553999999986;996.3392000000204;992.0710000000054;995.0808000000274;992.0710000000054;988.9102000000007;988.9102000000007;988.9102000000007;988.9102000000007;973.1538999999982;988.9102000000007;979.3152999999986;992.0710000000054;
2672.000000000041;993.8048000000344;992.0710000000054;979.7553999999986;979.7553999999986;996.3392000000204;992.0710000000054;995.0720000000274;992.0710000000054;988.9102000000007;988.9102000000007;988.9102000000007;988.9102000000007;973.1538999999982;988.9102000000007;979.3152999999986;992.0710000000054;
2672.837965565638;993.8048000000344;992.0710000000054;979.7553999999986;979.7553999999986;996.3392000000204;992.0710000000054;995.0720000000274;992.0710000000054;988.9102000000007;988.9102000000007;988.9102000000007;988.9102000000007;973.1538999999982;988.9102000000007;979.3152999999986;992.0710000000054;
2674.000000000041;993.8048000000344;992.0710000000054;979.7553999999986;979.7553999999986;996.3392000000204;992.0710000000054;995.0720000000274;992.0710000000054;988.9102000000007;988.9102000000007;988.9102000000007;988.9102000000007;973.1538999999982;988.9102000000007;979.3152999999986;992.0710000000054;
2675.000000000041;993.8048000000344;992.0710000000054;979.7553999999986;979.7553999999986;996.3392000000204;992.0710000000054;995.0720000000274;992.0710000000054;988.9102000000007;988.9102000000007;988.9102000000007;988.9102000000007;973.1538999999982;988.9102000000007;979.3152999999986;992.0710000000054;
2676.000000000041;993.8048000000344;992.0710000000054;979.7553999999986;979.7553999999986;996.3392000000204;992.0710000000054;995.0720000000274;992.0710000000054;988.9102000000007;988.9102000000007;988.9102000000007;988.9102000000007;973.1538999999982;988.9102000000007;979.3152999999986;992.0710000000054;
2677.000000000041;993.8048000000344;992.0710000000054;979.7553999999986;979.7553999999986;996.3392000000204;992.0710000000054;995.0720000000274;992.0710000000054;988.9102000000007;988.9102000000007;988.9102000000007;988.9102000000007;973.1538999999982;988.9102000000007;979.3152999999986;992.0710000000054;
2678.000000000041;993.8048000000344;992.0710000000054;979.7553999999986;979.7553999999986;996.3392000000204;992.0710000000054;995.0720000000274;992.0710000000054;988.9102000000007;988.9102000000007;988.9102000000007;988.9102000000007;973.1538999999982;988.9102000000007;979.3152999999986;992.0710000000054;
2679.000000000041;993.8048000000344;992.0710000000054;979.7553999999986;979.7553999999986;996.3392000000204;992.0710000000054;995.0720000000274;992.0710000000054;988.9102000000007;988.9102000000007;988.9102000000007;988.9102000000007;973.1538999999982;988.9102000000007;979.3152999999986;992.0710000000054;
2680.000000000041;993.8048000000344;992.0710000000054;979.7553999999986;979.7553999999986;996.3392000000204;992.0710000000054;995.0720000000274;992.0710000000054;988.9102000000007;988.9102000000007;988.9102000000007;988.9102000000007;973.1538999999982;988.9102000000007;979.3152999999986;992.0710000000054;
2681.000000000041;993.8048000000344;992.0710000000054;979.7553999999986;979.7553999999986;996.3392000000204;992.0710000000054;995.0720000000274;992.0710000000054;988.9102000000007;988.9102000000007;988.9102000000007;988.9102000000007;973.1538999999982;988.9102000000007;979.3152999999986;992.0710000000054;
2682.000000000041;993.8048000000344;992.0710000000054;979.7553999999986;979.7553999999986;996.3392000000204;992.0710000000054;995.0720000000274;992.0710000000054;988.9102000000007;988.9102000000007;988.9102000000007;988.9102000000007;973.1538999999982;988.9102000000007;979.3152999999986;992.0710000000054;
2683.000000000041;993.8048000000344;992.0710000000054;979.7553999999986;979.7553999999986;996.3392000000204;992.0710000000054;995.0720000000274;992.0710000000054;988.9102000000007;988.9102000000007;988.9102000000007;988.9102000000007;973.1538999999982;988.9102000000007;979.3152999999986;992.0710000000054;
2684.000000000041;993.8048000000344;992.0710000000054;979.7553999999986;979.7553999999986;996.3392000000204;992.0710000000054;995.0720000000274;992.0710000000054;988.9102000000007;988.9102000000007;988.9102000000007;988.9102000000007;973.1538999999982;988.9102000000007;979.3152999999986;992.0710000000054;
2685.000000000041;993.8048000000344;992.0710000000054;979.7553999999986;979.7553999999986;996.3392000000204;992.0710000000054;995.0720000000274;992.0710000000054;988.9102000000007;988.9102000000007;988.9102000000007;988.9102000000007;973.1538999999982;988.9102000000007;979.3152999999986;992.0710000000054;
2686.000000000041;993.8048000000344;992.0710000000054;979.7553999999986;979.7553999999986;996.3392000000204;992.0710000000054;995.0720000000274;992.0710000000054;988.9102000000007;988.9102000000007;988.9102000000007;988.9102000000007;973.1538999999982;988.9102000000007;979.3152999999986;992.0710000000054;
2687.000000000041;993.8048000000344;992.0710000000054;979.7553999999986;979.7553999999986;996.3392000000204;992.0710000000054;995.0720000000274;992.0710000000054;988.9102000000007;988.9102000000007;988.9102000000007;988.9102000000007;973.1538999999982;988.9102000000007;979.3152999999986;992.0710000000054;
2688.000000000041;993.8048000000344;992.0710000000054;979.7553999999986;979.7553999999986;996.3392000000204;992.0710000000054;995.0720000000274;992.0710000000054;988.9102000000007;988.9102000000007;988.9102000000007;988.9102000000007;973.1538999999982;988.9102000000007;979.3152999999986;992.0710000000054;
2689.000000000041;993.8048000000344;992.0710000000054;979.7553999999986;979.7553999999986;996.3392000000204;992.0710000000054;995.0720000000274;992.0710000000054;988.9102000000007;988.9102000000007;988.9102000000007;988.9102000000007;973.1538999999982;988.9102000000007;979.3152999999986;992.0710000000054;
2690.000000000041;993.8048000000344;992.0710000000054;979.7553999999986;979.7553999999986;996.3392000000204;992.0710000000054;995.0720000000274;992.0710000000054;988.9102000000007;988.9102000000007;988.9102000000007;988.9102000000007;973.1538999999982;988.9102000000007;979.3152999999986;992.0710000000054;
2691.000000000041;993.8048000000344;992.0710000000054;979.7553999999986;979.7553999999986;996.3392000000204;992.0710000000054;995.0720000000274;992.0710000000054;988.9102000000007;988.9102000000007;988.9102000000007;988.9102000000007;973.1538999999982;988.9102000000007;979.3152999999986;992.0710000000054;
2692.000000000041;993.8048000000344;992.0710000000054;979.7553999999986;979.7553999999986;996.3392000000204;992.0710000000054;995.0720000000274;992.0710000000054;988.9102000000007;988.9102000000007;988.9102000000007;988.9102000000007;973.1538999999982;988.9102000000007;979.3152999999986;992.0710000000054;
2693.000000000041;993.8048000000344;992.0710000000054;979.7553999999986;979.7553999999986;996.3392000000204;992.0710000000054;995.0720000000274;992.0710000000054;988.9102000000007;988.9102000000007;988.9102000000007;988.9102000000007;973.1538999999982;988.9102000000007;979.3152999999986;992.0710000000054;
2694.000000000041;993.8048000000344;992.0710000000054;979.7553999999986;979.7553999999986;996.3392000000204;992.0710000000054;995.0720000000274;992.0710000000054;988.9102000000007;988.9102000000007;988.9102000000007;988.9102000000007;973.1538999999982;988.9102000000007;979.3152999999986;992.0710000000054;
2695.000000000041;993.8048000000344;992.0710000000054;979.7553999999986;979.7553999999986;996.3392000000204;992.0710000000054;995.0720000000274;992.0710000000054;988.9102000000007;988.9102000000007;988.9102000000007;988.9102000000007;973.1538999999982;988.9102000000007;979.3152999999986;992.0710000000054;
2696.000000000041;993.8048000000344;992.0710000000054;979.7553999999986;979.7553999999986;996.3392000000204;992.0710000000054;995.0720000000274;992.0710000000054;988.9102000000007;988.9102000000007;988.9102000000007;988.9102000000007;973.1538999999982;988.9102000000007;979.3152999999986;992.0710000000054;
2697.000000000041;993.8048000000344;992.0710000000054;979.7553999999986;979.7553999999986;996.3392000000204;992.0710000000054;995.0720000000274;992.0710000000054;988.9102000000007;988.9102000000007;988.9102000000007;988.9102000000007;973.1538999999982;988.9102000000007;979.3152999999986;992.0710000000054;
2698.000000000041;993.8048000000344;992.0710000000054;979.7553999999986;979.7553999999986;996.3392000000204;992.0710000000054;995.0720000000274;992.0710000000054;988.9102000000007;988.9102000000007;988.9102000000007;988.9102000000007;973.1538999999982;988.9102000000007;979.3152999999986;992.0710000000054;
2699.000000000041;993.8048000000344;992.0710000000054;979.7553999999986;979.7553999999986;996.3392000000204;992.0710000000054;995.0720000000274;992.0710000000054;988.9102000000007;988.9102000000007;988.9102000000007;988.9102000000007;973.1538999999982;988.9102000000007;979.3152999999986;992.0710000000054;
2699.830685235935;993.8048000000344;992.0710000000054;979.7553999999986;979.7553999999986;996.3392000000204;992.0709000000054;995.0720000000274;992.0710000000054;988.9102000000007;988.9102000000007;988.9102000000007;988.9102000000007;973.1538999999982;988.9102000000007;979.3152999999986;992.0710000000054;
2699.830685235935;993.8048000000344;992.0710000000054;979.7553999999986;979.7553999999986;996.3392000000204;991.9829000000054;995.0720000000274;992.0710000000054;988.9102000000007;988.9102000000007;988.9102000000007;988.9102000000007;973.1538999999982;988.9102000000007;979.3152999999986;992.0710000000054;
2699.8360012359353;993.7960000000345;992.0710000000054;979.7553999999986;979.7553999999986;996.3392000000204;991.9829000000054;995.0720000000274;992.0710000000054;988.9102000000007;988.9102000000007;988.9102000000007;988.9102000000007;973.1538999999982;988.9102000000007;979.3152999999986;992.0710000000054;
2699.8360012359353;993.7872000000345;992.0710000000054;979.7553999999986;979.7553999999986;996.3392000000204;991.9829000000054;995.0720000000274;992.0710000000054;988.9102000000007;988.9102000000007;988.9102000000007;988.9102000000007;973.1538999999982;988.9102000000007;979.3152999999986;992.0710000000054;
2699.8413172359355;993.7872000000345;992.0710000000054;979.7553999999986;979.7553999999986;996.3392000000204;991.9829000000054;995.0632000000275;992.0710000000054;988.9102000000007;988.9102000000007;988.9102000000007;988.9102000000007;973.1538999999982;988.9102000000007;979.3152999999986;992.0710000000054;
2699.8557455083337;993.7872000000345;992.0710000000054;979.7552999999987;979.7553999999986;996.3392000000204;991.9829000000054;995.0632000000275;992.0710000000054;988.9102000000007;988.9102000000007;988.9102000000007;988.9102000000007;973.1538999999982;988.9102000000007;979.3152999999986;992.0710000000054;
2699.8557455083337;993.7872000000345;992.0710000000054;979.3152999999986;979.7553999999986;996.3392000000204;991.9829000000054;995.0632000000275;992.0710000000054;988.9102000000007;988.9102000000007;988.9102000000007;988.9102000000007;973.1538999999982;988.9102000000007;979.3152999999986;992.0710000000054;
2699.861061508334;993.7784000000346;992.0710000000054;979.3152999999986;979.7553999999986;996.3392000000204;991.9829000000054;995.0632000000275;992.0710000000054;988.9102000000007;988.9102000000007;988.9102000000007;988.9102000000007;973.1538999999982;988.9102000000007;979.3152999999986;992.0710000000054;
2699.944583181322;993.7784000000346;992.0710000000054;979.3152999999986;979.7552999999987;996.3392000000204;991.9829000000054;995.0632000000275;992.0710000000054;988.9102000000007;988.9102000000007;988.9102000000007;988.9102000000007;973.1538999999982;988.9102000000007;979.3152999999986;992.0710000000054;
2699.944583181322;993.7784000000346;992.0710000000054;979.3152999999986;979.3152999999986;996.3392000000204;991.9829000000054;995.0632000000275;992.0710000000054;988.9102000000007;988.9102000000007;988.9102000000007;988.9102000000007;973.1538999999982;988.9102000000007;979.3152999999986;992.0710000000054;
2699.945967203548;993.7784000000346;992.0710000000054;979.3152999999986;979.3152999999986;996.3392000000204;991.9829000000054;995.0632000000275;992.0710000000054;988.9101000000007;988.9102000000007;988.9102000000007;988.9102000000007;973.1538999999982;988.9102000000007;979.3152999999986;992.0710000000054;
2699.945967203548;993.7784000000346;992.0710000000054;979.3152999999986;979.3152999999986;996.3392000000204;991.9829000000054;995.0632000000275;992.0710000000054;988.2941000000008;988.9102000000007;988.9102000000007;988.9102000000007;973.1538999999982;988.9102000000007;979.3152999999986;992.0710000000054;
2699.9498991813216;993.7784000000346;992.0710000000054;979.3152999999986;979.3152999999986;996.3304000000204;991.9829000000054;995.0632000000275;992.0710000000054;988.2941000000008;988.9102000000007;988.9102000000007;988.9102000000007;973.1538999999982;988.9102000000007;979.3152999999986;992.0710000000054;
2700.8360245757876;993.7432000000348;991.9829000000054;979.3152999999986;979.3152999999986;996.2776000000207;991.9829000000054;995.0544000000275;991.9829000000054;988.2941000000008;988.2941000000008;988.2941000000008;988.2941000000008;972.7137999999982;988.2941000000008;978.8751999999986;991.9829000000054;
2701.8360479156413;993.7344000000348;991.9829000000054;979.3152999999986;979.3152999999986;996.2688000000207;991.9829000000054;995.0368000000276;991.9829000000054;988.2941000000008;988.2941000000008;988.2941000000008;988.2941000000008;972.7137999999982;988.2941000000008;978.8751999999986;991.9829000000054;
2702.000000000041;993.7256000000349;991.9829000000054;979.3152999999986;979.3152999999986;996.2600000000208;991.9829000000054;995.0192000000277;991.9829000000054;988.2941000000008;988.2941000000008;988.2941000000008;988.2941000000008;972.7137999999982;988.2941000000008;978.8751999999986;991.9829000000054;
2702.8360712554945;993.7256000000349;991.9829000000054;979.3152999999986;979.3152999999986;996.2600000000208;991.9829000000054;995.0192000000277;991.9829000000054;988.2941000000008;988.2941000000008;988.2941000000008;988.2941000000008;972.7137999999982;988.2941000000008;978.8751999999986;991.9829000000054;
2703.836094595348;993.7168000000349;991.9829000000054;979.3152999999986;979.3152999999986;996.2512000000208;991.9829000000054;995.0016000000278;991.9829000000054;988.2941000000008;988.2941000000008;988.2941000000008;988.2941000000008;972.7137999999982;988.2941000000008;978.8751999999986;991.9829000000054;
2704.836117935202;993.708000000035;991.9829000000054;979.3152999999986;979.3152999999986;996.2424000000209;991.9829000000054;994.9840000000279;991.9829000000054;988.2941000000008;988.2941000000008;988.2941000000008;988.2941000000008;972.7137999999982;988.2941000000008;978.8751999999986;991.9829000000054;
2704.836117935202;993.699200000035;991.9829000000054;979.3152999999986;979.3152999999986;996.2424000000209;991.9829000000054;994.9840000000279;991.9829000000054;988.2941000000008;988.2941000000008;988.2941000000008;988.2941000000008;972.7137999999982;988.2941000000008;978.8751999999986;991.9829000000054;
2705.8361412750555;993.699200000035;991.9829000000054;979.3152999999986;979.3152999999986;996.2336000000209;991.9829000000054;994.966400000028;991.9829000000054;988.2941000000008;988.2941000000008;988.2941000000008;988.2941000000008;972.7137999999982;988.2941000000008;978.8751999999986;991.9829000000054;
2707.0000000000423;993.699200000035;991.9829000000054;979.3152999999986;979.3152999999986;996.2336000000209;991.9829000000054;994.966400000028;991.9829000000054;988.2941000000008;988.2941000000008;988.2941000000008;988.2941000000008;972.7137999999982;988.2941000000008;978.8751999999986;991.9829000000054;
2708.0000000000423;993.699200000035;991.9829000000054;979.3152999999986;979.3152999999986;996.2336000000209;991.9829000000054;994.966400000028;991.9829000000054;988.2941000000008;988.2941000000008;988.2941000000008;988.2941000000008;972.7137999999982;988.2941000000008;978.8751999999986;991.9829000000054;
2709.0000000000423;993.699200000035;991.9829000000054;979.3152999999986;979.3152999999986;996.2336000000209;991.9829000000054;994.966400000028;991.9829000000054;988.2941000000008;988.2941000000008;988.2941000000008;988.2941000000008;972.7137999999982;988.2941000000008;978.8751999999986;991.9829000000054;
2710.0000000000423;993.699200000035;991.9829000000054;979.3152999999986;979.3152999999986;996.2336000000209;991.9829000000054;994.966400000028;991.9829000000054;988.2941000000008;988.2941000000008;988.2941000000008;988.2941000000008;972.7137999999982;988.2941000000008;978.8751999999986;991.9829000000054;
2711.0000000000423;993.699200000035;991.9829000000054;979.3152999999986;979.3152999999986;996.2336000000209;991.9829000000054;994.966400000028;991.9829000000054;988.2941000000008;988.2941000000008;988.2941000000008;988.2941000000008;972.7137999999982;988.2941000000008;978.8751999999986;991.9829000000054;
2712.0000000000423;993.699200000035;991.9829000000054;979.3152999999986;979.3152999999986;996.2336000000209;991.9829000000054;994.966400000028;991.9829000000054;988.2941000000008;988.2941000000008;988.2941000000008;988.2941000000008;972.7137999999982;988.2941000000008;978.8751999999986;991.9829000000054;
2713.0000000000423;993.699200000035;991.9829000000054;979.3152999999986;979.3152999999986;996.2336000000209;991.9829000000054;994.966400000028;991.9829000000054;988.2941000000008;988.2941000000008;988.2941000000008;988.2941000000008;972.7137999999982;988.2941000000008;978.8751999999986;991.9829000000054;
2714.0000000000423;993.699200000035;991.9829000000054;979.3152999999986;979.3152999999986;996.2336000000209;991.9829000000054;994.966400000028;991.9829000000054;988.2941000000008;988.2941000000008;988.2941000000008;988.2941000000008;972.7137999999982;988.2941000000008;978.8751999999986;991.9829000000054;
2715.0000000000423;993.699200000035;991.9829000000054;979.3152999999986;979.3152999999986;996.2336000000209;991.9829000000054;994.966400000028;991.9829000000054;988.2941000000008;988.2941000000008;988.2941000000008;988.2941000000008;972.7137999999982;988.2941000000008;978.8751999999986;991.9829000000054;
2716.0000000000423;993.699200000035;991.9829000000054;979.3152999999986;979.3152999999986;996.2336000000209;991.9829000000054;994.966400000028;991.9829000000054;988.2941000000008;988.2941000000008;988.2941000000008;988.2941000000008;972.7137999999982;988.2941000000008;978.8751999999986;991.9829000000054;
2717.0000000000423;993.699200000035;991.9829000000054;979.3152999999986;979.3152999999986;996.2336000000209;991.9829000000054;994.966400000028;991.9829000000054;988.2941000000008;988.2941000000008;988.2941000000008;988.2941000000008;972.7137999999982;988.2941000000008;978.8751999999986;991.9829000000054;
2718.0000000000423;993.699200000035;991.9829000000054;979.3152999999986;979.3152999999986;996.2336000000209;991.9829000000054;994.966400000028;991.9829000000054;988.2941000000008;988.2941000000008;988.2941000000008;988.2941000000008;972.7137999999982;988.2941000000008;978.8751999999986;991.9829000000054;
2719.0000000000423;993.699200000035;991.9829000000054;979.3152999999986;979.3152999999986;996.2336000000209;991.9829000000054;994.966400000028;991.9829000000054;988.2941000000008;988.2941000000008;988.2941000000008;988.2941000000008;972.7137999999982;988.2941000000008;978.8751999999986;991.9829000000054;
2720.0000000000423;993.699200000035;991.9829000000054;979.3152999999986;979.3152999999986;996.2336000000209;991.9829000000054;994.966400000028;991.9829000000054;988.2941000000008;988.2941000000008;988.2941000000008;988.2941000000008;972.7137999999982;988.2941000000008;978.8751999999986;991.9829000000054;
2721.0000000000423;993.699200000035;991.9829000000054;979.3152999999986;979.3152999999986;996.2336000000209;991.9829000000054;994.966400000028;991.9829000000054;988.2941000000008;988.2941000000008;988.2941000000008;988.2941000000008;972.7137999999982;988.2941000000008;978.8751999999986;991.9829000000054;
2722.0000000000423;993.699200000035;991.9829000000054;979.3152999999986;979.3152999999986;996.2336000000209;991.9829000000054;994.966400000028;991.9829000000054;988.2941000000008;988.2941000000008;988.2941000000008;988.2941000000008;972.7137999999982;988.2941000000008;978.8751999999986;991.9829000000054;
2723.0000000000423;993.699200000035;991.9829000000054;979.3152999999986;979.3152999999986;996.2336000000209;991.9829000000054;994.966400000028;991.9829000000054;988.2941000000008;988.2941000000008;988.2941000000008;988.2941000000008;972.7137999999982;988.2941000000008;978.8751999999986;991.9829000000054;
2724.0000000000423;993.699200000035;991.9829000000054;979.3152999999986;979.3152999999986;996.2336000000209;991.9829000000054;994.966400000028;991.9829000000054;988.2941000000008;988.2941000000008;988.2941000000008;988.2941000000008;972.7137999999982;988.2941000000008;978.8751999999986;991.9829000000054;
2725.0000000000423;993.699200000035;991.9829000000054;979.3152999999986;979.3152999999986;996.2336000000209;991.9829000000054;994.966400000028;991.9829000000054;988.2941000000008;988.2941000000008;988.2941000000008;988.2941000000008;972.7137999999982;988.2941000000008;978.8751999999986;991.9829000000054;
2726.0000000000423;993.699200000035;991.9829000000054;979.3152999999986;979.3152999999986;996.2336000000209;991.9829000000054;994.966400000028;991.9829000000054;988.2941000000008;988.2941000000008;988.2941000000008;988.2941000000008;972.7137999999982;988.2941000000008;978.8751999999986;991.9829000000054;
2727.0000000000423;993.699200000035;991.9829000000054;979.3152999999986;979.3152999999986;996.2336000000209;991.9829000000054;994.966400000028;991.9829000000054;988.2941000000008;988.2941000000008;988.2941000000008;988.2941000000008;972.7137999999982;988.2941000000008;978.8751999999986;991.9829000000054;
2728.0000000000423;993.699200000035;991.9829000000054;979.3152999999986;979.3152999999986;996.2336000000209;991.9829000000054;994.966400000028;991.9829000000054;988.2941000000008;988.2941000000008;988.2941000000008;988.2941000000008;972.7137999999982;988.2941000000008;978.8751999999986;991.9829000000054;
2729.0000000000423;993.699200000035;991.9829000000054;979.3152999999986;979.3152999999986;996.2336000000209;991.9829000000054;994.966400000028;991.9829000000054;988.2941000000008;988.2941000000008;988.2941000000008;988.2941000000008;972.7137999999982;988.2941000000008;978.8751999999986;991.9829000000054;
2729.828790925793;993.699200000035;991.9829000000054;979.3152999999986;979.3152999999986;996.2336000000209;991.9828000000055;994.966400000028;991.9829000000054;988.2941000000008;988.2941000000008;988.2941000000008;988.2941000000008;972.7137999999982;988.2941000000008;978.8751999999986;991.9829000000054;
2729.828790925793;993.699200000035;991.9829000000054;979.3152999999986;979.3152999999986;996.2336000000209;991.8948000000055;994.966400000028;991.9829000000054;988.2941000000008;988.2941000000008;988.2941000000008;988.2941000000008;972.7137999999982;988.2941000000008;978.8751999999986;991.9829000000054;
2729.834106925793;993.6904000000351;991.9829000000054;979.3152999999986;979.3152999999986;996.2336000000209;991.8948000000055;994.966400000028;991.9829000000054;988.2941000000008;988.2941000000008;988.2941000000008;988.2941000000008;972.7137999999982;988.2941000000008;978.8751999999986;991.9829000000054;
2729.834106925793;993.6816000000351;991.9829000000054;979.3152999999986;979.3152999999986;996.2336000000209;991.8948000000055;994.966400000028;991.9829000000054;988.2941000000008;988.2941000000008;988.2941000000008;988.2941000000008;972.7137999999982;988.2941000000008;978.8751999999986;991.9829000000054;
2729.8394229257933;993.6816000000351;991.9829000000054;979.3152999999986;979.3152999999986;996.2336000000209;991.8948000000055;994.957600000028;991.9829000000054;988.2941000000008;988.2941000000008;988.2941000000008;988.2941000000008;972.7137999999982;988.2941000000008;978.8751999999986;991.9829000000054;
2729.9537938937647;993.6816000000351;991.9829000000054;979.3152999999986;979.3152999999986;996.2336000000209;991.8948000000055;994.957600000028;991.9828000000055;988.2941000000008;988.2941000000008;988.2941000000008;988.2941000000008;972.7137999999982;988.2941000000008;978.8751999999986;991.9829000000054;
2729.9537938937647;993.6816000000351;991.9829000000054;979.3152999999986;979.3152999999986;996.2336000000209;991.8948000000055;994.957600000028;991.8948000000055;988.2941000000008;988.2941000000008;988.2941000000008;988.2941000000008;972.7137999999982;988.2941000000008;978.8751999999986;991.9829000000054;
2729.958167255717;993.6816000000351;991.9829000000054;979.3152999999986;979.3152999999986;996.2336000000209;991.8948000000055;994.957600000028;991.8948000000055;988.2941000000008;988.2941000000008;988.2941000000008;988.2941000000008;972.7136999999982;988.2941000000008;978.8751999999986;991.9829000000054;
2729.958167255717;993.6816000000351;991.9829000000054;979.3152999999986;979.3152999999986;996.2336000000209;991.8948000000055;994.957600000028;991.8948000000055;988.2941000000008;988.2941000000008;988.2941000000008;988.2941000000008;972.2736999999981;988.2941000000008;978.8751999999986;991.9829000000054;
2729.9591098937644;993.6728000000352;991.9829000000054;979.3152999999986;979.3152999999986;996.2336000000209;991.8948000000055;994.957600000028;991.8948000000055;988.2941000000008;988.2941000000008;988.2941000000008;988.2941000000008;972.2736999999981;988.2941000000008;978.8751999999986;991.9829000000054;
2729.9634832557167;993.6728000000352;991.9829000000054;979.3152999999986;979.3152999999986;996.224800000021;991.8948000000055;994.957600000028;991.8948000000055;988.2941000000008;988.2941000000008;988.2941000000008;988.2941000000008;972.2736999999981;988.2941000000008;978.8751999999986;991.9829000000054;
2730.0000000000423;993.6728000000352;991.9829000000054;979.3152999999986;979.3152999999986;996.216000000021;991.8948000000055;994.9488000000281;991.8948000000055;988.2941000000008;988.2941000000008;988.2941000000008;988.2941000000008;972.2736999999981;988.2941000000008;978.8751999999986;991.9829000000054;
2730.8341302656463;993.6640000000352;991.8948000000055;979.3152999999986;979.3152999999986;996.216000000021;991.8948000000055;994.9488000000281;991.8948000000055;988.2941000000008;988.2941000000008;988.2941000000008;988.2941000000008;972.2736999999981;988.2941000000008;978.8751999999986;991.8948000000055;
2731.8341536054995;993.6552000000353;991.8948000000055;979.3152999999986;979.3152999999986;996.216000000021;991.8948000000055;994.9400000000281;991.8948000000055;988.2941000000008;988.2941000000008;988.2941000000008;988.2941000000008;972.2736999999981;988.2941000000008;978.8751999999986;991.8948000000055;
2732.8341769453527;993.6464000000353;991.8948000000055;979.3152999999986;979.3152999999986;996.216000000021;991.8948000000055;994.9312000000282;991.8948000000055;988.2941000000008;988.2941000000008;988.2941000000008;988.2941000000008;972.2736999999981;988.2941000000008;978.8751999999986;991.8948000000055;
2733.0000000000427;993.6464000000353;991.8948000000055;979.3152999999986;979.3152999999986;996.216000000021;991.8948000000055;994.9312000000282;991.8948000000055;988.2941000000008;988.2941000000008;988.2941000000008;988.2941000000008;972.2736999999981;988.2941000000008;978.8751999999986;991.8948000000055;
2734.0000000000427;993.6464000000353;991.8948000000055;979.3152999999986;979.3152999999986;996.216000000021;991.8948000000055;994.9312000000282;991.8948000000055;988.2941000000008;988.2941000000008;988.2941000000008;988.2941000000008;972.2736999999981;988.2941000000008;978.8751999999986;991.8948000000055;
2735.0000000000427;993.6464000000353;991.8948000000055;979.3152999999986;979.3152999999986;996.216000000021;991.8948000000055;994.9312000000282;991.8948000000055;988.2941000000008;988.2941000000008;988.2941000000008;988.2941000000008;972.2736999999981;988.2941000000008;978.8751999999986;991.8948000000055;
2736.0000000000427;993.6464000000353;991.8948000000055;979.3152999999986;979.3152999999986;996.216000000021;991.8948000000055;994.9312000000282;991.8948000000055;988.2941000000008;988.2941000000008;988.2941000000008;988.2941000000008;972.2736999999981;988.2941000000008;978.8751999999986;991.8948000000055;
2737.0000000000427;993.6464000000353;991.8948000000055;979.3152999999986;979.3152999999986;996.216000000021;991.8948000000055;994.9312000000282;991.8948000000055;988.2941000000008;988.2941000000008;988.2941000000008;988.2941000000008;972.2736999999981;988.2941000000008;978.8751999999986;991.8948000000055;
2738.0000000000427;993.6464000000353;991.8948000000055;979.3152999999986;979.3152999999986;996.216000000021;991.8948000000055;994.9312000000282;991.8948000000055;988.2941000000008;988.2941000000008;988.2941000000008;988.2941000000008;972.2736999999981;988.2941000000008;978.8751999999986;991.8948000000055;
2739.0000000000427;993.6464000000353;991.8948000000055;979.3152999999986;979.3152999999986;996.216000000021;991.8948000000055;994.9312000000282;991.8948000000055;988.2941000000008;988.2941000000008;988.2941000000008;988.2941000000008;972.2736999999981;988.2941000000008;978.8751999999986;991.8948000000055;
2740.0000000000427;993.6464000000353;991.8948000000055;979.3152999999986;979.3152999999986;996.216000000021;991.8948000000055;994.9312000000282;991.8948000000055;988.2941000000008;988.2941000000008;988.2941000000008;988.2941000000008;972.2736999999981;988.2941000000008;978.8751999999986;991.8948000000055;
2741.0000000000427;993.6464000000353;991.8948000000055;979.3152999999986;979.3152999999986;996.216000000021;991.8948000000055;994.9312000000282;991.8948000000055;988.2941000000008;988.2941000000008;988.2941000000008;988.2941000000008;972.2736999999981;988.2941000000008;978.8751999999986;991.8948000000055;
2742.0000000000427;993.6464000000353;991.8948000000055;979.3152999999986;979.3152999999986;996.216000000021;991.8948000000055;994.9312000000282;991.8948000000055;988.2941000000008;988.2941000000008;988.2941000000008;988.2941000000008;972.2736999999981;988.2941000000008;978.8751999999986;991.8948000000055;
2743.0000000000427;993.6464000000353;991.8948000000055;979.3152999999986;979.3152999999986;996.216000000021;991.8948000000055;994.9312000000282;991.8948000000055;988.2941000000008;988.2941000000008;988.2941000000008;988.2941000000008;972.2736999999981;988.2941000000008;978.8751999999986;991.8948000000055;
2744.0000000000427;993.6464000000353;991.8948000000055;979.3152999999986;979.3152999999986;996.216000000021;991.8948000000055;994.9312000000282;991.8948000000055;988.2941000000008;988.2941000000008;988.2941000000008;988.2941000000008;972.2736999999981;988.2941000000008;978.8751999999986;991.8948000000055;
2745.0000000000427;993.6464000000353;991.8948000000055;979.3152999999986;979.3152999999986;996.216000000021;991.8948000000055;994.9312000000282;991.8948000000055;988.2941000000008;988.2941000000008;988.2941000000008;988.2941000000008;972.2736999999981;988.2941000000008;978.8751999999986;991.8948000000055;
2746.0000000000427;993.6464000000353;991.8948000000055;979.3152999999986;979.3152999999986;996.216000000021;991.8948000000055;994.9312000000282;991.8948000000055;988.2941000000008;988.2941000000008;988.2941000000008;988.2941000000008;972.2736999999981;988.2941000000008;978.8751999999986;991.8948000000055;
2747.0000000000427;993.6464000000353;991.8948000000055;979.3152999999986;979.3152999999986;996.216000000021;991.8948000000055;994.9312000000282;991.8948000000055;988.2941000000008;988.2941000000008;988.2941000000008;988.2941000000008;972.2736999999981;988.2941000000008;978.8751999999986;991.8948000000055;
2748.0000000000427;993.6464000000353;991.8948000000055;979.3152999999986;979.3152999999986;996.216000000021;991.8948000000055;994.9312000000282;991.8948000000055;988.2941000000008;988.2941000000008;988.2941000000008;988.2941000000008;972.2736999999981;988.2941000000008;978.8751999999986;991.8948000000055;
2749.0000000000427;993.6464000000353;991.8948000000055;979.3152999999986;979.3152999999986;996.216000000021;991.8948000000055;994.9312000000282;991.8948000000055;988.2941000000008;988.2941000000008;988.2941000000008;988.2941000000008;972.2736999999981;988.2941000000008;978.8751999999986;991.8948000000055;
2750.0000000000427;993.6464000000353;991.8948000000055;979.3152999999986;979.3152999999986;996.216000000021;991.8948000000055;994.9312000000282;991.8948000000055;988.2941000000008;988.2941000000008;988.2941000000008;988.2941000000008;972.2736999999981;988.2941000000008;978.8751999999986;991.8948000000055;
2751.0000000000427;993.6464000000353;991.8948000000055;979.3152999999986;979.3152999999986;996.216000000021;991.8948000000055;994.9312000000282;991.8948000000055;988.2941000000008;988.2941000000008;988.2941000000008;988.2941000000008;972.2736999999981;988.2941000000008;978.8751999999986;991.8948000000055;
2752.0000000000427;993.6464000000353;991.8948000000055;979.3152999999986;979.3152999999986;996.216000000021;991.8948000000055;994.9312000000282;991.8948000000055;988.2941000000008;988.2941000000008;988.2941000000008;988.2941000000008;972.2736999999981;988.2941000000008;978.8751999999986;991.8948000000055;
2753.0000000000427;993.6464000000353;991.8948000000055;979.3152999999986;979.3152999999986;996.216000000021;991.8948000000055;994.9312000000282;991.8948000000055;988.2941000000008;988.2941000000008;988.2941000000008;988.2941000000008;972.2736999999981;988.2941000000008;978.8751999999986;991.8948000000055;
2754.0000000000427;993.6464000000353;991.8948000000055;979.3152999999986;979.3152999999986;996.216000000021;991.8948000000055;994.9312000000282;991.8948000000055;988.2941000000008;988.2941000000008;988.2941000000008;988.2941000000008;972.2736999999981;988.2941000000008;978.8751999999986;991.8948000000055;
2755.0000000000427;993.6464000000353;991.8948000000055;979.3152999999986;979.3152999999986;996.216000000021;991.8948000000055;994.9312000000282;991.8948000000055;988.2941000000008;988.2941000000008;988.2941000000008;988.2941000000008;972.2736999999981;988.2941000000008;978.8751999999986;991.8948000000055;
2756.0000000000427;993.6464000000353;991.8948000000055;979.3152999999986;979.3152999999986;996.216000000021;991.8948000000055;994.9312000000282;991.8948000000055;988.2941000000008;988.2941000000008;988.2941000000008;988.2941000000008;972.2736999999981;988.2941000000008;978.8751999999986;991.8948000000055;
2757.0000000000427;993.6464000000353;991.8948000000055;979.3152999999986;979.3152999999986;996.216000000021;991.8948000000055;994.9312000000282;991.8948000000055;988.2941000000008;988.2941000000008;988.2941000000008;988.2941000000008;972.2736999999981;988.2941000000008;978.8751999999986;991.8948000000055;
2758.0000000000427;993.6464000000353;991.8948000000055;979.3152999999986;979.3152999999986;996.216000000021;991.8948000000055;994.9312000000282;991.8948000000055;988.2941000000008;988.2941000000008;988.2941000000008;988.2941000000008;972.2736999999981;988.2941000000008;978.8751999999986;991.8948000000055;
2759.0000000000427;993.6464000000353;991.8948000000055;979.3152999999986;979.3152999999986;996.216000000021;991.8948000000055;994.9312000000282;991.8948000000055;988.2941000000008;988.2941000000008;988.2941000000008;988.2941000000008;972.2736999999981;988.2941000000008;978.8751999999986;991.8948000000055;
2759.8268966156497;993.6464000000353;991.8948000000055;979.3152999999986;979.3152999999986;996.216000000021;991.8947000000055;994.9312000000282;991.8948000000055;988.2941000000008;988.2941000000008;988.2941000000008;988.2941000000008;972.2736999999981;988.2941000000008;978.8751999999986;991.8948000000055;
2759.8268966156497;993.6464000000353;991.8948000000055;979.3152999999986;979.3152999999986;996.216000000021;991.8067000000055;994.9312000000282;991.8948000000055;988.2941000000008;988.2941000000008;988.2941000000008;988.2941000000008;972.2736999999981;988.2941000000008;978.8751999999986;991.8948000000055;
2759.83221261565;993.6376000000354;991.8948000000055;979.3152999999986;979.3152999999986;996.216000000021;991.8067000000055;994.9312000000282;991.8948000000055;988.2941000000008;988.2941000000008;988.2941000000008;988.2941000000008;972.2736999999981;988.2941000000008;978.8751999999986;991.8948000000055;
2759.83221261565;993.6288000000354;991.8948000000055;979.3152999999986;979.3152999999986;996.216000000021;991.8067000000055;994.9312000000282;991.8948000000055;988.2941000000008;988.2941000000008;988.2941000000008;988.2941000000008;972.2736999999981;988.2941000000008;978.8751999999986;991.8948000000055;
2759.83752861565;993.6288000000354;991.8948000000055;979.3152999999986;979.3152999999986;996.216000000021;991.8067000000055;994.9224000000282;991.8948000000055;988.2941000000008;988.2941000000008;988.2941000000008;988.2941000000008;972.2736999999981;988.2941000000008;978.8751999999986;991.8948000000055;
2759.852400831867;993.6288000000354;991.8948000000055;979.3151999999986;979.3152999999986;996.216000000021;991.8067000000055;994.9224000000282;991.8948000000055;988.2941000000008;988.2941000000008;988.2941000000008;988.2941000000008;972.2736999999981;988.2941000000008;978.8751999999986;991.8948000000055;
2759.852400831867;993.6288000000354;991.8948000000055;978.8751999999986;979.3152999999986;996.216000000021;991.8067000000055;994.9224000000282;991.8948000000055;988.2941000000008;988.2941000000008;988.2941000000008;988.2941000000008;972.2736999999981;988.2941000000008;978.8751999999986;991.8948000000055;
2759.857716831867;993.6200000000355;991.8948000000055;978.8751999999986;979.3152999999986;996.216000000021;991.8067000000055;994.9224000000282;991.8948000000055;988.2941000000008;988.2941000000008;988.2941000000008;988.2941000000008;972.2736999999981;988.2941000000008;978.8751999999986;991.8948000000055;
2759.943346083625;993.6200000000355;991.8948000000055;978.8751999999986;979.3151999999986;996.216000000021;991.8067000000055;994.9224000000282;991.8948000000055;988.2941000000008;988.2941000000008;988.2941000000008;988.2941000000008;972.2736999999981;988.2941000000008;978.8751999999986;991.8948000000055;
2759.943346083625;993.6200000000355;991.8948000000055;978.8751999999986;978.8751999999986;996.216000000021;991.8067000000055;994.9224000000282;991.8948000000055;988.2941000000008;988.2941000000008;988.2941000000008;988.2941000000008;972.2736999999981;988.2941000000008;978.8751999999986;991.8948000000055;
2759.948662083625;993.6200000000355;991.8948000000055;978.8751999999986;978.8751999999986;996.2072000000211;991.8067000000055;994.9224000000282;991.8948000000055;988.2941000000008;988.2941000000008;988.2941000000008;988.2941000000008;972.2736999999981;988.2941000000008;978.8751999999986;991.8948000000055;
2759.948662083625;993.6200000000355;991.8948000000055;978.8751999999986;978.8751999999986;996.1984000000211;991.8067000000055;994.9224000000282;991.8948000000055;988.2941000000008;988.2941000000008;988.2941000000008;988.2941000000008;972.2736999999981;988.2941000000008;978.8751999999986;991.8948000000055;
2760.1557694305598;993.6024000000356;991.8067000000055;978.8751999999986;978.8751999999986;996.1896000000212;991.8067000000055;994.9136000000283;991.8067000000055;988.2941000000008;988.2941000000008;988.2941000000008;988.2941000000008;971.8335999999981;988.2941000000008;978.8750999999986;991.8067000000055;
2760.8322359555045;993.6024000000356;991.8067000000055;978.8751999999986;978.8751999999986;996.1808000000212;991.8067000000055;994.9136000000283;991.8067000000055;988.2941000000008;988.2941000000008;988.2941000000008;988.2941000000008;971.8335999999981;988.2941000000008;978.4350999999986;991.8067000000055;
2761.8322592953577;993.5936000000356;991.8067000000055;978.8751999999986;978.8751999999986;996.1720000000213;991.8067000000055;994.8960000000284;991.8067000000055;988.2941000000008;988.2941000000008;988.2941000000008;988.2941000000008;971.8335999999981;988.2941000000008;978.4350999999986;991.8067000000055;
2762.8322826352114;993.5848000000357;991.8067000000055;978.8751999999986;978.8751999999986;996.1632000000213;991.8067000000055;994.8784000000285;991.8067000000055;988.2941000000008;988.2941000000008;988.2941000000008;988.2941000000008;971.8335999999981;988.2941000000008;978.4350999999986;991.8067000000055;
2762.948716187154;993.5760000000357;991.8067000000055;978.8751999999986;978.8751999999986;996.1632000000213;991.8067000000055;994.8696000000285;991.8067000000055;988.2941000000008;988.2941000000008;988.2941000000008;988.2941000000008;971.8335999999981;988.2941000000008;978.4350999999986;991.8067000000055;
2763.832305975065;993.5760000000357;991.8067000000055;978.8751999999986;978.8751999999986;996.1632000000213;991.8067000000055;994.8696000000285;991.8067000000055;988.2941000000008;988.2941000000008;988.2941000000008;988.2941000000008;971.8335999999981;988.2941000000008;978.4350999999986;991.8067000000055;
2765.0000000000455;993.5760000000357;991.8067000000055;978.8751999999986;978.8751999999986;996.1632000000213;991.8067000000055;994.8696000000285;991.8067000000055;988.2941000000008;988.2941000000008;988.2941000000008;988.2941000000008;971.8335999999981;988.2941000000008;978.4350999999986;991.8067000000055;
2766.0000000000455;993.5760000000357;991.8067000000055;978.8751999999986;978.8751999999986;996.1632000000213;991.8067000000055;994.8696000000285;991.8067000000055;988.2941000000008;988.2941000000008;988.2941000000008;988.2941000000008;971.8335999999981;988.2941000000008;978.4350999999986;991.8067000000055;
2767.0000000000455;993.5760000000357;991.8067000000055;978.8751999999986;978.8751999999986;996.1632000000213;991.8067000000055;994.8696000000285;991.8067000000055;988.2941000000008;988.2941000000008;988.2941000000008;988.2941000000008;971.8335999999981;988.2941000000008;978.4350999999986;991.8067000000055;
2768.0000000000455;993.5760000000357;991.8067000000055;978.8751999999986;978.8751999999986;996.1632000000213;991.8067000000055;994.8696000000285;991.8067000000055;988.2941000000008;988.2941000000008;988.2941000000008;988.2941000000008;971.8335999999981;988.2941000000008;978.4350999999986;991.8067000000055;
2769.0000000000455;993.5760000000357;991.8067000000055;978.8751999999986;978.8751999999986;996.1632000000213;991.8067000000055;994.8696000000285;991.8067000000055;988.2941000000008;988.2941000000008;988.2941000000008;988.2941000000008;971.8335999999981;988.2941000000008;978.4350999999986;991.8067000000055;
2770.0000000000455;993.5760000000357;991.8067000000055;978.8751999999986;978.8751999999986;996.1632000000213;991.8067000000055;994.8696000000285;991.8067000000055;988.2941000000008;988.2941000000008;988.2941000000008;988.2941000000008;971.8335999999981;988.2941000000008;978.4350999999986;991.8067000000055;
2771.0000000000455;993.5760000000357;991.8067000000055;978.8751999999986;978.8751999999986;996.1632000000213;991.8067000000055;994.8696000000285;991.8067000000055;988.2941000000008;988.2941000000008;988.2941000000008;988.2941000000008;971.8335999999981;988.2941000000008;978.4350999999986;991.8067000000055;
2772.0000000000455;993.5760000000357;991.8067000000055;978.8751999999986;978.8751999999986;996.1632000000213;991.8067000000055;994.8696000000285;991.8067000000055;988.2941000000008;988.2941000000008;988.2941000000008;988.2941000000008;971.8335999999981;988.2941000000008;978.4350999999986;991.8067000000055;
2773.0000000000455;993.5760000000357;991.8067000000055;978.8751999999986;978.8751999999986;996.1632000000213;991.8067000000055;994.8696000000285;991.8067000000055;988.2941000000008;988.2941000000008;988.2941000000008;988.2941000000008;971.8335999999981;988.2941000000008;978.4350999999986;991.8067000000055;
2774.0000000000455;993.5760000000357;991.8067000000055;978.8751999999986;978.8751999999986;996.1632000000213;991.8067000000055;994.8696000000285;991.8067000000055;988.2941000000008;988.2941000000008;988.2941000000008;988.2941000000008;971.8335999999981;988.2941000000008;978.4350999999986;991.8067000000055;
2775.0000000000455;993.5760000000357;991.8067000000055;978.8751999999986;978.8751999999986;996.1632000000213;991.8067000000055;994.8696000000285;991.8067000000055;988.2941000000008;988.2941000000008;988.2941000000008;988.2941000000008;971.8335999999981;988.2941000000008;978.4350999999986;991.8067000000055;
2776.0000000000455;993.5760000000357;991.8067000000055;978.8751999999986;978.8751999999986;996.1632000000213;991.8067000000055;994.8696000000285;991.8067000000055;988.2941000000008;988.2941000000008;988.2941000000008;988.2941000000008;971.8335999999981;988.2941000000008;978.4350999999986;991.8067000000055;
2777.0000000000455;993.5760000000357;991.8067000000055;978.8751999999986;978.8751999999986;996.1632000000213;991.8067000000055;994.8696000000285;991.8067000000055;988.2941000000008;988.2941000000008;988.2941000000008;988.2941000000008;971.8335999999981;988.2941000000008;978.4350999999986;991.8067000000055;
2778.0000000000455;993.5760000000357;991.8067000000055;978.8751999999986;978.8751999999986;996.1632000000213;991.8067000000055;994.8696000000285;991.8067000000055;988.2941000000008;988.2941000000008;988.2941000000008;988.2941000000008;971.8335999999981;988.2941000000008;978.4350999999986;991.8067000000055;
2779.0000000000455;993.5760000000357;991.8067000000055;978.8751999999986;978.8751999999986;996.1632000000213;991.8067000000055;994.8696000000285;991.8067000000055;988.2941000000008;988.2941000000008;988.2941000000008;988.2941000000008;971.8335999999981;988.2941000000008;978.4350999999986;991.8067000000055;
2780.0000000000455;993.5760000000357;991.8067000000055;978.8751999999986;978.8751999999986;996.1632000000213;991.8067000000055;994.8696000000285;991.8067000000055;988.2941000000008;988.2941000000008;988.2941000000008;988.2941000000008;971.8335999999981;988.2941000000008;978.4350999999986;991.8067000000055;
2781.0000000000455;993.5760000000357;991.8067000000055;978.8751999999986;978.8751999999986;996.1632000000213;991.8067000000055;994.8696000000285;991.8067000000055;988.2941000000008;988.2941000000008;988.2941000000008;988.2941000000008;971.8335999999981;988.2941000000008;978.4350999999986;991.8067000000055;
2782.0000000000455;993.5760000000357;991.8067000000055;978.8751999999986;978.8751999999986;996.1632000000213;991.8067000000055;994.8696000000285;991.8067000000055;988.2941000000008;988.2941000000008;988.2941000000008;988.2941000000008;971.8335999999981;988.2941000000008;978.4350999999986;991.8067000000055;
2783.0000000000455;993.5760000000357;991.8067000000055;978.8751999999986;978.8751999999986;996.1632000000213;991.8067000000055;994.8696000000285;991.8067000000055;988.2941000000008;988.2941000000008;988.2941000000008;988.2941000000008;971.8335999999981;988.2941000000008;978.4350999999986;991.8067000000055;
2784.0000000000455;993.5760000000357;991.8067000000055;978.8751999999986;978.8751999999986;996.1632000000213;991.8067000000055;994.8696000000285;991.8067000000055;988.2941000000008;988.2941000000008;988.2941000000008;988.2941000000008;971.8335999999981;988.2941000000008;978.4350999999986;991.8067000000055;
2785.0000000000455;993.5760000000357;991.8067000000055;978.8751999999986;978.8751999999986;996.1632000000213;991.8067000000055;994.8696000000285;991.8067000000055;988.2941000000008;988.2941000000008;988.2941000000008;988.2941000000008;971.8335999999981;988.2941000000008;978.4350999999986;991.8067000000055;
2786.0000000000455;993.5760000000357;991.8067000000055;978.8751999999986;978.8751999999986;996.1632000000213;991.8067000000055;994.8696000000285;991.8067000000055;988.2941000000008;988.2941000000008;988.2941000000008;988.2941000000008;971.8335999999981;988.2941000000008;978.4350999999986;991.8067000000055;
2787.0000000000455;993.5760000000357;991.8067000000055;978.8751999999986;978.8751999999986;996.1632000000213;991.8067000000055;994.8696000000285;991.8067000000055;988.2941000000008;988.2941000000008;988.2941000000008;988.2941000000008;971.8335999999981;988.2941000000008;978.4350999999986;991.8067000000055;
2788.0000000000455;993.5760000000357;991.8067000000055;978.8751999999986;978.8751999999986;996.1632000000213;991.8067000000055;994.8696000000285;991.8067000000055;988.2941000000008;988.2941000000008;988.2941000000008;988.2941000000008;971.8335999999981;988.2941000000008;978.4350999999986;991.8067000000055;
2789.0000000000455;993.5760000000357;991.8067000000055;978.8751999999986;978.8751999999986;996.1632000000213;991.8067000000055;994.8696000000285;991.8067000000055;988.2941000000008;988.2941000000008;988.2941000000008;988.2941000000008;971.8335999999981;988.2941000000008;978.4350999999986;991.8067000000055;
2789.825002305509;993.5760000000357;991.8067000000055;978.8751999999986;978.8751999999986;996.1632000000213;991.8066000000056;994.8696000000285;991.8067000000055;988.2941000000008;988.2941000000008;988.2941000000008;988.2941000000008;971.8335999999981;988.2941000000008;978.4350999999986;991.8067000000055;
2789.825002305509;993.5760000000357;991.8067000000055;978.8751999999986;978.8751999999986;996.1632000000213;991.7186000000056;994.8696000000285;991.8067000000055;988.2941000000008;988.2941000000008;988.2941000000008;988.2941000000008;971.8335999999981;988.2941000000008;978.4350999999986;991.8067000000055;
2789.830318305509;993.5672000000358;991.8067000000055;978.8751999999986;978.8751999999986;996.1632000000213;991.7186000000056;994.8696000000285;991.8067000000055;988.2941000000008;988.2941000000008;988.2941000000008;988.2941000000008;971.8335999999981;988.2941000000008;978.4350999999986;991.8067000000055;
2789.830318305509;993.5584000000358;991.8067000000055;978.8751999999986;978.8751999999986;996.1632000000213;991.7186000000056;994.8696000000285;991.8067000000055;988.2941000000008;988.2941000000008;988.2941000000008;988.2941000000008;971.8335999999981;988.2941000000008;978.4350999999986;991.8067000000055;
2789.8356343055093;993.5584000000358;991.8067000000055;978.8751999999986;978.8751999999986;996.1632000000213;991.7186000000056;994.8608000000286;991.8067000000055;988.2941000000008;988.2941000000008;988.2941000000008;988.2941000000008;971.8335999999981;988.2941000000008;978.4350999999986;991.8067000000055;
2789.952761737089;993.5584000000358;991.8067000000055;978.8751999999986;978.8751999999986;996.1632000000213;991.7186000000056;994.8608000000286;991.8066000000056;988.2941000000008;988.2941000000008;988.2941000000008;988.2941000000008;971.8335999999981;988.2941000000008;978.4350999999986;991.8067000000055;
2789.952761737089;993.5584000000358;991.8067000000055;978.8751999999986;978.8751999999986;996.1632000000213;991.7186000000056;994.8608000000286;991.7186000000056;988.2941000000008;988.2941000000008;988.2941000000008;988.2941000000008;971.8335999999981;988.2941000000008;978.4350999999986;991.8067000000055;
2789.957214504544;993.5584000000358;991.8067000000055;978.8751999999986;978.8751999999986;996.1632000000213;991.7186000000056;994.8608000000286;991.7186000000056;988.2941000000008;988.2941000000008;988.2941000000008;988.2941000000008;971.8334999999981;988.2941000000008;978.4350999999986;991.8067000000055;
2789.957214504544;993.5584000000358;991.8067000000055;978.8751999999986;978.8751999999986;996.1632000000213;991.7186000000056;994.8608000000286;991.7186000000056;988.2941000000008;988.2941000000008;988.2941000000008;988.2941000000008;971.3934999999981;988.2941000000008;978.4350999999986;991.8067000000055;
2789.958077737089;993.5496000000359;991.8067000000055;978.8751999999986;978.8751999999986;996.1632000000213;991.7186000000056;994.8608000000286;991.7186000000056;988.2941000000008;988.2941000000008;988.2941000000008;988.2941000000008;971.3934999999981;988.2941000000008;978.4350999999986;991.8067000000055;
2789.962530504544;993.5496000000359;991.8067000000055;978.8751999999986;978.8751999999986;996.1544000000214;991.7186000000056;994.8608000000286;991.7186000000056;988.2941000000008;988.2941000000008;988.2941000000008;988.2941000000008;971.3934999999981;988.2941000000008;978.4350999999986;991.8067000000055;
2789.962530504544;993.5496000000359;991.8067000000055;978.8751999999986;978.8751999999986;996.1456000000214;991.7186000000056;994.8608000000286;991.7186000000056;988.2941000000008;988.2941000000008;988.2941000000008;988.2941000000008;971.3934999999981;988.2941000000008;978.4350999999986;991.8067000000055;
2790.8303416453628;993.5408000000359;991.7186000000056;978.8751999999986;978.8751999999986;996.1456000000214;991.7186000000056;994.8520000000286;991.7186000000056;988.2941000000008;988.2941000000008;988.2941000000008;988.2941000000008;971.3934999999981;988.2941000000008;978.4350999999986;991.7186000000056;
2790.9625485390534;993.532000000036;991.7186000000056;978.8751999999986;978.8751999999986;996.1456000000214;991.7186000000056;994.8432000000287;991.7186000000056;988.2941000000008;988.2941000000008;988.2941000000008;988.2941000000008;971.3934999999981;988.2941000000008;978.4350999999986;991.7186000000056;
2791.830364985216;993.532000000036;991.7186000000056;978.8751999999986;978.8751999999986;996.1456000000214;991.7186000000056;994.8432000000287;991.7186000000056;988.2941000000008;988.2941000000008;988.2941000000008;988.2941000000008;971.3934999999981;988.2941000000008;978.4350999999986;991.7186000000056;
2792.8303883250696;993.523200000036;991.7186000000056;978.8751999999986;978.8751999999986;996.1456000000214;991.7186000000056;994.8344000000287;991.7186000000056;988.2941000000008;988.2941000000008;988.2941000000008;988.2941000000008;971.3934999999981;988.2941000000008;978.4350999999986;991.7186000000056;
2793.000000000047;993.523200000036;991.7186000000056;978.8751999999986;978.8751999999986;996.1456000000214;991.7186000000056;994.8344000000287;991.7186000000056;988.2941000000008;988.2941000000008;988.2941000000008;988.2941000000008;971.3934999999981;988.2941000000008;978.4350999999986;991.7186000000056;
2794.000000000047;993.523200000036;991.7186000000056;978.8751999999986;978.8751999999986;996.1456000000214;991.7186000000056;994.8344000000287;991.7186000000056;988.2941000000008;988.2941000000008;988.2941000000008;988.2941000000008;971.3934999999981;988.2941000000008;978.4350999999986;991.7186000000056;
2795.000000000047;993.523200000036;991.7186000000056;978.8751999999986;978.8751999999986;996.1456000000214;991.7186000000056;994.8344000000287;991.7186000000056;988.2941000000008;988.2941000000008;988.2941000000008;988.2941000000008;971.3934999999981;988.2941000000008;978.4350999999986;991.7186000000056;
2796.000000000047;993.523200000036;991.7186000000056;978.8751999999986;978.8751999999986;996.1456000000214;991.7186000000056;994.8344000000287;991.7186000000056;988.2941000000008;988.2941000000008;988.2941000000008;988.2941000000008;971.3934999999981;988.2941000000008;978.4350999999986;991.7186000000056;
2797.000000000047;993.523200000036;991.7186000000056;978.8751999999986;978.8751999999986;996.1456000000214;991.7186000000056;994.8344000000287;991.7186000000056;988.2941000000008;988.2941000000008;988.2941000000008;988.2941000000008;971.3934999999981;988.2941000000008;978.4350999999986;991.7186000000056;
2798.000000000047;993.523200000036;991.7186000000056;978.8751999999986;978.8751999999986;996.1456000000214;991.7186000000056;994.8344000000287;991.7186000000056;988.2941000000008;988.2941000000008;988.2941000000008;988.2941000000008;971.3934999999981;988.2941000000008;978.4350999999986;991.7186000000056;
2799.000000000047;993.523200000036;991.7186000000056;978.8751999999986;978.8751999999986;996.1456000000214;991.7186000000056;994.8344000000287;991.7186000000056;988.2941000000008;988.2941000000008;988.2941000000008;988.2941000000008;971.3934999999981;988.2941000000008;978.4350999999986;991.7186000000056;
2800.000000000047;993.523200000036;991.7186000000056;978.8751999999986;978.8751999999986;996.1456000000214;991.7186000000056;994.8344000000287;991.7186000000056;988.2941000000008;988.2941000000008;988.2941000000008;988.2941000000008;971.3934999999981;988.2941000000008;978.4350999999986;991.7186000000056;
2801.000000000047;993.523200000036;991.7186000000056;978.8751999999986;978.8751999999986;996.1456000000214;991.7186000000056;994.8344000000287;991.7186000000056;988.2941000000008;988.2941000000008;988.2941000000008;988.2941000000008;971.3934999999981;988.2941000000008;978.4350999999986;991.7186000000056;
2802.000000000047;993.523200000036;991.7186000000056;978.8751999999986;978.8751999999986;996.1456000000214;991.7186000000056;994.8344000000287;991.7186000000056;988.2941000000008;988.2941000000008;988.2941000000008;988.2941000000008;971.3934999999981;988.2941000000008;978.4350999999986;991.7186000000056;
2803.000000000047;993.523200000036;991.7186000000056;978.8751999999986;978.8751999999986;996.1456000000214;991.7186000000056;994.8344000000287;991.7186000000056;988.2941000000008;988.2941000000008;988.2941000000008;988.2941000000008;971.3934999999981;988.2941000000008;978.4350999999986;991.7186000000056;
2804.000000000047;993.523200000036;991.7186000000056;978.8751999999986;978.8751999999986;996.1456000000214;991.7186000000056;994.8344000000287;991.7186000000056;988.2941000000008;988.2941000000008;988.2941000000008;988.2941000000008;971.3934999999981;988.2941000000008;978.4350999999986;991.7186000000056;
2805.000000000047;993.523200000036;991.7186000000056;978.8751999999986;978.8751999999986;996.1456000000214;991.7186000000056;994.8344000000287;991.7186000000056;988.2941000000008;988.2941000000008;988.2941000000008;988.2941000000008;971.3934999999981;988.2941000000008;978.4350999999986;991.7186000000056;
2806.000000000047;993.523200000036;991.7186000000056;978.8751999999986;978.8751999999986;996.1456000000214;991.7186000000056;994.8344000000287;991.7186000000056;988.2941000000008;988.2941000000008;988.2941000000008;988.2941000000008;971.3934999999981;988.2941000000008;978.4350999999986;991.7186000000056;
2807.000000000047;993.523200000036;991.7186000000056;978.8751999999986;978.8751999999986;996.1456000000214;991.7186000000056;994.8344000000287;991.7186000000056;988.2941000000008;988.2941000000008;988.2941000000008;988.2941000000008;971.3934999999981;988.2941000000008;978.4350999999986;991.7186000000056;
2808.000000000047;993.523200000036;991.7186000000056;978.8751999999986;978.8751999999986;996.1456000000214;991.7186000000056;994.8344000000287;991.7186000000056;988.2941000000008;988.2941000000008;988.2941000000008;988.2941000000008;971.3934999999981;988.2941000000008;978.4350999999986;991.7186000000056;
2809.000000000047;993.523200000036;991.7186000000056;978.8751999999986;978.8751999999986;996.1456000000214;991.7186000000056;994.8344000000287;991.7186000000056;988.2941000000008;988.2941000000008;988.2941000000008;988.2941000000008;971.3934999999981;988.2941000000008;978.4350999999986;991.7186000000056;
2810.000000000047;993.523200000036;991.7186000000056;978.8751999999986;978.8751999999986;996.1456000000214;991.7186000000056;994.8344000000287;991.7186000000056;988.2941000000008;988.2941000000008;988.2941000000008;988.2941000000008;971.3934999999981;988.2941000000008;978.4350999999986;991.7186000000056;
2811.000000000047;993.523200000036;991.7186000000056;978.8751999999986;978.8751999999986;996.1456000000214;991.7186000000056;994.8344000000287;991.7186000000056;988.2941000000008;988.2941000000008;988.2941000000008;988.2941000000008;971.3934999999981;988.2941000000008;978.4350999999986;991.7186000000056;
2812.000000000047;993.523200000036;991.7186000000056;978.8751999999986;978.8751999999986;996.1456000000214;991.7186000000056;994.8344000000287;991.7186000000056;988.2941000000008;988.2941000000008;988.2941000000008;988.2941000000008;971.3934999999981;988.2941000000008;978.4350999999986;991.7186000000056;
2813.000000000047;993.523200000036;991.7186000000056;978.8751999999986;978.8751999999986;996.1456000000214;991.7186000000056;994.8344000000287;991.7186000000056;988.2941000000008;988.2941000000008;988.2941000000008;988.2941000000008;971.3934999999981;988.2941000000008;978.4350999999986;991.7186000000056;
2814.000000000047;993.523200000036;991.7186000000056;978.8751999999986;978.8751999999986;996.1456000000214;991.7186000000056;994.8344000000287;991.7186000000056;988.2941000000008;988.2941000000008;988.2941000000008;988.2941000000008;971.3934999999981;988.2941000000008;978.4350999999986;991.7186000000056;
2815.000000000047;993.523200000036;991.7186000000056;978.8751999999986;978.8751999999986;996.1456000000214;991.7186000000056;994.8344000000287;991.7186000000056;988.2941000000008;988.2941000000008;988.2941000000008;988.2941000000008;971.3934999999981;988.2941000000008;978.4350999999986;991.7186000000056;
2816.000000000047;993.523200000036;991.7186000000056;978.8751999999986;978.8751999999986;996.1456000000214;991.7186000000056;994.8344000000287;991.7186000000056;988.2941000000008;988.2941000000008;988.2941000000008;988.2941000000008;971.3934999999981;988.2941000000008;978.4350999999986;991.7186000000056;
2817.000000000047;993.523200000036;991.7186000000056;978.8751999999986;978.8751999999986;996.1456000000214;991.7186000000056;994.8344000000287;991.7186000000056;988.2941000000008;988.2941000000008;988.2941000000008;988.2941000000008;971.3934999999981;988.2941000000008;978.4350999999986;991.7186000000056;
2818.000000000047;993.523200000036;991.7186000000056;978.8751999999986;978.8751999999986;996.1456000000214;991.7186000000056;994.8344000000287;991.7186000000056;988.2941000000008;988.2941000000008;988.2941000000008;988.2941000000008;971.3934999999981;988.2941000000008;978.4350999999986;991.7186000000056;
2819.000000000047;993.523200000036;991.7186000000056;978.8751999999986;978.8751999999986;996.1456000000214;991.7186000000056;994.8344000000287;991.7186000000056;988.2941000000008;988.2941000000008;988.2941000000008;988.2941000000008;971.3934999999981;988.2941000000008;978.4350999999986;991.7186000000056;
2819.8231079953666;993.523200000036;991.7186000000056;978.8751999999986;978.8751999999986;996.1456000000214;991.7185000000056;994.8344000000287;991.7186000000056;988.2941000000008;988.2941000000008;988.2941000000008;988.2941000000008;971.3934999999981;988.2941000000008;978.4350999999986;991.7186000000056;
2819.8231079953666;993.523200000036;991.7186000000056;978.8751999999986;978.8751999999986;996.1456000000214;991.6305000000057;994.8344000000287;991.7186000000056;988.2941000000008;988.2941000000008;988.2941000000008;988.2941000000008;971.3934999999981;988.2941000000008;978.4350999999986;991.7186000000056;
2819.828423995367;993.5144000000361;991.7186000000056;978.8751999999986;978.8751999999986;996.1456000000214;991.6305000000057;994.8344000000287;991.7186000000056;988.2941000000008;988.2941000000008;988.2941000000008;988.2941000000008;971.3934999999981;988.2941000000008;978.4350999999986;991.7186000000056;
2819.828423995367;993.5056000000361;991.7186000000056;978.8751999999986;978.8751999999986;996.1456000000214;991.6305000000057;994.8344000000287;991.7186000000056;988.2941000000008;988.2941000000008;988.2941000000008;988.2941000000008;971.3934999999981;988.2941000000008;978.4350999999986;991.7186000000056;
2819.833739995367;993.5056000000361;991.7186000000056;978.8751999999986;978.8751999999986;996.1456000000214;991.6305000000057;994.8256000000288;991.7186000000056;988.2941000000008;988.2941000000008;988.2941000000008;988.2941000000008;971.3934999999981;988.2941000000008;978.4350999999986;991.7186000000056;
2819.8490561554026;993.5056000000361;991.7186000000056;978.8750999999986;978.8751999999986;996.1456000000214;991.6305000000057;994.8256000000288;991.7186000000056;988.2941000000008;988.2941000000008;988.2941000000008;988.2941000000008;971.3934999999981;988.2941000000008;978.4350999999986;991.7186000000056;
2819.8490561554026;993.5056000000361;991.7186000000056;978.4350999999986;978.8751999999986;996.1456000000214;991.6305000000057;994.8256000000288;991.7186000000056;988.2941000000008;988.2941000000008;988.2941000000008;988.2941000000008;971.3934999999981;988.2941000000008;978.4350999999986;991.7186000000056;
2819.854372155403;993.4968000000362;991.7186000000056;978.4350999999986;978.8751999999986;996.1456000000214;991.6305000000057;994.8256000000288;991.7186000000056;988.2941000000008;988.2941000000008;988.2941000000008;988.2941000000008;971.3934999999981;988.2941000000008;978.4350999999986;991.7186000000056;
2819.9421089859306;993.4968000000362;991.7186000000056;978.4350999999986;978.8750999999986;996.1456000000214;991.6305000000057;994.8256000000288;991.7186000000056;988.2941000000008;988.2941000000008;988.2941000000008;988.2941000000008;971.3934999999981;988.2941000000008;978.4350999999986;991.7186000000056;
2819.9421089859306;993.4968000000362;991.7186000000056;978.4350999999986;978.4350999999986;996.1456000000214;991.6305000000057;994.8256000000288;991.7186000000056;988.2941000000008;988.2941000000008;988.2941000000008;988.2941000000008;971.3934999999981;988.2941000000008;978.4350999999986;991.7186000000056;
2819.947424985931;993.4968000000362;991.7186000000056;978.4350999999986;978.4350999999986;996.1368000000215;991.6305000000057;994.8256000000288;991.7186000000056;988.2941000000008;988.2941000000008;988.2941000000008;988.2941000000008;971.3934999999981;988.2941000000008;978.4350999999986;991.7186000000056;
2819.947424985931;993.4968000000362;991.7186000000056;978.4350999999986;978.4350999999986;996.1280000000215;991.6305000000057;994.8256000000288;991.7186000000056;988.2941000000008;988.2941000000008;988.2941000000008;988.2941000000008;971.3934999999981;988.2941000000008;978.4350999999986;991.7186000000056;
2820.828447335222;993.4792000000363;991.6305000000057;978.4350999999986;978.4350999999986;996.1104000000216;991.6305000000057;994.8168000000288;991.6305000000057;988.2941000000008;988.2941000000008;988.2941000000008;988.2941000000008;970.953399999998;988.2941000000008;977.9949999999985;991.6305000000057;
2821.0000000000496;993.4704000000363;991.6305000000057;978.4350999999986;978.4350999999986;996.1016000000217;991.6305000000057;994.7992000000289;991.6305000000057;988.2941000000008;988.2941000000008;988.2941000000008;988.2941000000008;970.953399999998;988.2941000000008;977.9949999999985;991.6305000000057;
2821.8284706750756;993.4704000000363;991.6305000000057;978.4350999999986;978.4350999999986;996.1016000000217;991.6305000000057;994.7992000000289;991.6305000000057;988.2941000000008;988.2941000000008;988.2941000000008;988.2941000000008;970.953399999998;988.2941000000008;977.9949999999985;991.6305000000057;
2822.828494014929;993.4616000000364;991.6305000000057;978.4350999999986;978.4350999999986;996.0928000000217;991.6305000000057;994.781600000029;991.6305000000057;988.2941000000008;988.2941000000008;988.2941000000008;988.2941000000008;970.953399999998;988.2941000000008;977.9949999999985;991.6305000000057;
2823.828517354783;993.4528000000364;991.6305000000057;978.4350999999986;978.4350999999986;996.0928000000217;991.6305000000057;994.7728000000291;991.6305000000057;988.2941000000008;988.2941000000008;988.2941000000008;988.2941000000008;970.953399999998;988.2941000000008;977.9949999999985;991.6305000000057;
2824.0000000000505;993.4528000000364;991.6305000000057;978.4350999999986;978.4350999999986;996.0928000000217;991.6305000000057;994.7728000000291;991.6305000000057;988.2941000000008;988.2941000000008;988.2941000000008;988.2941000000008;970.953399999998;988.2941000000008;977.9949999999985;991.6305000000057;
2825.0000000000505;993.4528000000364;991.6305000000057;978.4350999999986;978.4350999999986;996.0928000000217;991.6305000000057;994.7728000000291;991.6305000000057;988.2941000000008;988.2941000000008;988.2941000000008;988.2941000000008;970.953399999998;988.2941000000008;977.9949999999985;991.6305000000057;
2826.0000000000505;993.4528000000364;991.6305000000057;978.4350999999986;978.4350999999986;996.0928000000217;991.6305000000057;994.7728000000291;991.6305000000057;988.2941000000008;988.2941000000008;988.2941000000008;988.2941000000008;970.953399999998;988.2941000000008;977.9949999999985;991.6305000000057;
2827.0000000000505;993.4528000000364;991.6305000000057;978.4350999999986;978.4350999999986;996.0928000000217;991.6305000000057;994.7728000000291;991.6305000000057;988.2941000000008;988.2941000000008;988.2941000000008;988.2941000000008;970.953399999998;988.2941000000008;977.9949999999985;991.6305000000057;
2828.0000000000505;993.4528000000364;991.6305000000057;978.4350999999986;978.4350999999986;996.0928000000217;991.6305000000057;994.7728000000291;991.6305000000057;988.2941000000008;988.2941000000008;988.2941000000008;988.2941000000008;970.953399999998;988.2941000000008;977.9949999999985;991.6305000000057;
2829.0000000000505;993.4528000000364;991.6305000000057;978.4350999999986;978.4350999999986;996.0928000000217;991.6305000000057;994.7728000000291;991.6305000000057;988.2941000000008;988.2941000000008;988.2941000000008;988.2941000000008;970.953399999998;988.2941000000008;977.9949999999985;991.6305000000057;
2830.0000000000505;993.4528000000364;991.6305000000057;978.4350999999986;978.4350999999986;996.0928000000217;991.6305000000057;994.7728000000291;991.6305000000057;988.2941000000008;988.2941000000008;988.2941000000008;988.2941000000008;970.953399999998;988.2941000000008;977.9949999999985;991.6305000000057;
2831.0000000000505;993.4528000000364;991.6305000000057;978.4350999999986;978.4350999999986;996.0928000000217;991.6305000000057;994.7728000000291;991.6305000000057;988.2941000000008;988.2941000000008;988.2941000000008;988.2941000000008;970.953399999998;988.2941000000008;977.9949999999985;991.6305000000057;
2832.0000000000505;993.4528000000364;991.6305000000057;978.4350999999986;978.4350999999986;996.0928000000217;991.6305000000057;994.7728000000291;991.6305000000057;988.2941000000008;988.2941000000008;988.2941000000008;988.2941000000008;970.953399999998;988.2941000000008;977.9949999999985;991.6305000000057;
2833.0000000000505;993.4528000000364;991.6305000000057;978.4350999999986;978.4350999999986;996.0928000000217;991.6305000000057;994.7728000000291;991.6305000000057;988.2941000000008;988.2941000000008;988.2941000000008;988.2941000000008;970.953399999998;988.2941000000008;977.9949999999985;991.6305000000057;
2834.0000000000505;993.4528000000364;991.6305000000057;978.4350999999986;978.4350999999986;996.0928000000217;991.6305000000057;994.7728000000291;991.6305000000057;988.2941000000008;988.2941000000008;988.2941000000008;988.2941000000008;970.953399999998;988.2941000000008;977.9949999999985;991.6305000000057;
2835.0000000000505;993.4528000000364;991.6305000000057;978.4350999999986;978.4350999999986;996.0928000000217;991.6305000000057;994.7728000000291;991.6305000000057;988.2941000000008;988.2941000000008;988.2941000000008;988.2941000000008;970.953399999998;988.2941000000008;977.9949999999985;991.6305000000057;
2836.0000000000505;993.4528000000364;991.6305000000057;978.4350999999986;978.4350999999986;996.0928000000217;991.6305000000057;994.7728000000291;991.6305000000057;988.2941000000008;988.2941000000008;988.2941000000008;988.2941000000008;970.953399999998;988.2941000000008;977.9949999999985;991.6305000000057;
2837.0000000000505;993.4528000000364;991.6305000000057;978.4350999999986;978.4350999999986;996.0928000000217;991.6305000000057;994.7728000000291;991.6305000000057;988.2941000000008;988.2941000000008;988.2941000000008;988.2941000000008;970.953399999998;988.2941000000008;977.9949999999985;991.6305000000057;
2838.0000000000505;993.4528000000364;991.6305000000057;978.4350999999986;978.4350999999986;996.0928000000217;991.6305000000057;994.7728000000291;991.6305000000057;988.2941000000008;988.2941000000008;988.2941000000008;988.2941000000008;970.953399999998;988.2941000000008;977.9949999999985;991.6305000000057;
2839.0000000000505;993.4528000000364;991.6305000000057;978.4350999999986;978.4350999999986;996.0928000000217;991.6305000000057;994.7728000000291;991.6305000000057;988.2941000000008;988.2941000000008;988.2941000000008;988.2941000000008;970.953399999998;988.2941000000008;977.9949999999985;991.6305000000057;
2840.0000000000505;993.4528000000364;991.6305000000057;978.4350999999986;978.4350999999986;996.0928000000217;991.6305000000057;994.7728000000291;991.6305000000057;988.2941000000008;988.2941000000008;988.2941000000008;988.2941000000008;970.953399999998;988.2941000000008;977.9949999999985;991.6305000000057;
2841.0000000000505;993.4528000000364;991.6305000000057;978.4350999999986;978.4350999999986;996.0928000000217;991.6305000000057;994.7728000000291;991.6305000000057;988.2941000000008;988.2941000000008;988.2941000000008;988.2941000000008;970.953399999998;988.2941000000008;977.9949999999985;991.6305000000057;
2842.0000000000505;993.4528000000364;991.6305000000057;978.4350999999986;978.4350999999986;996.0928000000217;991.6305000000057;994.7728000000291;991.6305000000057;988.2941000000008;988.2941000000008;988.2941000000008;988.2941000000008;970.953399999998;988.2941000000008;977.9949999999985;991.6305000000057;
2843.0000000000505;993.4528000000364;991.6305000000057;978.4350999999986;978.4350999999986;996.0928000000217;991.6305000000057;994.7728000000291;991.6305000000057;988.2941000000008;988.2941000000008;988.2941000000008;988.2941000000008;970.953399999998;988.2941000000008;977.9949999999985;991.6305000000057;
2844.0000000000505;993.4528000000364;991.6305000000057;978.4350999999986;978.4350999999986;996.0928000000217;991.6305000000057;994.7728000000291;991.6305000000057;988.2941000000008;988.2941000000008;988.2941000000008;988.2941000000008;970.953399999998;988.2941000000008;977.9949999999985;991.6305000000057;
2845.0000000000505;993.4528000000364;991.6305000000057;978.4350999999986;978.4350999999986;996.0928000000217;991.6305000000057;994.7728000000291;991.6305000000057;988.2941000000008;988.2941000000008;988.2941000000008;988.2941000000008;970.953399999998;988.2941000000008;977.9949999999985;991.6305000000057;
2846.0000000000505;993.4528000000364;991.6305000000057;978.4350999999986;978.4350999999986;996.0928000000217;991.6305000000057;994.7728000000291;991.6305000000057;988.2941000000008;988.2941000000008;988.2941000000008;988.2941000000008;970.953399999998;988.2941000000008;977.9949999999985;991.6305000000057;
2847.0000000000505;993.4528000000364;991.6305000000057;978.4350999999986;978.4350999999986;996.0928000000217;991.6305000000057;994.7728000000291;991.6305000000057;988.2941000000008;988.2941000000008;988.2941000000008;988.2941000000008;970.953399999998;988.2941000000008;977.9949999999985;991.6305000000057;
2848.0000000000505;993.4528000000364;991.6305000000057;978.4350999999986;978.4350999999986;996.0928000000217;991.6305000000057;994.7728000000291;991.6305000000057;988.2941000000008;988.2941000000008;988.2941000000008;988.2941000000008;970.953399999998;988.2941000000008;977.9949999999985;991.6305000000057;
2849.0000000000505;993.4528000000364;991.6305000000057;978.4350999999986;978.4350999999986;996.0928000000217;991.6305000000057;994.7728000000291;991.6305000000057;988.2941000000008;988.2941000000008;988.2941000000008;988.2941000000008;970.953399999998;988.2941000000008;977.9949999999985;991.6305000000057;
2849.821213685226;993.4528000000364;991.6305000000057;978.4350999999986;978.4350999999986;996.0928000000217;991.6304000000057;994.7728000000291;991.6305000000057;988.2941000000008;988.2941000000008;988.2941000000008;988.2941000000008;970.953399999998;988.2941000000008;977.9949999999985;991.6305000000057;
2849.821213685226;993.4528000000364;991.6305000000057;978.4350999999986;978.4350999999986;996.0928000000217;991.5424000000057;994.7728000000291;991.6305000000057;988.2941000000008;988.2941000000008;988.2941000000008;988.2941000000008;970.953399999998;988.2941000000008;977.9949999999985;991.6305000000057;
2849.8265296852264;993.4440000000365;991.6305000000057;978.4350999999986;978.4350999999986;996.0928000000217;991.5424000000057;994.7728000000291;991.6305000000057;988.2941000000008;988.2941000000008;988.2941000000008;988.2941000000008;970.953399999998;988.2941000000008;977.9949999999985;991.6305000000057;
2849.8265296852264;993.4352000000365;991.6305000000057;978.4350999999986;978.4350999999986;996.0928000000217;991.5424000000057;994.7728000000291;991.6305000000057;988.2941000000008;988.2941000000008;988.2941000000008;988.2941000000008;970.953399999998;988.2941000000008;977.9949999999985;991.6305000000057;
2849.8318456852267;993.4352000000365;991.6305000000057;978.4350999999986;978.4350999999986;996.0928000000217;991.5424000000057;994.7640000000291;991.6305000000057;988.2941000000008;988.2941000000008;988.2941000000008;988.2941000000008;970.953399999998;988.2941000000008;977.9949999999985;991.6305000000057;
2849.943068229931;993.4352000000365;991.6305000000057;978.4350999999986;978.4350999999986;996.0928000000217;991.5424000000057;994.7640000000291;991.6305000000057;988.2940000000008;988.2941000000008;988.2941000000008;988.2941000000008;970.953399999998;988.2941000000008;977.9949999999985;991.6305000000057;
2849.943068229931;993.4352000000365;991.6305000000057;978.4350999999986;978.4350999999986;996.0928000000217;991.5424000000057;994.7640000000291;991.6305000000057;987.6780000000008;988.2941000000008;988.2941000000008;988.2941000000008;970.953399999998;988.2941000000008;977.9949999999985;991.6305000000057;
2849.9483842299314;993.4264000000366;991.6305000000057;978.4350999999986;978.4350999999986;996.0928000000217;991.5424000000057;994.7640000000291;991.6305000000057;987.6780000000008;988.2941000000008;988.2941000000008;988.2941000000008;970.953399999998;988.2941000000008;977.9949999999985;991.6305000000057;
2849.9517295804144;993.4264000000366;991.6305000000057;978.4350999999986;978.4350999999986;996.0928000000217;991.5424000000057;994.7640000000291;991.6304000000057;987.6780000000008;988.2941000000008;988.2941000000008;988.2941000000008;970.953399999998;988.2941000000008;977.9949999999985;991.6305000000057;
2849.9517295804144;993.4264000000366;991.6305000000057;978.4350999999986;978.4350999999986;996.0928000000217;991.5424000000057;994.7640000000291;991.5424000000057;987.6780000000008;988.2941000000008;988.2941000000008;988.2941000000008;970.953399999998;988.2941000000008;977.9949999999985;991.6305000000057;
2849.956261753372;993.4264000000366;991.6305000000057;978.4350999999986;978.4350999999986;996.0928000000217;991.5424000000057;994.7640000000291;991.5424000000057;987.6780000000008;988.2941000000008;988.2941000000008;988.2941000000008;970.9532999999981;988.2941000000008;977.9949999999985;991.6305000000057;
2849.956261753372;993.4264000000366;991.6305000000057;978.4350999999986;978.4350999999986;996.0928000000217;991.5424000000057;994.7640000000291;991.5424000000057;987.6780000000008;988.2941000000008;988.2941000000008;988.2941000000008;970.513299999998;988.2941000000008;977.9949999999985;991.6305000000057;
2850.826553025079;993.4000000000367;991.5424000000057;978.4350999999986;978.4350999999986;996.048800000022;991.5424000000057;994.7552000000292;991.5424000000057;987.6780000000008;987.6780000000008;987.6780000000008;987.6780000000008;970.513299999998;987.6780000000008;977.9949999999985;991.5424000000057;
2851.826576364933;993.3912000000367;991.5424000000057;978.4350999999986;978.4350999999986;996.040000000022;991.5424000000057;994.7376000000293;991.5424000000057;987.6780000000008;987.6780000000008;987.6780000000008;987.6780000000008;970.513299999998;987.6780000000008;977.9949999999985;991.5424000000057;
2851.826576364933;993.3824000000368;991.5424000000057;978.4350999999986;978.4350999999986;996.040000000022;991.5424000000057;994.7376000000293;991.5424000000057;987.6780000000008;987.6780000000008;987.6780000000008;987.6780000000008;970.513299999998;987.6780000000008;977.9949999999985;991.5424000000057;
2852.8265997047865;993.3824000000368;991.5424000000057;978.4350999999986;978.4350999999986;996.0312000000221;991.5424000000057;994.7200000000294;991.5424000000057;987.6780000000008;987.6780000000008;987.6780000000008;987.6780000000008;970.513299999998;987.6780000000008;977.9949999999985;991.5424000000057;
2853.8266230446397;993.3736000000368;991.5424000000057;978.4350999999986;978.4350999999986;996.0224000000221;991.5424000000057;994.7024000000295;991.5424000000057;987.6780000000008;987.6780000000008;987.6780000000008;987.6780000000008;970.513299999998;987.6780000000008;977.9949999999985;991.5424000000057;
2853.961649891409;993.3648000000369;991.5424000000057;978.4350999999986;978.4350999999986;996.0224000000221;991.5424000000057;994.6936000000295;991.5424000000057;987.6780000000008;987.6780000000008;987.6780000000008;987.6780000000008;970.513299999998;987.6780000000008;977.9949999999985;991.5424000000057;
2854.826646384493;993.3648000000369;991.5424000000057;978.4350999999986;978.4350999999986;996.0224000000221;991.5424000000057;994.6936000000295;991.5424000000057;987.6780000000008;987.6780000000008;987.6780000000008;987.6780000000008;970.513299999998;987.6780000000008;977.9949999999985;991.5424000000057;
2856.0000000000514;993.3648000000369;991.5424000000057;978.4350999999986;978.4350999999986;996.0224000000221;991.5424000000057;994.6936000000295;991.5424000000057;987.6780000000008;987.6780000000008;987.6780000000008;987.6780000000008;970.513299999998;987.6780000000008;977.9949999999985;991.5424000000057;
2857.0000000000514;993.3648000000369;991.5424000000057;978.4350999999986;978.4350999999986;996.0224000000221;991.5424000000057;994.6936000000295;991.5424000000057;987.6780000000008;987.6780000000008;987.6780000000008;987.6780000000008;970.513299999998;987.6780000000008;977.9949999999985;991.5424000000057;
2858.0000000000514;993.3648000000369;991.5424000000057;978.4350999999986;978.4350999999986;996.0224000000221;991.5424000000057;994.6936000000295;991.5424000000057;987.6780000000008;987.6780000000008;987.6780000000008;987.6780000000008;970.513299999998;987.6780000000008;977.9949999999985;991.5424000000057;
2859.0000000000514;993.3648000000369;991.5424000000057;978.4350999999986;978.4350999999986;996.0224000000221;991.5424000000057;994.6936000000295;991.5424000000057;987.6780000000008;987.6780000000008;987.6780000000008;987.6780000000008;970.513299999998;987.6780000000008;977.9949999999985;991.5424000000057;
2860.0000000000514;993.3648000000369;991.5424000000057;978.4350999999986;978.4350999999986;996.0224000000221;991.5424000000057;994.6936000000295;991.5424000000057;987.6780000000008;987.6780000000008;987.6780000000008;987.6780000000008;970.513299999998;987.6780000000008;977.9949999999985;991.5424000000057;
2861.0000000000514;993.3648000000369;991.5424000000057;978.4350999999986;978.4350999999986;996.0224000000221;991.5424000000057;994.6936000000295;991.5424000000057;987.6780000000008;987.6780000000008;987.6780000000008;987.6780000000008;970.513299999998;987.6780000000008;977.9949999999985;991.5424000000057;
2862.0000000000514;993.3648000000369;991.5424000000057;978.4350999999986;978.4350999999986;996.0224000000221;991.5424000000057;994.6936000000295;991.5424000000057;987.6780000000008;987.6780000000008;987.6780000000008;987.6780000000008;970.513299999998;987.6780000000008;977.9949999999985;991.5424000000057;
2863.0000000000514;993.3648000000369;991.5424000000057;978.4350999999986;978.4350999999986;996.0224000000221;991.5424000000057;994.6936000000295;991.5424000000057;987.6780000000008;987.6780000000008;987.6780000000008;987.6780000000008;970.513299999998;987.6780000000008;977.9949999999985;991.5424000000057;
2864.0000000000514;993.3648000000369;991.5424000000057;978.4350999999986;978.4350999999986;996.0224000000221;991.5424000000057;994.6936000000295;991.5424000000057;987.6780000000008;987.6780000000008;987.6780000000008;987.6780000000008;970.513299999998;987.6780000000008;977.9949999999985;991.5424000000057;
2865.0000000000514;993.3648000000369;991.5424000000057;978.4350999999986;978.4350999999986;996.0224000000221;991.5424000000057;994.6936000000295;991.5424000000057;987.6780000000008;987.6780000000008;987.6780000000008;987.6780000000008;970.513299999998;987.6780000000008;977.9949999999985;991.5424000000057;
2866.0000000000514;993.3648000000369;991.5424000000057;978.4350999999986;978.4350999999986;996.0224000000221;991.5424000000057;994.6936000000295;991.5424000000057;987.6780000000008;987.6780000000008;987.6780000000008;987.6780000000008;970.513299999998;987.6780000000008;977.9949999999985;991.5424000000057;
2867.0000000000514;993.3648000000369;991.5424000000057;978.4350999999986;978.4350999999986;996.0224000000221;991.5424000000057;994.6936000000295;991.5424000000057;987.6780000000008;987.6780000000008;987.6780000000008;987.6780000000008;970.513299999998;987.6780000000008;977.9949999999985;991.5424000000057;
2868.0000000000514;993.3648000000369;991.5424000000057;978.4350999999986;978.4350999999986;996.0224000000221;991.5424000000057;994.6936000000295;991.5424000000057;987.6780000000008;987.6780000000008;987.6780000000008;987.6780000000008;970.513299999998;987.6780000000008;977.9949999999985;991.5424000000057;
2869.0000000000514;993.3648000000369;991.5424000000057;978.4350999999986;978.4350999999986;996.0224000000221;991.5424000000057;994.6936000000295;991.5424000000057;987.6780000000008;987.6780000000008;987.6780000000008;987.6780000000008;970.513299999998;987.6780000000008;977.9949999999985;991.5424000000057;
2870.0000000000514;993.3648000000369;991.5424000000057;978.4350999999986;978.4350999999986;996.0224000000221;991.5424000000057;994.6936000000295;991.5424000000057;987.6780000000008;987.6780000000008;987.6780000000008;987.6780000000008;970.513299999998;987.6780000000008;977.9949999999985;991.5424000000057;
2871.0000000000514;993.3648000000369;991.5424000000057;978.4350999999986;978.4350999999986;996.0224000000221;991.5424000000057;994.6936000000295;991.5424000000057;987.6780000000008;987.6780000000008;987.6780000000008;987.6780000000008;970.513299999998;987.6780000000008;977.9949999999985;991.5424000000057;
2872.0000000000514;993.3648000000369;991.5424000000057;978.4350999999986;978.4350999999986;996.0224000000221;991.5424000000057;994.6936000000295;991.5424000000057;987.6780000000008;987.6780000000008;987.6780000000008;987.6780000000008;970.513299999998;987.6780000000008;977.9949999999985;991.5424000000057;
2873.0000000000514;993.3648000000369;991.5424000000057;978.4350999999986;978.4350999999986;996.0224000000221;991.5424000000057;994.6936000000295;991.5424000000057;987.6780000000008;987.6780000000008;987.6780000000008;987.6780000000008;970.513299999998;987.6780000000008;977.9949999999985;991.5424000000057;
2874.0000000000514;993.3648000000369;991.5424000000057;978.4350999999986;978.4350999999986;996.0224000000221;991.5424000000057;994.6936000000295;991.5424000000057;987.6780000000008;987.6780000000008;987.6780000000008;987.6780000000008;970.513299999998;987.6780000000008;977.9949999999985;991.5424000000057;
2875.0000000000514;993.3648000000369;991.5424000000057;978.4350999999986;978.4350999999986;996.0224000000221;991.5424000000057;994.6936000000295;991.5424000000057;987.6780000000008;987.6780000000008;987.6780000000008;987.6780000000008;970.513299999998;987.6780000000008;977.9949999999985;991.5424000000057;
2876.0000000000514;993.3648000000369;991.5424000000057;978.4350999999986;978.4350999999986;996.0224000000221;991.5424000000057;994.6936000000295;991.5424000000057;987.6780000000008;987.6780000000008;987.6780000000008;987.6780000000008;970.513299999998;987.6780000000008;977.9949999999985;991.5424000000057;
2877.0000000000514;993.3648000000369;991.5424000000057;978.4350999999986;978.4350999999986;996.0224000000221;991.5424000000057;994.6936000000295;991.5424000000057;987.6780000000008;987.6780000000008;987.6780000000008;987.6780000000008;970.513299999998;987.6780000000008;977.9949999999985;991.5424000000057;
2878.0000000000514;993.3648000000369;991.5424000000057;978.4350999999986;978.4350999999986;996.0224000000221;991.5424000000057;994.6936000000295;991.5424000000057;987.6780000000008;987.6780000000008;987.6780000000008;987.6780000000008;970.513299999998;987.6780000000008;977.9949999999985;991.5424000000057;
2879.0000000000514;993.3648000000369;991.5424000000057;978.4350999999986;978.4350999999986;996.0224000000221;991.5424000000057;994.6936000000295;991.5424000000057;987.6780000000008;987.6780000000008;987.6780000000008;987.6780000000008;970.513299999998;987.6780000000008;977.9949999999985;991.5424000000057;
2879.8193193750835;993.3648000000369;991.5424000000057;978.4350999999986;978.4350999999986;996.0224000000221;991.5423000000058;994.6936000000295;991.5424000000057;987.6780000000008;987.6780000000008;987.6780000000008;987.6780000000008;970.513299999998;987.6780000000008;977.9949999999985;991.5424000000057;
2879.8193193750835;993.3648000000369;991.5424000000057;978.4350999999986;978.4350999999986;996.0224000000221;991.4543000000058;994.6936000000295;991.5424000000057;987.6780000000008;987.6780000000008;987.6780000000008;987.6780000000008;970.513299999998;987.6780000000008;977.9949999999985;991.5424000000057;
2879.8246353750837;993.3560000000369;991.5424000000057;978.4350999999986;978.4350999999986;996.0224000000221;991.4543000000058;994.6936000000295;991.5424000000057;987.6780000000008;987.6780000000008;987.6780000000008;987.6780000000008;970.513299999998;987.6780000000008;977.9949999999985;991.5424000000057;
2879.8246353750837;993.347200000037;991.5424000000057;978.4350999999986;978.4350999999986;996.0224000000221;991.4543000000058;994.6936000000295;991.5424000000057;987.6780000000008;987.6780000000008;987.6780000000008;987.6780000000008;970.513299999998;987.6780000000008;977.9949999999985;991.5424000000057;
2879.829951375084;993.347200000037;991.5424000000057;978.4350999999986;978.4350999999986;996.0224000000221;991.4543000000058;994.6848000000296;991.5424000000057;987.6780000000008;987.6780000000008;987.6780000000008;987.6780000000008;970.513299999998;987.6780000000008;977.9949999999985;991.5424000000057;
2879.845711478938;993.347200000037;991.5424000000057;978.4349999999986;978.4350999999986;996.0224000000221;991.4543000000058;994.6848000000296;991.5424000000057;987.6780000000008;987.6780000000008;987.6780000000008;987.6780000000008;970.513299999998;987.6780000000008;977.9949999999985;991.5424000000057;
2879.845711478938;993.347200000037;991.5424000000057;977.9949999999985;978.4350999999986;996.0224000000221;991.4543000000058;994.6848000000296;991.5424000000057;987.6780000000008;987.6780000000008;987.6780000000008;987.6780000000008;970.513299999998;987.6780000000008;977.9949999999985;991.5424000000057;
2879.8510274789382;993.338400000037;991.5424000000057;977.9949999999985;978.4350999999986;996.0224000000221;991.4543000000058;994.6848000000296;991.5424000000057;987.6780000000008;987.6780000000008;987.6780000000008;987.6780000000008;970.513299999998;987.6780000000008;977.9949999999985;991.5424000000057;
2879.9408718882355;993.338400000037;991.5424000000057;977.9949999999985;978.4349999999986;996.0224000000221;991.4543000000058;994.6848000000296;991.5424000000057;987.6780000000008;987.6780000000008;987.6780000000008;987.6780000000008;970.513299999998;987.6780000000008;977.9949999999985;991.5424000000057;
2879.9408718882355;993.338400000037;991.5424000000057;977.9949999999985;977.9949999999985;996.0224000000221;991.4543000000058;994.6848000000296;991.5424000000057;987.6780000000008;987.6780000000008;987.6780000000008;987.6780000000008;970.513299999998;987.6780000000008;977.9949999999985;991.5424000000057;
2879.9461878882357;993.338400000037;991.5424000000057;977.9949999999985;977.9949999999985;996.0136000000222;991.4543000000058;994.6848000000296;991.5424000000057;987.6780000000008;987.6780000000008;987.6780000000008;987.6780000000008;970.513299999998;987.6780000000008;977.9949999999985;991.5424000000057;
2879.9461878882357;993.338400000037;991.5424000000057;977.9949999999985;977.9949999999985;996.0048000000222;991.4543000000058;994.6848000000296;991.5424000000057;987.6780000000008;987.6780000000008;987.6780000000008;987.6780000000008;970.513299999998;987.6780000000008;977.9949999999985;991.5424000000057;
2880.824658714939;993.3208000000371;991.4543000000058;977.9949999999985;977.9949999999985;995.9872000000223;991.4543000000058;994.6760000000296;991.4543000000058;987.6780000000008;987.6780000000008;987.6780000000008;987.6780000000008;970.073199999998;987.6780000000008;977.5548999999985;991.4543000000058;
2881.8246820547924;993.3120000000372;991.4543000000058;977.9949999999985;977.9949999999985;995.9784000000224;991.4543000000058;994.6584000000297;991.4543000000058;987.6780000000008;987.6780000000008;987.6780000000008;987.6780000000008;970.073199999998;987.6780000000008;977.5548999999985;991.4543000000058;
2881.946223957256;993.3032000000372;991.4543000000058;977.9949999999985;977.9949999999985;995.9784000000224;991.4543000000058;994.6496000000297;991.4543000000058;987.6780000000008;987.6780000000008;987.6780000000008;987.6780000000008;970.073199999998;987.6780000000008;977.5548999999985;991.4543000000058;
2882.824705394646;993.3032000000372;991.4543000000058;977.9949999999985;977.9949999999985;995.9696000000224;991.4543000000058;994.6408000000298;991.4543000000058;987.6780000000008;987.6780000000008;987.6780000000008;987.6780000000008;970.073199999998;987.6780000000008;977.5548999999985;991.4543000000058;
2883.8247287345;993.2944000000373;991.4543000000058;977.9949999999985;977.9949999999985;995.9696000000224;991.4543000000058;994.6320000000298;991.4543000000058;987.6780000000008;987.6780000000008;987.6780000000008;987.6780000000008;970.073199999998;987.6780000000008;977.5548999999985;991.4543000000058;
2884.000000000055;993.2944000000373;991.4543000000058;977.9949999999985;977.9949999999985;995.9696000000224;991.4543000000058;994.6320000000298;991.4543000000058;987.6780000000008;987.6780000000008;987.6780000000008;987.6780000000008;970.073199999998;987.6780000000008;977.5548999999985;991.4543000000058;
2885.000000000055;993.2944000000373;991.4543000000058;977.9949999999985;977.9949999999985;995.9696000000224;991.4543000000058;994.6320000000298;991.4543000000058;987.6780000000008;987.6780000000008;987.6780000000008;987.6780000000008;970.073199999998;987.6780000000008;977.5548999999985;991.4543000000058;
2886.000000000055;993.2944000000373;991.4543000000058;977.9949999999985;977.9949999999985;995.9696000000224;991.4543000000058;994.6320000000298;991.4543000000058;987.6780000000008;987.6780000000008;987.6780000000008;987.6780000000008;970.073199999998;987.6780000000008;977.5548999999985;991.4543000000058;
2887.000000000055;993.2944000000373;991.4543000000058;977.9949999999985;977.9949999999985;995.9696000000224;991.4543000000058;994.6320000000298;991.4543000000058;987.6780000000008;987.6780000000008;987.6780000000008;987.6780000000008;970.073199999998;987.6780000000008;977.5548999999985;991.4543000000058;
2888.000000000055;993.2944000000373;991.4543000000058;977.9949999999985;977.9949999999985;995.9696000000224;991.4543000000058;994.6320000000298;991.4543000000058;987.6780000000008;987.6780000000008;987.6780000000008;987.6780000000008;970.073199999998;987.6780000000008;977.5548999999985;991.4543000000058;
2889.000000000055;993.2944000000373;991.4543000000058;977.9949999999985;977.9949999999985;995.9696000000224;991.4543000000058;994.6320000000298;991.4543000000058;987.6780000000008;987.6780000000008;987.6780000000008;987.6780000000008;970.073199999998;987.6780000000008;977.5548999999985;991.4543000000058;
2890.000000000055;993.2944000000373;991.4543000000058;977.9949999999985;977.9949999999985;995.9696000000224;991.4543000000058;994.6320000000298;991.4543000000058;987.6780000000008;987.6780000000008;987.6780000000008;987.6780000000008;970.073199999998;987.6780000000008;977.5548999999985;991.4543000000058;
2891.000000000055;993.2944000000373;991.4543000000058;977.9949999999985;977.9949999999985;995.9696000000224;991.4543000000058;994.6320000000298;991.4543000000058;987.6780000000008;987.6780000000008;987.6780000000008;987.6780000000008;970.073199999998;987.6780000000008;977.5548999999985;991.4543000000058;
2892.000000000055;993.2944000000373;991.4543000000058;977.9949999999985;977.9949999999985;995.9696000000224;991.4543000000058;994.6320000000298;991.4543000000058;987.6780000000008;987.6780000000008;987.6780000000008;987.6780000000008;970.073199999998;987.6780000000008;977.5548999999985;991.4543000000058;
2893.000000000055;993.2944000000373;991.4543000000058;977.9949999999985;977.9949999999985;995.9696000000224;991.4543000000058;994.6320000000298;991.4543000000058;987.6780000000008;987.6780000000008;987.6780000000008;987.6780000000008;970.073199999998;987.6780000000008;977.5548999999985;991.4543000000058;
2894.000000000055;993.2944000000373;991.4543000000058;977.9949999999985;977.9949999999985;995.9696000000224;991.4543000000058;994.6320000000298;991.4543000000058;987.6780000000008;987.6780000000008;987.6780000000008;987.6780000000008;970.073199999998;987.6780000000008;977.5548999999985;991.4543000000058;
2895.000000000055;993.2944000000373;991.4543000000058;977.9949999999985;977.9949999999985;995.9696000000224;991.4543000000058;994.6320000000298;991.4543000000058;987.6780000000008;987.6780000000008;987.6780000000008;987.6780000000008;970.073199999998;987.6780000000008;977.5548999999985;991.4543000000058;
2896.000000000055;993.2944000000373;991.4543000000058;977.9949999999985;977.9949999999985;995.9696000000224;991.4543000000058;994.6320000000298;991.4543000000058;987.6780000000008;987.6780000000008;987.6780000000008;987.6780000000008;970.073199999998;987.6780000000008;977.5548999999985;991.4543000000058;
2897.000000000055;993.2944000000373;991.4543000000058;977.9949999999985;977.9949999999985;995.9696000000224;991.4543000000058;994.6320000000298;991.4543000000058;987.6780000000008;987.6780000000008;987.6780000000008;987.6780000000008;970.073199999998;987.6780000000008;977.5548999999985;991.4543000000058;
2898.000000000055;993.2944000000373;991.4543000000058;977.9949999999985;977.9949999999985;995.9696000000224;991.4543000000058;994.6320000000298;991.4543000000058;987.6780000000008;987.6780000000008;987.6780000000008;987.6780000000008;970.073199999998;987.6780000000008;977.5548999999985;991.4543000000058;
2899.000000000055;993.2944000000373;991.4543000000058;977.9949999999985;977.9949999999985;995.9696000000224;991.4543000000058;994.6320000000298;991.4543000000058;987.6780000000008;987.6780000000008;987.6780000000008;987.6780000000008;970.073199999998;987.6780000000008;977.5548999999985;991.4543000000058;
2900.000000000055;993.2944000000373;991.4543000000058;977.9949999999985;977.9949999999985;995.9696000000224;991.4543000000058;994.6320000000298;991.4543000000058;987.6780000000008;987.6780000000008;987.6780000000008;987.6780000000008;970.073199999998;987.6780000000008;977.5548999999985;991.4543000000058;
2901.000000000055;993.2944000000373;991.4543000000058;977.9949999999985;977.9949999999985;995.9696000000224;991.4543000000058;994.6320000000298;991.4543000000058;987.6780000000008;987.6780000000008;987.6780000000008;987.6780000000008;970.073199999998;987.6780000000008;977.5548999999985;991.4543000000058;
2902.000000000055;993.2944000000373;991.4543000000058;977.9949999999985;977.9949999999985;995.9696000000224;991.4543000000058;994.6320000000298;991.4543000000058;987.6780000000008;987.6780000000008;987.6780000000008;987.6780000000008;970.073199999998;987.6780000000008;977.5548999999985;991.4543000000058;
2903.000000000055;993.2944000000373;991.4543000000058;977.9949999999985;977.9949999999985;995.9696000000224;991.4543000000058;994.6320000000298;991.4543000000058;987.6780000000008;987.6780000000008;987.6780000000008;987.6780000000008;970.073199999998;987.6780000000008;977.5548999999985;991.4543000000058;
2904.000000000055;993.2944000000373;991.4543000000058;977.9949999999985;977.9949999999985;995.9696000000224;991.4543000000058;994.6320000000298;991.4543000000058;987.6780000000008;987.6780000000008;987.6780000000008;987.6780000000008;970.073199999998;987.6780000000008;977.5548999999985;991.4543000000058;
2905.000000000055;993.2944000000373;991.4543000000058;977.9949999999985;977.9949999999985;995.9696000000224;991.4543000000058;994.6320000000298;991.4543000000058;987.6780000000008;987.6780000000008;987.6780000000008;987.6780000000008;970.073199999998;987.6780000000008;977.5548999999985;991.4543000000058;
2906.000000000055;993.2944000000373;991.4543000000058;977.9949999999985;977.9949999999985;995.9696000000224;991.4543000000058;994.6320000000298;991.4543000000058;987.6780000000008;987.6780000000008;987.6780000000008;987.6780000000008;970.073199999998;987.6780000000008;977.5548999999985;991.4543000000058;
2907.000000000055;993.2944000000373;991.4543000000058;977.9949999999985;977.9949999999985;995.9696000000224;991.4543000000058;994.6320000000298;991.4543000000058;987.6780000000008;987.6780000000008;987.6780000000008;987.6780000000008;970.073199999998;987.6780000000008;977.5548999999985;991.4543000000058;
2908.000000000055;993.2944000000373;991.4543000000058;977.9949999999985;977.9949999999985;995.9696000000224;991.4543000000058;994.6320000000298;991.4543000000058;987.6780000000008;987.6780000000008;987.6780000000008;987.6780000000008;970.073199999998;987.6780000000008;977.5548999999985;991.4543000000058;
2909.000000000055;993.2944000000373;991.4543000000058;977.9949999999985;977.9949999999985;995.9696000000224;991.4543000000058;994.6320000000298;991.4543000000058;987.6780000000008;987.6780000000008;987.6780000000008;987.6780000000008;970.073199999998;987.6780000000008;977.5548999999985;991.4543000000058;
2909.8174250649436;993.2944000000373;991.4543000000058;977.9949999999985;977.9949999999985;995.9696000000224;991.4542000000058;994.6320000000298;991.4543000000058;987.6780000000008;987.6780000000008;987.6780000000008;987.6780000000008;970.073199999998;987.6780000000008;977.5548999999985;991.4543000000058;
2909.8174250649436;993.2944000000373;991.4543000000058;977.9949999999985;977.9949999999985;995.9696000000224;991.3662000000058;994.6320000000298;991.4543000000058;987.6780000000008;987.6780000000008;987.6780000000008;987.6780000000008;970.073199999998;987.6780000000008;977.5548999999985;991.4543000000058;
2909.822741064944;993.2856000000373;991.4543000000058;977.9949999999985;977.9949999999985;995.9696000000224;991.3662000000058;994.6320000000298;991.4543000000058;987.6780000000008;987.6780000000008;987.6780000000008;987.6780000000008;970.073199999998;987.6780000000008;977.5548999999985;991.4543000000058;
2909.822741064944;993.2768000000374;991.4543000000058;977.9949999999985;977.9949999999985;995.9696000000224;991.3662000000058;994.6320000000298;991.4543000000058;987.6780000000008;987.6780000000008;987.6780000000008;987.6780000000008;970.073199999998;987.6780000000008;977.5548999999985;991.4543000000058;
2909.828057064944;993.2768000000374;991.4543000000058;977.9949999999985;977.9949999999985;995.9696000000224;991.3662000000058;994.6232000000299;991.4543000000058;987.6780000000008;987.6780000000008;987.6780000000008;987.6780000000008;970.073199999998;987.6780000000008;977.5548999999985;991.4543000000058;
2909.844039140707;993.2768000000374;991.4543000000058;977.9948999999986;977.9949999999985;995.9696000000224;991.3662000000058;994.6232000000299;991.4543000000058;987.6780000000008;987.6780000000008;987.6780000000008;987.6780000000008;970.073199999998;987.6780000000008;977.5548999999985;991.4543000000058;
2909.844039140707;993.2768000000374;991.4543000000058;977.5548999999985;977.9949999999985;995.9696000000224;991.3662000000058;994.6232000000299;991.4543000000058;987.6780000000008;987.6780000000008;987.6780000000008;987.6780000000008;970.073199999998;987.6780000000008;977.5548999999985;991.4543000000058;
2909.8493551407073;993.2680000000374;991.4543000000058;977.5548999999985;977.9949999999985;995.9696000000224;991.3662000000058;994.6232000000299;991.4543000000058;987.6780000000008;987.6780000000008;987.6780000000008;987.6780000000008;970.073199999998;987.6780000000008;977.5548999999985;991.4543000000058;
2909.95069742374;993.2680000000374;991.4543000000058;977.5548999999985;977.9949999999985;995.9696000000224;991.3662000000058;994.6232000000299;991.4542000000058;987.6780000000008;987.6780000000008;987.6780000000008;987.6780000000008;970.073199999998;987.6780000000008;977.5548999999985;991.4543000000058;
2909.95069742374;993.2680000000374;991.4543000000058;977.5548999999985;977.9949999999985;995.9696000000224;991.3662000000058;994.6232000000299;991.3662000000058;987.6780000000008;987.6780000000008;987.6780000000008;987.6780000000008;970.073199999998;987.6780000000008;977.5548999999985;991.4543000000058;
2909.9553090022005;993.2680000000374;991.4543000000058;977.5548999999985;977.9949999999985;995.9696000000224;991.3662000000058;994.6232000000299;991.3662000000058;987.6780000000008;987.6780000000008;987.6780000000008;987.6780000000008;970.073099999998;987.6780000000008;977.5548999999985;991.4543000000058;
2909.9553090022005;993.2680000000374;991.4543000000058;977.5548999999985;977.9949999999985;995.9696000000224;991.3662000000058;994.6232000000299;991.3662000000058;987.6780000000008;987.6780000000008;987.6780000000008;987.6780000000008;969.633099999998;987.6780000000008;977.5548999999985;991.4543000000058;
2910.8227644047975;993.2504000000375;991.3662000000058;977.5548999999985;977.9949999999985;995.9520000000225;991.3662000000058;994.61440000003;991.3662000000058;987.6780000000008;987.6780000000008;987.6780000000008;987.6780000000008;969.633099999998;987.6780000000008;977.5548999999985;991.3662000000058;
2911.8227877446507;993.2416000000376;991.3662000000058;977.5548999999985;977.9949999999985;995.9520000000225;991.3662000000058;994.60560000003;991.3662000000058;987.6780000000008;987.6780000000008;987.6780000000008;987.6780000000008;969.633099999998;987.6780000000008;977.5548999999985;991.3662000000058;
2912.000000000056;993.2328000000376;991.3662000000058;977.5548999999985;977.9949999999985;995.9520000000225;991.3662000000058;994.59680000003;991.3662000000058;987.6780000000008;987.6780000000008;987.6780000000008;987.6780000000008;969.633099999998;987.6780000000008;977.5548999999985;991.3662000000058;
2912.822811084504;993.2328000000376;991.3662000000058;977.5548999999985;977.9949999999985;995.9520000000225;991.3662000000058;994.59680000003;991.3662000000058;987.6780000000008;987.6780000000008;987.6780000000008;987.6780000000008;969.633099999998;987.6780000000008;977.5548999999985;991.3662000000058;
2913.822834424357;993.2240000000377;991.3662000000058;977.5548999999985;977.9949999999985;995.9520000000225;991.3662000000058;994.5880000000301;991.3662000000058;987.6780000000008;987.6780000000008;987.6780000000008;987.6780000000008;969.633099999998;987.6780000000008;977.5548999999985;991.3662000000058;
2915.000000000056;993.2240000000377;991.3662000000058;977.5548999999985;977.9949999999985;995.9520000000225;991.3662000000058;994.5880000000301;991.3662000000058;987.6780000000008;987.6780000000008;987.6780000000008;987.6780000000008;969.633099999998;987.6780000000008;977.5548999999985;991.3662000000058;
2916.000000000056;993.2240000000377;991.3662000000058;977.5548999999985;977.9949999999985;995.9520000000225;991.3662000000058;994.5880000000301;991.3662000000058;987.6780000000008;987.6780000000008;987.6780000000008;987.6780000000008;969.633099999998;987.6780000000008;977.5548999999985;991.3662000000058;
2917.000000000056;993.2240000000377;991.3662000000058;977.5548999999985;977.9949999999985;995.9520000000225;991.3662000000058;994.5880000000301;991.3662000000058;987.6780000000008;987.6780000000008;987.6780000000008;987.6780000000008;969.633099999998;987.6780000000008;977.5548999999985;991.3662000000058;
2918.000000000056;993.2240000000377;991.3662000000058;977.5548999999985;977.9949999999985;995.9520000000225;991.3662000000058;994.5880000000301;991.3662000000058;987.6780000000008;987.6780000000008;987.6780000000008;987.6780000000008;969.633099999998;987.6780000000008;977.5548999999985;991.3662000000058;
2919.000000000056;993.2240000000377;991.3662000000058;977.5548999999985;977.9949999999985;995.9520000000225;991.3662000000058;994.5880000000301;991.3662000000058;987.6780000000008;987.6780000000008;987.6780000000008;987.6780000000008;969.633099999998;987.6780000000008;977.5548999999985;991.3662000000058;
2920.000000000056;993.2240000000377;991.3662000000058;977.5548999999985;977.9949999999985;995.9520000000225;991.3662000000058;994.5880000000301;991.3662000000058;987.6780000000008;987.6780000000008;987.6780000000008;987.6780000000008;969.633099999998;987.6780000000008;977.5548999999985;991.3662000000058;
2921.000000000056;993.2240000000377;991.3662000000058;977.5548999999985;977.9949999999985;995.9520000000225;991.3662000000058;994.5880000000301;991.3662000000058;987.6780000000008;987.6780000000008;987.6780000000008;987.6780000000008;969.633099999998;987.6780000000008;977.5548999999985;991.3662000000058;
2922.000000000056;993.2240000000377;991.3662000000058;977.5548999999985;977.9949999999985;995.9520000000225;991.3662000000058;994.5880000000301;991.3662000000058;987.6780000000008;987.6780000000008;987.6780000000008;987.6780000000008;969.633099999998;987.6780000000008;977.5548999999985;991.3662000000058;
2923.000000000056;993.2240000000377;991.3662000000058;977.5548999999985;977.9949999999985;995.9520000000225;991.3662000000058;994.5880000000301;991.3662000000058;987.6780000000008;987.6780000000008;987.6780000000008;987.6780000000008;969.633099999998;987.6780000000008;977.5548999999985;991.3662000000058;
2924.000000000056;993.2240000000377;991.3662000000058;977.5548999999985;977.9949999999985;995.9520000000225;991.3662000000058;994.5880000000301;991.3662000000058;987.6780000000008;987.6780000000008;987.6780000000008;987.6780000000008;969.633099999998;987.6780000000008;977.5548999999985;991.3662000000058;
2925.000000000056;993.2240000000377;991.3662000000058;977.5548999999985;977.9949999999985;995.9520000000225;991.3662000000058;994.5880000000301;991.3662000000058;987.6780000000008;987.6780000000008;987.6780000000008;987.6780000000008;969.633099999998;987.6780000000008;977.5548999999985;991.3662000000058;
2926.000000000056;993.2240000000377;991.3662000000058;977.5548999999985;977.9949999999985;995.9520000000225;991.3662000000058;994.5880000000301;991.3662000000058;987.6780000000008;987.6780000000008;987.6780000000008;987.6780000000008;969.633099999998;987.6780000000008;977.5548999999985;991.3662000000058;
2927.000000000056;993.2240000000377;991.3662000000058;977.5548999999985;977.9949999999985;995.9520000000225;991.3662000000058;994.5880000000301;991.3662000000058;987.6780000000008;987.6780000000008;987.6780000000008;987.6780000000008;969.633099999998;987.6780000000008;977.5548999999985;991.3662000000058;
2928.000000000056;993.2240000000377;991.3662000000058;977.5548999999985;977.9949999999985;995.9520000000225;991.3662000000058;994.5880000000301;991.3662000000058;987.6780000000008;987.6780000000008;987.6780000000008;987.6780000000008;969.633099999998;987.6780000000008;977.5548999999985;991.3662000000058;
2929.000000000056;993.2240000000377;991.3662000000058;977.5548999999985;977.9949999999985;995.9520000000225;991.3662000000058;994.5880000000301;991.3662000000058;987.6780000000008;987.6780000000008;987.6780000000008;987.6780000000008;969.633099999998;987.6780000000008;977.5548999999985;991.3662000000058;
2930.000000000056;993.2240000000377;991.3662000000058;977.5548999999985;977.9949999999985;995.9520000000225;991.3662000000058;994.5880000000301;991.3662000000058;987.6780000000008;987.6780000000008;987.6780000000008;987.6780000000008;969.633099999998;987.6780000000008;977.5548999999985;991.3662000000058;
2931.000000000056;993.2240000000377;991.3662000000058;977.5548999999985;977.9949999999985;995.9520000000225;991.3662000000058;994.5880000000301;991.3662000000058;987.6780000000008;987.6780000000008;987.6780000000008;987.6780000000008;969.633099999998;987.6780000000008;977.5548999999985;991.3662000000058;
2932.000000000056;993.2240000000377;991.3662000000058;977.5548999999985;977.9949999999985;995.9520000000225;991.3662000000058;994.5880000000301;991.3662000000058;987.6780000000008;987.6780000000008;987.6780000000008;987.6780000000008;969.633099999998;987.6780000000008;977.5548999999985;991.3662000000058;
2933.000000000056;993.2240000000377;991.3662000000058;977.5548999999985;977.9949999999985;995.9520000000225;991.3662000000058;994.5880000000301;991.3662000000058;987.6780000000008;987.6780000000008;987.6780000000008;987.6780000000008;969.633099999998;987.6780000000008;977.5548999999985;991.3662000000058;
2934.000000000056;993.2240000000377;991.3662000000058;977.5548999999985;977.9949999999985;995.9520000000225;991.3662000000058;994.5880000000301;991.3662000000058;987.6780000000008;987.6780000000008;987.6780000000008;987.6780000000008;969.633099999998;987.6780000000008;977.5548999999985;991.3662000000058;
2935.000000000056;993.2240000000377;991.3662000000058;977.5548999999985;977.9949999999985;995.9520000000225;991.3662000000058;994.5880000000301;991.3662000000058;987.6780000000008;987.6780000000008;987.6780000000008;987.6780000000008;969.633099999998;987.6780000000008;977.5548999999985;991.3662000000058;
2936.000000000056;993.2240000000377;991.3662000000058;977.5548999999985;977.9949999999985;995.9520000000225;991.3662000000058;994.5880000000301;991.3662000000058;987.6780000000008;987.6780000000008;987.6780000000008;987.6780000000008;969.633099999998;987.6780000000008;977.5548999999985;991.3662000000058;
2937.000000000056;993.2240000000377;991.3662000000058;977.5548999999985;977.9949999999985;995.9520000000225;991.3662000000058;994.5880000000301;991.3662000000058;987.6780000000008;987.6780000000008;987.6780000000008;987.6780000000008;969.633099999998;987.6780000000008;977.5548999999985;991.3662000000058;
2938.000000000056;993.2240000000377;991.3662000000058;977.5548999999985;977.9949999999985;995.9520000000225;991.3662000000058;994.5880000000301;991.3662000000058;987.6780000000008;987.6780000000008;987.6780000000008;987.6780000000008;969.633099999998;987.6780000000008;977.5548999999985;991.3662000000058;
2939.000000000056;993.2240000000377;991.3662000000058;977.5548999999985;977.9949999999985;995.9520000000225;991.3662000000058;994.5880000000301;991.3662000000058;987.6780000000008;987.6780000000008;987.6780000000008;987.6780000000008;969.633099999998;987.6780000000008;977.5548999999985;991.3662000000058;
2939.815530754801;993.2240000000377;991.3662000000058;977.5548999999985;977.9949999999985;995.9520000000225;991.3661000000059;994.5880000000301;991.3662000000058;987.6780000000008;987.6780000000008;987.6780000000008;987.6780000000008;969.633099999998;987.6780000000008;977.5548999999985;991.3662000000058;
2939.815530754801;993.2240000000377;991.3662000000058;977.5548999999985;977.9949999999985;995.9520000000225;991.2781000000059;994.5880000000301;991.3662000000058;987.6780000000008;987.6780000000008;987.6780000000008;987.6780000000008;969.633099999998;987.6780000000008;977.5548999999985;991.3662000000058;
2939.820846754801;993.2152000000377;991.3662000000058;977.5548999999985;977.9949999999985;995.9520000000225;991.2781000000059;994.5880000000301;991.3662000000058;987.6780000000008;987.6780000000008;987.6780000000008;987.6780000000008;969.633099999998;987.6780000000008;977.5548999999985;991.3662000000058;
2939.820846754801;993.2064000000378;991.3662000000058;977.5548999999985;977.9949999999985;995.9520000000225;991.2781000000059;994.5880000000301;991.3662000000058;987.6780000000008;987.6780000000008;987.6780000000008;987.6780000000008;969.633099999998;987.6780000000008;977.5548999999985;991.3662000000058;
2939.8261627548013;993.2064000000378;991.3662000000058;977.5548999999985;977.9949999999985;995.9520000000225;991.2781000000059;994.5792000000301;991.3662000000058;987.6780000000008;987.6780000000008;987.6780000000008;987.6780000000008;969.633099999998;987.6780000000008;977.5548999999985;991.3662000000058;
2939.939634790541;993.2064000000378;991.3662000000058;977.5548999999985;977.9948999999986;995.9520000000225;991.2781000000059;994.5792000000301;991.3662000000058;987.6780000000008;987.6780000000008;987.6780000000008;987.6780000000008;969.633099999998;987.6780000000008;977.5548999999985;991.3662000000058;
2939.939634790541;993.2064000000378;991.3662000000058;977.5548999999985;977.5548999999985;995.9520000000225;991.2781000000059;994.5792000000301;991.3662000000058;987.6780000000008;987.6780000000008;987.6780000000008;987.6780000000008;969.633099999998;987.6780000000008;977.5548999999985;991.3662000000058;
2939.944950790541;993.2064000000378;991.3662000000058;977.5548999999985;977.5548999999985;995.9432000000226;991.2781000000059;994.5792000000301;991.3662000000058;987.6780000000008;987.6780000000008;987.6780000000008;987.6780000000008;969.633099999998;987.6780000000008;977.5548999999985;991.3662000000058;
2939.944950790541;993.2064000000378;991.3662000000058;977.5548999999985;977.5548999999985;995.9344000000226;991.2781000000059;994.5792000000301;991.3662000000058;987.6780000000008;987.6780000000008;987.6780000000008;987.6780000000008;969.633099999998;987.6780000000008;977.5548999999985;991.3662000000058;
2939.9501813454012;993.2064000000378;991.3662000000058;977.5548999999985;977.5548999999985;995.9344000000226;991.2781000000059;994.5792000000301;991.3661000000059;987.6780000000008;987.6780000000008;987.6780000000008;987.6780000000008;969.633099999998;987.6780000000008;977.5548999999985;991.3662000000058;
2939.9501813454012;993.2064000000378;991.3662000000058;977.5548999999985;977.5548999999985;995.9344000000226;991.2781000000059;994.5792000000301;991.2781000000059;987.6780000000008;987.6780000000008;987.6780000000008;987.6780000000008;969.633099999998;987.6780000000008;977.5548999999985;991.3662000000058;
2939.950266790541;993.2064000000378;991.3662000000058;977.5548999999985;977.5548999999985;995.9344000000226;991.2781000000059;994.5704000000302;991.2781000000059;987.6780000000008;987.6780000000008;987.6780000000008;987.6780000000008;969.633099999998;987.6780000000008;977.5548999999985;991.3662000000058;
2940.000000000056;993.1976000000378;991.3662000000058;977.5548999999985;977.5548999999985;995.9256000000227;991.2781000000059;994.5704000000302;991.2781000000059;987.6780000000008;987.6780000000008;987.6780000000008;987.6780000000008;969.1929999999979;987.6780000000008;977.5548999999985;991.3662000000058;
2940.820870094655;993.1888000000379;991.2781000000059;977.5548999999985;977.5548999999985;995.9168000000227;991.2781000000059;994.5704000000302;991.2781000000059;987.6780000000008;987.6780000000008;987.6780000000008;987.6780000000008;969.1929999999979;987.6780000000008;977.1147999999985;991.2781000000059;
2941.820893434509;993.1800000000379;991.2781000000059;977.5548999999985;977.5548999999985;995.9080000000228;991.2781000000059;994.5528000000303;991.2781000000059;987.6780000000008;987.6780000000008;987.6780000000008;987.6780000000008;969.1929999999979;987.6780000000008;977.1147999999985;991.2781000000059;
2942.820916774362;993.171200000038;991.2781000000059;977.5548999999985;977.5548999999985;995.8992000000228;991.2781000000059;994.5352000000304;991.2781000000059;987.6780000000008;987.6780000000008;987.6780000000008;987.6780000000008;969.1929999999979;987.6780000000008;977.1147999999985;991.2781000000059;
2942.9450048940694;993.171200000038;991.2781000000059;977.5548999999985;977.5548999999985;995.8992000000228;991.2781000000059;994.5352000000304;991.2781000000059;987.6780000000008;987.6780000000008;987.6780000000008;987.6780000000008;969.1929999999979;987.6780000000008;977.1147999999985;991.2781000000059;
2944.0000000000578;993.171200000038;991.2781000000059;977.5548999999985;977.5548999999985;995.8992000000228;991.2781000000059;994.5352000000304;991.2781000000059;987.6780000000008;987.6780000000008;987.6780000000008;987.6780000000008;969.1929999999979;987.6780000000008;977.1147999999985;991.2781000000059;
2945.0000000000578;993.171200000038;991.2781000000059;977.5548999999985;977.5548999999985;995.8992000000228;991.2781000000059;994.5352000000304;991.2781000000059;987.6780000000008;987.6780000000008;987.6780000000008;987.6780000000008;969.1929999999979;987.6780000000008;977.1147999999985;991.2781000000059;
2946.0000000000578;993.171200000038;991.2781000000059;977.5548999999985;977.5548999999985;995.8992000000228;991.2781000000059;994.5352000000304;991.2781000000059;987.6780000000008;987.6780000000008;987.6780000000008;987.6780000000008;969.1929999999979;987.6780000000008;977.1147999999985;991.2781000000059;
2947.0000000000578;993.171200000038;991.2781000000059;977.5548999999985;977.5548999999985;995.8992000000228;991.2781000000059;994.5352000000304;991.2781000000059;987.6780000000008;987.6780000000008;987.6780000000008;987.6780000000008;969.1929999999979;987.6780000000008;977.1147999999985;991.2781000000059;
2948.0000000000578;993.171200000038;991.2781000000059;977.5548999999985;977.5548999999985;995.8992000000228;991.2781000000059;994.5352000000304;991.2781000000059;987.6780000000008;987.6780000000008;987.6780000000008;987.6780000000008;969.1929999999979;987.6780000000008;977.1147999999985;991.2781000000059;
2949.0000000000578;993.171200000038;991.2781000000059;977.5548999999985;977.5548999999985;995.8992000000228;991.2781000000059;994.5352000000304;991.2781000000059;987.6780000000008;987.6780000000008;987.6780000000008;987.6780000000008;969.1929999999979;987.6780000000008;977.1147999999985;991.2781000000059;
2950.0000000000578;993.171200000038;991.2781000000059;977.5548999999985;977.5548999999985;995.8992000000228;991.2781000000059;994.5352000000304;991.2781000000059;987.6780000000008;987.6780000000008;987.6780000000008;987.6780000000008;969.1929999999979;987.6780000000008;977.1147999999985;991.2781000000059;
2951.0000000000578;993.171200000038;991.2781000000059;977.5548999999985;977.5548999999985;995.8992000000228;991.2781000000059;994.5352000000304;991.2781000000059;987.6780000000008;987.6780000000008;987.6780000000008;987.6780000000008;969.1929999999979;987.6780000000008;977.1147999999985;991.2781000000059;
2952.0000000000578;993.171200000038;991.2781000000059;977.5548999999985;977.5548999999985;995.8992000000228;991.2781000000059;994.5352000000304;991.2781000000059;987.6780000000008;987.6780000000008;987.6780000000008;987.6780000000008;969.1929999999979;987.6780000000008;977.1147999999985;991.2781000000059;
2953.0000000000578;993.171200000038;991.2781000000059;977.5548999999985;977.5548999999985;995.8992000000228;991.2781000000059;994.5352000000304;991.2781000000059;987.6780000000008;987.6780000000008;987.6780000000008;987.6780000000008;969.1929999999979;987.6780000000008;977.1147999999985;991.2781000000059;
2954.0000000000578;993.171200000038;991.2781000000059;977.5548999999985;977.5548999999985;995.8992000000228;991.2781000000059;994.5352000000304;991.2781000000059;987.6780000000008;987.6780000000008;987.6780000000008;987.6780000000008;969.1929999999979;987.6780000000008;977.1147999999985;991.2781000000059;
2955.0000000000578;993.171200000038;991.2781000000059;977.5548999999985;977.5548999999985;995.8992000000228;991.2781000000059;994.5352000000304;991.2781000000059;987.6780000000008;987.6780000000008;987.6780000000008;987.6780000000008;969.1929999999979;987.6780000000008;977.1147999999985;991.2781000000059;
2956.0000000000578;993.171200000038;991.2781000000059;977.5548999999985;977.5548999999985;995.8992000000228;991.2781000000059;994.5352000000304;991.2781000000059;987.6780000000008;987.6780000000008;987.6780000000008;987.6780000000008;969.1929999999979;987.6780000000008;977.1147999999985;991.2781000000059;
2957.0000000000578;993.171200000038;991.2781000000059;977.5548999999985;977.5548999999985;995.8992000000228;991.2781000000059;994.5352000000304;991.2781000000059;987.6780000000008;987.6780000000008;987.6780000000008;987.6780000000008;969.1929999999979;987.6780000000008;977.1147999999985;991.2781000000059;
2958.0000000000578;993.171200000038;991.2781000000059;977.5548999999985;977.5548999999985;995.8992000000228;991.2781000000059;994.5352000000304;991.2781000000059;987.6780000000008;987.6780000000008;987.6780000000008;987.6780000000008;969.1929999999979;987.6780000000008;977.1147999999985;991.2781000000059;
2959.0000000000578;993.171200000038;991.2781000000059;977.5548999999985;977.5548999999985;995.8992000000228;991.2781000000059;994.5352000000304;991.2781000000059;987.6780000000008;987.6780000000008;987.6780000000008;987.6780000000008;969.1929999999979;987.6780000000008;977.1147999999985;991.2781000000059;
2960.0000000000578;993.171200000038;991.2781000000059;977.5548999999985;977.5548999999985;995.8992000000228;991.2781000000059;994.5352000000304;991.2781000000059;987.6780000000008;987.6780000000008;987.6780000000008;987.6780000000008;969.1929999999979;987.6780000000008;977.1147999999985;991.2781000000059;
2961.0000000000578;993.171200000038;991.2781000000059;977.5548999999985;977.5548999999985;995.8992000000228;991.2781000000059;994.5352000000304;991.2781000000059;987.6780000000008;987.6780000000008;987.6780000000008;987.6780000000008;969.1929999999979;987.6780000000008;977.1147999999985;991.2781000000059;
2962.0000000000578;993.171200000038;991.2781000000059;977.5548999999985;977.5548999999985;995.8992000000228;991.2781000000059;994.5352000000304;991.2781000000059;987.6780000000008;987.6780000000008;987.6780000000008;987.6780000000008;969.1929999999979;987.6780000000008;977.1147999999985;991.2781000000059;
2963.0000000000578;993.171200000038;991.2781000000059;977.5548999999985;977.5548999999985;995.8992000000228;991.2781000000059;994.5352000000304;991.2781000000059;987.6780000000008;987.6780000000008;987.6780000000008;987.6780000000008;969.1929999999979;987.6780000000008;977.1147999999985;991.2781000000059;
2964.0000000000578;993.171200000038;991.2781000000059;977.5548999999985;977.5548999999985;995.8992000000228;991.2781000000059;994.5352000000304;991.2781000000059;987.6780000000008;987.6780000000008;987.6780000000008;987.6780000000008;969.1929999999979;987.6780000000008;977.1147999999985;991.2781000000059;
2965.0000000000578;993.171200000038;991.2781000000059;977.5548999999985;977.5548999999985;995.8992000000228;991.2781000000059;994.5352000000304;991.2781000000059;987.6780000000008;987.6780000000008;987.6780000000008;987.6780000000008;969.1929999999979;987.6780000000008;977.1147999999985;991.2781000000059;
2966.0000000000578;993.171200000038;991.2781000000059;977.5548999999985;977.5548999999985;995.8992000000228;991.2781000000059;994.5352000000304;991.2781000000059;987.6780000000008;987.6780000000008;987.6780000000008;987.6780000000008;969.1929999999979;987.6780000000008;977.1147999999985;991.2781000000059;
2967.0000000000578;993.171200000038;991.2781000000059;977.5548999999985;977.5548999999985;995.8992000000228;991.2781000000059;994.5352000000304;991.2781000000059;987.6780000000008;987.6780000000008;987.6780000000008;987.6780000000008;969.1929999999979;987.6780000000008;977.1147999999985;991.2781000000059;
2968.0000000000578;993.171200000038;991.2781000000059;977.5548999999985;977.5548999999985;995.8992000000228;991.2781000000059;994.5352000000304;991.2781000000059;987.6780000000008;987.6780000000008;987.6780000000008;987.6780000000008;969.1929999999979;987.6780000000008;977.1147999999985;991.2781000000059;
2969.0000000000578;993.171200000038;991.2781000000059;977.5548999999985;977.5548999999985;995.8992000000228;991.2781000000059;994.5352000000304;991.2781000000059;987.6780000000008;987.6780000000008;987.6780000000008;987.6780000000008;969.1929999999979;987.6780000000008;977.1147999999985;991.2781000000059;
2969.813636444659;993.171200000038;991.2781000000059;977.5548999999985;977.5548999999985;995.8992000000228;991.2780000000059;994.5352000000304;991.2781000000059;987.6780000000008;987.6780000000008;987.6780000000008;987.6780000000008;969.1929999999979;987.6780000000008;977.1147999999985;991.2781000000059;
2969.813636444659;993.171200000038;991.2781000000059;977.5548999999985;977.5548999999985;995.8992000000228;991.190000000006;994.5352000000304;991.2781000000059;987.6780000000008;987.6780000000008;987.6780000000008;987.6780000000008;969.1929999999979;987.6780000000008;977.1147999999985;991.2781000000059;
2969.8189524446593;993.162400000038;991.2781000000059;977.5548999999985;977.5548999999985;995.8992000000228;991.190000000006;994.5352000000304;991.2781000000059;987.6780000000008;987.6780000000008;987.6780000000008;987.6780000000008;969.1929999999979;987.6780000000008;977.1147999999985;991.2781000000059;
2969.8189524446593;993.1536000000381;991.2781000000059;977.5548999999985;977.5548999999985;995.8992000000228;991.190000000006;994.5352000000304;991.2781000000059;987.6780000000008;987.6780000000008;987.6780000000008;987.6780000000008;969.1929999999979;987.6780000000008;977.1147999999985;991.2781000000059;
2969.8242684446595;993.1536000000381;991.2781000000059;977.5548999999985;977.5548999999985;995.8992000000228;991.190000000006;994.5264000000304;991.2781000000059;987.6780000000008;987.6780000000008;987.6780000000008;987.6780000000008;969.1929999999979;987.6780000000008;977.1147999999985;991.2781000000059;
2969.840694464241;993.1536000000381;991.2781000000059;977.5547999999985;977.5548999999985;995.8992000000228;991.190000000006;994.5264000000304;991.2781000000059;987.6780000000008;987.6780000000008;987.6780000000008;987.6780000000008;969.1929999999979;987.6780000000008;977.1147999999985;991.2781000000059;
2969.840694464241;993.1536000000381;991.2781000000059;977.1147999999985;977.5548999999985;995.8992000000228;991.190000000006;994.5264000000304;991.2781000000059;987.6780000000008;987.6780000000008;987.6780000000008;987.6780000000008;969.1929999999979;987.6780000000008;977.1147999999985;991.2781000000059;
2969.8460104642413;993.1448000000381;991.2781000000059;977.1147999999985;977.5548999999985;995.8992000000228;991.190000000006;994.5264000000304;991.2781000000059;987.6780000000008;987.6780000000008;987.6780000000008;987.6780000000008;969.1929999999979;987.6780000000008;977.1147999999985;991.2781000000059;
2969.9496652670637;993.1448000000381;991.2781000000059;977.1147999999985;977.5548999999985;995.8992000000228;991.190000000006;994.5264000000304;991.2780000000059;987.6780000000008;987.6780000000008;987.6780000000008;987.6780000000008;969.1929999999979;987.6780000000008;977.1147999999985;991.2781000000059;
2969.9496652670637;993.1448000000381;991.2781000000059;977.1147999999985;977.5548999999985;995.8992000000228;991.190000000006;994.5264000000304;991.190000000006;987.6780000000008;987.6780000000008;987.6780000000008;987.6780000000008;969.1929999999979;987.6780000000008;977.1147999999985;991.2781000000059;
2969.9543562510266;993.1448000000381;991.2781000000059;977.1147999999985;977.5548999999985;995.8992000000228;991.190000000006;994.5264000000304;991.190000000006;987.6780000000008;987.6780000000008;987.6780000000008;987.6780000000008;969.192899999998;987.6780000000008;977.1147999999985;991.2781000000059;
2969.9543562510266;993.1448000000381;991.2781000000059;977.1147999999985;977.5548999999985;995.8992000000228;991.190000000006;994.5264000000304;991.190000000006;987.6780000000008;987.6780000000008;987.6780000000008;987.6780000000008;968.7528999999979;987.6780000000008;977.1147999999985;991.2781000000059;
2970.8189757845144;993.1272000000382;991.190000000006;977.1147999999985;977.5548999999985;995.8816000000229;991.190000000006;994.5176000000305;991.190000000006;987.6780000000008;987.6780000000008;987.6780000000008;987.6780000000008;968.7528999999979;987.6780000000008;977.1147999999985;991.190000000006;
2970.8189757845144;993.1184000000383;991.190000000006;977.1147999999985;977.5548999999985;995.8816000000229;991.190000000006;994.5176000000305;991.190000000006;987.6780000000008;987.6780000000008;987.6780000000008;987.6780000000008;968.7528999999979;987.6780000000008;977.1147999999985;991.190000000006;
2971.8189991243676;993.1184000000383;991.190000000006;977.1147999999985;977.5548999999985;995.8816000000229;991.190000000006;994.5088000000305;991.190000000006;987.6780000000008;987.6780000000008;987.6780000000008;987.6780000000008;968.7528999999979;987.6780000000008;977.1147999999985;991.190000000006;
2972.819022464221;993.1096000000383;991.190000000006;977.1147999999985;977.5548999999985;995.8816000000229;991.190000000006;994.5000000000306;991.190000000006;987.6780000000008;987.6780000000008;987.6780000000008;987.6780000000008;968.7528999999979;987.6780000000008;977.1147999999985;991.190000000006;
2973.0000000000605;993.1008000000384;991.190000000006;977.1147999999985;977.5548999999985;995.8816000000229;991.190000000006;994.4912000000306;991.190000000006;987.6780000000008;987.6780000000008;987.6780000000008;987.6780000000008;968.7528999999979;987.6780000000008;977.1147999999985;991.190000000006;
2973.8190458040744;993.1008000000384;991.190000000006;977.1147999999985;977.5548999999985;995.8816000000229;991.190000000006;994.4912000000306;991.190000000006;987.6780000000008;987.6780000000008;987.6780000000008;987.6780000000008;968.7528999999979;987.6780000000008;977.1147999999985;991.190000000006;
2975.0000000000605;993.1008000000384;991.190000000006;977.1147999999985;977.5548999999985;995.8816000000229;991.190000000006;994.4912000000306;991.190000000006;987.6780000000008;987.6780000000008;987.6780000000008;987.6780000000008;968.7528999999979;987.6780000000008;977.1147999999985;991.190000000006;
2976.0000000000605;993.1008000000384;991.190000000006;977.1147999999985;977.5548999999985;995.8816000000229;991.190000000006;994.4912000000306;991.190000000006;987.6780000000008;987.6780000000008;987.6780000000008;987.6780000000008;968.7528999999979;987.6780000000008;977.1147999999985;991.190000000006;
2977.0000000000605;993.1008000000384;991.190000000006;977.1147999999985;977.5548999999985;995.8816000000229;991.190000000006;994.4912000000306;991.190000000006;987.6780000000008;987.6780000000008;987.6780000000008;987.6780000000008;968.7528999999979;987.6780000000008;977.1147999999985;991.190000000006;
2978.0000000000605;993.1008000000384;991.190000000006;977.1147999999985;977.5548999999985;995.8816000000229;991.190000000006;994.4912000000306;991.190000000006;987.6780000000008;987.6780000000008;987.6780000000008;987.6780000000008;968.7528999999979;987.6780000000008;977.1147999999985;991.190000000006;
2979.0000000000605;993.1008000000384;991.190000000006;977.1147999999985;977.5548999999985;995.8816000000229;991.190000000006;994.4912000000306;991.190000000006;987.6780000000008;987.6780000000008;987.6780000000008;987.6780000000008;968.7528999999979;987.6780000000008;977.1147999999985;991.190000000006;
2980.0000000000605;993.1008000000384;991.190000000006;977.1147999999985;977.5548999999985;995.8816000000229;991.190000000006;994.4912000000306;991.190000000006;987.6780000000008;987.6780000000008;987.6780000000008;987.6780000000008;968.7528999999979;987.6780000000008;977.1147999999985;991.190000000006;
2981.0000000000605;993.1008000000384;991.190000000006;977.1147999999985;977.5548999999985;995.8816000000229;991.190000000006;994.4912000000306;991.190000000006;987.6780000000008;987.6780000000008;987.6780000000008;987.6780000000008;968.7528999999979;987.6780000000008;977.1147999999985;991.190000000006;
2982.0000000000605;993.1008000000384;991.190000000006;977.1147999999985;977.5548999999985;995.8816000000229;991.190000000006;994.4912000000306;991.190000000006;987.6780000000008;987.6780000000008;987.6780000000008;987.6780000000008;968.7528999999979;987.6780000000008;977.1147999999985;991.190000000006;
2983.0000000000605;993.1008000000384;991.190000000006;977.1147999999985;977.5548999999985;995.8816000000229;991.190000000006;994.4912000000306;991.190000000006;987.6780000000008;987.6780000000008;987.6780000000008;987.6780000000008;968.7528999999979;987.6780000000008;977.1147999999985;991.190000000006;
2984.0000000000605;993.1008000000384;991.190000000006;977.1147999999985;977.5548999999985;995.8816000000229;991.190000000006;994.4912000000306;991.190000000006;987.6780000000008;987.6780000000008;987.6780000000008;987.6780000000008;968.7528999999979;987.6780000000008;977.1147999999985;991.190000000006;
2985.0000000000605;993.1008000000384;991.190000000006;977.1147999999985;977.5548999999985;995.8816000000229;991.190000000006;994.4912000000306;991.190000000006;987.6780000000008;987.6780000000008;987.6780000000008;987.6780000000008;968.7528999999979;987.6780000000008;977.1147999999985;991.190000000006;
2986.0000000000605;993.1008000000384;991.190000000006;977.1147999999985;977.5548999999985;995.8816000000229;991.190000000006;994.4912000000306;991.190000000006;987.6780000000008;987.6780000000008;987.6780000000008;987.6780000000008;968.7528999999979;987.6780000000008;977.1147999999985;991.190000000006;
2987.0000000000605;993.1008000000384;991.190000000006;977.1147999999985;977.5548999999985;995.8816000000229;991.190000000006;994.4912000000306;991.190000000006;987.6780000000008;987.6780000000008;987.6780000000008;987.6780000000008;968.7528999999979;987.6780000000008;977.1147999999985;991.190000000006;
2988.0000000000605;993.1008000000384;991.190000000006;977.1147999999985;977.5548999999985;995.8816000000229;991.190000000006;994.4912000000306;991.190000000006;987.6780000000008;987.6780000000008;987.6780000000008;987.6780000000008;968.7528999999979;987.6780000000008;977.1147999999985;991.190000000006;
2989.0000000000605;993.1008000000384;991.190000000006;977.1147999999985;977.5548999999985;995.8816000000229;991.190000000006;994.4912000000306;991.190000000006;987.6780000000008;987.6780000000008;987.6780000000008;987.6780000000008;968.7528999999979;987.6780000000008;977.1147999999985;991.190000000006;
2990.0000000000605;993.1008000000384;991.190000000006;977.1147999999985;977.5548999999985;995.8816000000229;991.190000000006;994.4912000000306;991.190000000006;987.6780000000008;987.6780000000008;987.6780000000008;987.6780000000008;968.7528999999979;987.6780000000008;977.1147999999985;991.190000000006;
2991.0000000000605;993.1008000000384;991.190000000006;977.1147999999985;977.5548999999985;995.8816000000229;991.190000000006;994.4912000000306;991.190000000006;987.6780000000008;987.6780000000008;987.6780000000008;987.6780000000008;968.7528999999979;987.6780000000008;977.1147999999985;991.190000000006;
2992.0000000000605;993.1008000000384;991.190000000006;977.1147999999985;977.5548999999985;995.8816000000229;991.190000000006;994.4912000000306;991.190000000006;987.6780000000008;987.6780000000008;987.6780000000008;987.6780000000008;968.7528999999979;987.6780000000008;977.1147999999985;991.190000000006;
2993.0000000000605;993.1008000000384;991.190000000006;977.1147999999985;977.5548999999985;995.8816000000229;991.190000000006;994.4912000000306;991.190000000006;987.6780000000008;987.6780000000008;987.6780000000008;987.6780000000008;968.7528999999979;987.6780000000008;977.1147999999985;991.190000000006;
2994.0000000000605;993.1008000000384;991.190000000006;977.1147999999985;977.5548999999985;995.8816000000229;991.190000000006;994.4912000000306;991.190000000006;987.6780000000008;987.6780000000008;987.6780000000008;987.6780000000008;968.7528999999979;987.6780000000008;977.1147999999985;991.190000000006;
2995.0000000000605;993.1008000000384;991.190000000006;977.1147999999985;977.5548999999985;995.8816000000229;991.190000000006;994.4912000000306;991.190000000006;987.6780000000008;987.6780000000008;987.6780000000008;987.6780000000008;968.7528999999979;987.6780000000008;977.1147999999985;991.190000000006;
2996.0000000000605;993.1008000000384;991.190000000006;977.1147999999985;977.5548999999985;995.8816000000229;991.190000000006;994.4912000000306;991.190000000006;987.6780000000008;987.6780000000008;987.6780000000008;987.6780000000008;968.7528999999979;987.6780000000008;977.1147999999985;991.190000000006;
2997.0000000000605;993.1008000000384;991.190000000006;977.1147999999985;977.5548999999985;995.8816000000229;991.190000000006;994.4912000000306;991.190000000006;987.6780000000008;987.6780000000008;987.6780000000008;987.6780000000008;968.7528999999979;987.6780000000008;977.1147999999985;991.190000000006;
2998.0000000000605;993.1008000000384;991.190000000006;977.1147999999985;977.5548999999985;995.8816000000229;991.190000000006;994.4912000000306;991.190000000006;987.6780000000008;987.6780000000008;987.6780000000008;987.6780000000008;968.7528999999979;987.6780000000008;977.1147999999985;991.190000000006;
2999.0000000000605;993.1008000000384;991.190000000006;977.1147999999985;977.5548999999985;995.8816000000229;991.190000000006;994.4912000000306;991.190000000006;987.6780000000008;987.6780000000008;987.6780000000008;987.6780000000008;968.7528999999979;987.6780000000008;977.1147999999985;991.190000000006;
2999.811742134518;993.1008000000384;991.190000000006;977.1147999999985;977.5548999999985;995.8816000000229;991.189900000006;994.4912000000306;991.190000000006;987.6780000000008;987.6780000000008;987.6780000000008;987.6780000000008;968.7528999999979;987.6780000000008;977.1147999999985;991.190000000006;
2999.811742134518;993.1008000000384;991.190000000006;977.1147999999985;977.5548999999985;995.8816000000229;991.101900000006;994.4912000000306;991.190000000006;987.6780000000008;987.6780000000008;987.6780000000008;987.6780000000008;968.7528999999979;987.6780000000008;977.1147999999985;991.190000000006;
2999.8170581345184;993.0920000000384;991.190000000006;977.1147999999985;977.5548999999985;995.8816000000229;991.101900000006;994.4912000000306;991.190000000006;987.6780000000008;987.6780000000008;987.6780000000008;987.6780000000008;968.7528999999979;987.6780000000008;977.1147999999985;991.190000000006;
2999.8170581345184;993.0832000000385;991.190000000006;977.1147999999985;977.5548999999985;995.8816000000229;991.101900000006;994.4912000000306;991.190000000006;987.6780000000008;987.6780000000008;987.6780000000008;987.6780000000008;968.7528999999979;987.6780000000008;977.1147999999985;991.190000000006;
2999.8223741345187;993.0832000000385;991.190000000006;977.1147999999985;977.5548999999985;995.8816000000229;991.101900000006;994.4824000000307;991.190000000006;987.6780000000008;987.6780000000008;987.6780000000008;987.6780000000008;968.7528999999979;987.6780000000008;977.1147999999985;991.190000000006;
2999.9383976928466;993.0832000000385;991.190000000006;977.1147999999985;977.5547999999985;995.8816000000229;991.101900000006;994.4824000000307;991.190000000006;987.6780000000008;987.6780000000008;987.6780000000008;987.6780000000008;968.7528999999979;987.6780000000008;977.1147999999985;991.190000000006;
2999.9383976928466;993.0832000000385;991.190000000006;977.1147999999985;977.1147999999985;995.8816000000229;991.101900000006;994.4824000000307;991.190000000006;987.6780000000008;987.6780000000008;987.6780000000008;987.6780000000008;968.7528999999979;987.6780000000008;977.1147999999985;991.190000000006;
2999.940169256315;993.0832000000385;991.190000000006;977.1147999999985;977.1147999999985;995.8816000000229;991.101900000006;994.4824000000307;991.190000000006;987.6779000000008;987.6780000000008;987.6780000000008;987.6780000000008;968.7528999999979;987.6780000000008;977.1147999999985;991.190000000006;
2999.940169256315;993.0832000000385;991.190000000006;977.1147999999985;977.1147999999985;995.8816000000229;991.101900000006;994.4824000000307;991.190000000006;987.0619000000008;987.6780000000008;987.6780000000008;987.6780000000008;968.7528999999979;987.6780000000008;977.1147999999985;991.190000000006;
2999.943713692847;993.0832000000385;991.190000000006;977.1147999999985;977.1147999999985;995.872800000023;991.101900000006;994.4824000000307;991.190000000006;987.0619000000008;987.6780000000008;987.6780000000008;987.6780000000008;968.7528999999979;987.6780000000008;977.1147999999985;991.190000000006;
2999.943713692847;993.0832000000385;991.190000000006;977.1147999999985;977.1147999999985;995.864000000023;991.101900000006;994.4824000000307;991.190000000006;987.0619000000008;987.6780000000008;987.6780000000008;987.6780000000008;968.7528999999979;987.6780000000008;977.1147999999985;991.190000000006;
2999.9454852563154;993.0744000000385;991.190000000006;977.1147999999985;977.1147999999985;995.864000000023;991.101900000006;994.4824000000307;991.190000000006;987.0619000000008;987.6780000000008;987.6780000000008;987.6780000000008;968.7528999999979;987.6780000000008;977.1147999999985;991.190000000006;
3000.817081474372;993.0480000000387;991.101900000006;977.1147999999985;977.1147999999985;995.8200000000232;991.101900000006;994.4736000000307;991.101900000006;987.0619000000008;987.0619000000008;987.0619000000008;987.0619000000008;968.3127999999979;987.0619000000008;976.6746999999984;991.101900000006;
3000.943731727356;993.0392000000387;991.101900000006;977.1147999999985;977.1147999999985;995.8200000000232;991.101900000006;994.4648000000308;991.101900000006;987.0619000000008;987.0619000000008;987.0619000000008;987.0619000000008;968.3127999999979;987.0619000000008;976.6746999999984;991.101900000006;
3001.8171048142253;993.0392000000387;991.101900000006;977.1147999999985;977.1147999999985;995.8112000000233;991.101900000006;994.4560000000308;991.101900000006;987.0619000000008;987.0619000000008;987.0619000000008;987.0619000000008;968.3127999999979;987.0619000000008;976.6746999999984;991.101900000006;
3002.817128154079;993.0304000000388;991.101900000006;977.1147999999985;977.1147999999985;995.8024000000233;991.101900000006;994.4384000000309;991.101900000006;987.0619000000008;987.0619000000008;987.0619000000008;987.0619000000008;968.3127999999979;987.0619000000008;976.6746999999984;991.101900000006;
3003.0000000000623;993.0216000000388;991.101900000006;977.1147999999985;977.1147999999985;995.7936000000234;991.101900000006;994.420800000031;991.101900000006;987.0619000000008;987.0619000000008;987.0619000000008;987.0619000000008;968.3127999999979;987.0619000000008;976.6746999999984;991.101900000006;
3003.8171514939327;993.0216000000388;991.101900000006;977.1147999999985;977.1147999999985;995.7936000000234;991.101900000006;994.420800000031;991.101900000006;987.0619000000008;987.0619000000008;987.0619000000008;987.0619000000008;968.3127999999979;987.0619000000008;976.6746999999984;991.101900000006;
3004.8171748337863;993.0128000000389;991.101900000006;977.1147999999985;977.1147999999985;995.7848000000234;991.101900000006;994.4032000000311;991.101900000006;987.0619000000008;987.0619000000008;987.0619000000008;987.0619000000008;968.3127999999979;987.0619000000008;976.6746999999984;991.101900000006;
3005.9438218999026;993.0128000000389;991.101900000006;977.1147999999985;977.1147999999985;995.7760000000235;991.101900000006;994.3944000000312;991.101900000006;987.0619000000008;987.0619000000008;987.0619000000008;987.0619000000008;968.3127999999979;987.0619000000008;976.6746999999984;991.101900000006;
3006.000000000063;993.0128000000389;991.101900000006;977.1147999999985;977.1147999999985;995.7760000000235;991.101900000006;994.3944000000312;991.101900000006;987.0619000000008;987.0619000000008;987.0619000000008;987.0619000000008;968.3127999999979;987.0619000000008;976.6746999999984;991.101900000006;
3007.000000000063;993.0128000000389;991.101900000006;977.1147999999985;977.1147999999985;995.7760000000235;991.101900000006;994.3944000000312;991.101900000006;987.0619000000008;987.0619000000008;987.0619000000008;987.0619000000008;968.3127999999979;987.0619000000008;976.6746999999984;991.101900000006;
3008.000000000063;993.0128000000389;991.101900000006;977.1147999999985;977.1147999999985;995.7760000000235;991.101900000006;994.3944000000312;991.101900000006;987.0619000000008;987.0619000000008;987.0619000000008;987.0619000000008;968.3127999999979;987.0619000000008;976.6746999999984;991.101900000006;
3009.000000000063;993.0128000000389;991.101900000006;977.1147999999985;977.1147999999985;995.7760000000235;991.101900000006;994.3944000000312;991.101900000006;987.0619000000008;987.0619000000008;987.0619000000008;987.0619000000008;968.3127999999979;987.0619000000008;976.6746999999984;991.101900000006;
3010.000000000063;993.0128000000389;991.101900000006;977.1147999999985;977.1147999999985;995.7760000000235;991.101900000006;994.3944000000312;991.101900000006;987.0619000000008;987.0619000000008;987.0619000000008;987.0619000000008;968.3127999999979;987.0619000000008;976.6746999999984;991.101900000006;
3011.000000000063;993.0128000000389;991.101900000006;977.1147999999985;977.1147999999985;995.7760000000235;991.101900000006;994.3944000000312;991.101900000006;987.0619000000008;987.0619000000008;987.0619000000008;987.0619000000008;968.3127999999979;987.0619000000008;976.6746999999984;991.101900000006;
3012.000000000063;993.0128000000389;991.101900000006;977.1147999999985;977.1147999999985;995.7760000000235;991.101900000006;994.3944000000312;991.101900000006;987.0619000000008;987.0619000000008;987.0619000000008;987.0619000000008;968.3127999999979;987.0619000000008;976.6746999999984;991.101900000006;
3013.000000000063;993.0128000000389;991.101900000006;977.1147999999985;977.1147999999985;995.7760000000235;991.101900000006;994.3944000000312;991.101900000006;987.0619000000008;987.0619000000008;987.0619000000008;987.0619000000008;968.3127999999979;987.0619000000008;976.6746999999984;991.101900000006;
3014.000000000063;993.0128000000389;991.101900000006;977.1147999999985;977.1147999999985;995.7760000000235;991.101900000006;994.3944000000312;991.101900000006;987.0619000000008;987.0619000000008;987.0619000000008;987.0619000000008;968.3127999999979;987.0619000000008;976.6746999999984;991.101900000006;
3015.000000000063;993.0128000000389;991.101900000006;977.1147999999985;977.1147999999985;995.7760000000235;991.101900000006;994.3944000000312;991.101900000006;987.0619000000008;987.0619000000008;987.0619000000008;987.0619000000008;968.3127999999979;987.0619000000008;976.6746999999984;991.101900000006;
3016.000000000063;993.0128000000389;991.101900000006;977.1147999999985;977.1147999999985;995.7760000000235;991.101900000006;994.3944000000312;991.101900000006;987.0619000000008;987.0619000000008;987.0619000000008;987.0619000000008;968.3127999999979;987.0619000000008;976.6746999999984;991.101900000006;
3017.000000000063;993.0128000000389;991.101900000006;977.1147999999985;977.1147999999985;995.7760000000235;991.101900000006;994.3944000000312;991.101900000006;987.0619000000008;987.0619000000008;987.0619000000008;987.0619000000008;968.3127999999979;987.0619000000008;976.6746999999984;991.101900000006;
3018.000000000063;993.0128000000389;991.101900000006;977.1147999999985;977.1147999999985;995.7760000000235;991.101900000006;994.3944000000312;991.101900000006;987.0619000000008;987.0619000000008;987.0619000000008;987.0619000000008;968.3127999999979;987.0619000000008;976.6746999999984;991.101900000006;
3019.000000000063;993.0128000000389;991.101900000006;977.1147999999985;977.1147999999985;995.7760000000235;991.101900000006;994.3944000000312;991.101900000006;987.0619000000008;987.0619000000008;987.0619000000008;987.0619000000008;968.3127999999979;987.0619000000008;976.6746999999984;991.101900000006;
3020.000000000063;993.0128000000389;991.101900000006;977.1147999999985;977.1147999999985;995.7760000000235;991.101900000006;994.3944000000312;991.101900000006;987.0619000000008;987.0619000000008;987.0619000000008;987.0619000000008;968.3127999999979;987.0619000000008;976.6746999999984;991.101900000006;
3021.000000000063;993.0128000000389;991.101900000006;977.1147999999985;977.1147999999985;995.7760000000235;991.101900000006;994.3944000000312;991.101900000006;987.0619000000008;987.0619000000008;987.0619000000008;987.0619000000008;968.3127999999979;987.0619000000008;976.6746999999984;991.101900000006;
3022.000000000063;993.0128000000389;991.101900000006;977.1147999999985;977.1147999999985;995.7760000000235;991.101900000006;994.3944000000312;991.101900000006;987.0619000000008;987.0619000000008;987.0619000000008;987.0619000000008;968.3127999999979;987.0619000000008;976.6746999999984;991.101900000006;
3023.000000000063;993.0128000000389;991.101900000006;977.1147999999985;977.1147999999985;995.7760000000235;991.101900000006;994.3944000000312;991.101900000006;987.0619000000008;987.0619000000008;987.0619000000008;987.0619000000008;968.3127999999979;987.0619000000008;976.6746999999984;991.101900000006;
3024.000000000063;993.0128000000389;991.101900000006;977.1147999999985;977.1147999999985;995.7760000000235;991.101900000006;994.3944000000312;991.101900000006;987.0619000000008;987.0619000000008;987.0619000000008;987.0619000000008;968.3127999999979;987.0619000000008;976.6746999999984;991.101900000006;
3025.000000000063;993.0128000000389;991.101900000006;977.1147999999985;977.1147999999985;995.7760000000235;991.101900000006;994.3944000000312;991.101900000006;987.0619000000008;987.0619000000008;987.0619000000008;987.0619000000008;968.3127999999979;987.0619000000008;976.6746999999984;991.101900000006;
3026.000000000063;993.0128000000389;991.101900000006;977.1147999999985;977.1147999999985;995.7760000000235;991.101900000006;994.3944000000312;991.101900000006;987.0619000000008;987.0619000000008;987.0619000000008;987.0619000000008;968.3127999999979;987.0619000000008;976.6746999999984;991.101900000006;
3027.000000000063;993.0128000000389;991.101900000006;977.1147999999985;977.1147999999985;995.7760000000235;991.101900000006;994.3944000000312;991.101900000006;987.0619000000008;987.0619000000008;987.0619000000008;987.0619000000008;968.3127999999979;987.0619000000008;976.6746999999984;991.101900000006;
3028.000000000063;993.0128000000389;991.101900000006;977.1147999999985;977.1147999999985;995.7760000000235;991.101900000006;994.3944000000312;991.101900000006;987.0619000000008;987.0619000000008;987.0619000000008;987.0619000000008;968.3127999999979;987.0619000000008;976.6746999999984;991.101900000006;
3029.000000000063;993.0128000000389;991.101900000006;977.1147999999985;977.1147999999985;995.7760000000235;991.101900000006;994.3944000000312;991.101900000006;987.0619000000008;987.0619000000008;987.0619000000008;987.0619000000008;968.3127999999979;987.0619000000008;976.6746999999984;991.101900000006;
3029.8098478243774;993.0128000000389;991.101900000006;977.1147999999985;977.1147999999985;995.7760000000235;991.101800000006;994.3944000000312;991.101900000006;987.0619000000008;987.0619000000008;987.0619000000008;987.0619000000008;968.3127999999979;987.0619000000008;976.6746999999984;991.101900000006;
3029.8098478243774;993.0128000000389;991.101900000006;977.1147999999985;977.1147999999985;995.7760000000235;991.0138000000061;994.3944000000312;991.101900000006;987.0619000000008;987.0619000000008;987.0619000000008;987.0619000000008;968.3127999999979;987.0619000000008;976.6746999999984;991.101900000006;
3029.8151638243776;993.0040000000389;991.101900000006;977.1147999999985;977.1147999999985;995.7760000000235;991.0138000000061;994.3944000000312;991.101900000006;987.0619000000008;987.0619000000008;987.0619000000008;987.0619000000008;968.3127999999979;987.0619000000008;976.6746999999984;991.101900000006;
3029.8151638243776;992.995200000039;991.101900000006;977.1147999999985;977.1147999999985;995.7760000000235;991.0138000000061;994.3944000000312;991.101900000006;987.0619000000008;987.0619000000008;987.0619000000008;987.0619000000008;968.3127999999979;987.0619000000008;976.6746999999984;991.101900000006;
3029.820479824378;992.995200000039;991.101900000006;977.1147999999985;977.1147999999985;995.7760000000235;991.0138000000061;994.3856000000312;991.101900000006;987.0619000000008;987.0619000000008;987.0619000000008;987.0619000000008;968.3127999999979;987.0619000000008;976.6746999999984;991.101900000006;
3029.837349787778;992.995200000039;991.101900000006;977.1146999999985;977.1147999999985;995.7760000000235;991.0138000000061;994.3856000000312;991.101900000006;987.0619000000008;987.0619000000008;987.0619000000008;987.0619000000008;968.3127999999979;987.0619000000008;976.6746999999984;991.101900000006;
3029.837349787778;992.995200000039;991.101900000006;976.6746999999984;977.1147999999985;995.7760000000235;991.0138000000061;994.3856000000312;991.101900000006;987.0619000000008;987.0619000000008;987.0619000000008;987.0619000000008;968.3127999999979;987.0619000000008;976.6746999999984;991.101900000006;
3029.842665787778;992.986400000039;991.101900000006;976.6746999999984;977.1147999999985;995.7760000000235;991.0138000000061;994.3856000000312;991.101900000006;987.0619000000008;987.0619000000008;987.0619000000008;987.0619000000008;968.3127999999979;987.0619000000008;976.6746999999984;991.101900000006;
3029.94863311039;992.986400000039;991.101900000006;976.6746999999984;977.1147999999985;995.7760000000235;991.0138000000061;994.3856000000312;991.101800000006;987.0619000000008;987.0619000000008;987.0619000000008;987.0619000000008;968.3127999999979;987.0619000000008;976.6746999999984;991.101900000006;
3029.94863311039;992.986400000039;991.101900000006;976.6746999999984;977.1147999999985;995.7760000000235;991.0138000000061;994.3856000000312;991.0138000000061;987.0619000000008;987.0619000000008;987.0619000000008;987.0619000000008;968.3127999999979;987.0619000000008;976.6746999999984;991.101900000006;
3029.9534034998555;992.986400000039;991.101900000006;976.6746999999984;977.1147999999985;995.7760000000235;991.0138000000061;994.3856000000312;991.0138000000061;987.0619000000008;987.0619000000008;987.0619000000008;987.0619000000008;968.3126999999979;987.0619000000008;976.6746999999984;991.101900000006;
3030.815187164232;992.9688000000391;991.0138000000061;976.6746999999984;977.1147999999985;995.7584000000236;991.0138000000061;994.3768000000313;991.0138000000061;987.0619000000008;987.0619000000008;987.0619000000008;987.0619000000008;967.8726999999978;987.0619000000008;976.6746999999984;991.0138000000061;
3031.0000000000655;992.9600000000391;991.0138000000061;976.6746999999984;977.1147999999985;995.7584000000236;991.0138000000061;994.3680000000313;991.0138000000061;987.0619000000008;987.0619000000008;987.0619000000008;987.0619000000008;967.8726999999978;987.0619000000008;976.6746999999984;991.0138000000061;
3031.815210504086;992.9600000000391;991.0138000000061;976.6746999999984;977.1147999999985;995.7584000000236;991.0138000000061;994.3680000000313;991.0138000000061;987.0619000000008;987.0619000000008;987.0619000000008;987.0619000000008;967.8726999999978;987.0619000000008;976.6746999999984;991.0138000000061;
3032.8152338439395;992.9512000000392;991.0138000000061;976.6746999999984;977.1147999999985;995.7584000000236;991.0138000000061;994.3592000000314;991.0138000000061;987.0619000000008;987.0619000000008;987.0619000000008;987.0619000000008;967.8726999999978;987.0619000000008;976.6746999999984;991.0138000000061;
3033.815257183793;992.9424000000392;991.0138000000061;976.6746999999984;977.1147999999985;995.7584000000236;991.0138000000061;994.3504000000314;991.0138000000061;987.0619000000008;987.0619000000008;987.0619000000008;987.0619000000008;967.8726999999978;987.0619000000008;976.6746999999984;991.0138000000061;
3034.0000000000664;992.9424000000392;991.0138000000061;976.6746999999984;977.1147999999985;995.7584000000236;991.0138000000061;994.3504000000314;991.0138000000061;987.0619000000008;987.0619000000008;987.0619000000008;987.0619000000008;967.8726999999978;987.0619000000008;976.6746999999984;991.0138000000061;
3035.0000000000664;992.9424000000392;991.0138000000061;976.6746999999984;977.1147999999985;995.7584000000236;991.0138000000061;994.3504000000314;991.0138000000061;987.0619000000008;987.0619000000008;987.0619000000008;987.0619000000008;967.8726999999978;987.0619000000008;976.6746999999984;991.0138000000061;
3036.0000000000664;992.9424000000392;991.0138000000061;976.6746999999984;977.1147999999985;995.7584000000236;991.0138000000061;994.3504000000314;991.0138000000061;987.0619000000008;987.0619000000008;987.0619000000008;987.0619000000008;967.8726999999978;987.0619000000008;976.6746999999984;991.0138000000061;
3037.0000000000664;992.9424000000392;991.0138000000061;976.6746999999984;977.1147999999985;995.7584000000236;991.0138000000061;994.3504000000314;991.0138000000061;987.0619000000008;987.0619000000008;987.0619000000008;987.0619000000008;967.8726999999978;987.0619000000008;976.6746999999984;991.0138000000061;
3038.0000000000664;992.9424000000392;991.0138000000061;976.6746999999984;977.1147999999985;995.7584000000236;991.0138000000061;994.3504000000314;991.0138000000061;987.0619000000008;987.0619000000008;987.0619000000008;987.0619000000008;967.8726999999978;987.0619000000008;976.6746999999984;991.0138000000061;
3039.0000000000664;992.9424000000392;991.0138000000061;976.6746999999984;977.1147999999985;995.7584000000236;991.0138000000061;994.3504000000314;991.0138000000061;987.0619000000008;987.0619000000008;987.0619000000008;987.0619000000008;967.8726999999978;987.0619000000008;976.6746999999984;991.0138000000061;
3040.0000000000664;992.9424000000392;991.0138000000061;976.6746999999984;977.1147999999985;995.7584000000236;991.0138000000061;994.3504000000314;991.0138000000061;987.0619000000008;987.0619000000008;987.0619000000008;987.0619000000008;967.8726999999978;987.0619000000008;976.6746999999984;991.0138000000061;
3041.0000000000664;992.9424000000392;991.0138000000061;976.6746999999984;977.1147999999985;995.7584000000236;991.0138000000061;994.3504000000314;991.0138000000061;987.0619000000008;987.0619000000008;987.0619000000008;987.0619000000008;967.8726999999978;987.0619000000008;976.6746999999984;991.0138000000061;
3042.0000000000664;992.9424000000392;991.0138000000061;976.6746999999984;977.1147999999985;995.7584000000236;991.0138000000061;994.3504000000314;991.0138000000061;987.0619000000008;987.0619000000008;987.0619000000008;987.0619000000008;967.8726999999978;987.0619000000008;976.6746999999984;991.0138000000061;
3043.0000000000664;992.9424000000392;991.0138000000061;976.6746999999984;977.1147999999985;995.7584000000236;991.0138000000061;994.3504000000314;991.0138000000061;987.0619000000008;987.0619000000008;987.0619000000008;987.0619000000008;967.8726999999978;987.0619000000008;976.6746999999984;991.0138000000061;
3044.0000000000664;992.9424000000392;991.0138000000061;976.6746999999984;977.1147999999985;995.7584000000236;991.0138000000061;994.3504000000314;991.0138000000061;987.0619000000008;987.0619000000008;987.0619000000008;987.0619000000008;967.8726999999978;987.0619000000008;976.6746999999984;991.0138000000061;
3045.0000000000664;992.9424000000392;991.0138000000061;976.6746999999984;977.1147999999985;995.7584000000236;991.0138000000061;994.3504000000314;991.0138000000061;987.0619000000008;987.0619000000008;987.0619000000008;987.0619000000008;967.8726999999978;987.0619000000008;976.6746999999984;991.0138000000061;
3046.0000000000664;992.9424000000392;991.0138000000061;976.6746999999984;977.1147999999985;995.7584000000236;991.0138000000061;994.3504000000314;991.0138000000061;987.0619000000008;987.0619000000008;987.0619000000008;987.0619000000008;967.8726999999978;987.0619000000008;976.6746999999984;991.0138000000061;
3047.0000000000664;992.9424000000392;991.0138000000061;976.6746999999984;977.1147999999985;995.7584000000236;991.0138000000061;994.3504000000314;991.0138000000061;987.0619000000008;987.0619000000008;987.0619000000008;987.0619000000008;967.8726999999978;987.0619000000008;976.6746999999984;991.0138000000061;
3048.0000000000664;992.9424000000392;991.0138000000061;976.6746999999984;977.1147999999985;995.7584000000236;991.0138000000061;994.3504000000314;991.0138000000061;987.0619000000008;987.0619000000008;987.0619000000008;987.0619000000008;967.8726999999978;987.0619000000008;976.6746999999984;991.0138000000061;
3049.0000000000664;992.9424000000392;991.0138000000061;976.6746999999984;977.1147999999985;995.7584000000236;991.0138000000061;994.3504000000314;991.0138000000061;987.0619000000008;987.0619000000008;987.0619000000008;987.0619000000008;967.8726999999978;987.0619000000008;976.6746999999984;991.0138000000061;
3050.0000000000664;992.9424000000392;991.0138000000061;976.6746999999984;977.1147999999985;995.7584000000236;991.0138000000061;994.3504000000314;991.0138000000061;987.0619000000008;987.0619000000008;987.0619000000008;987.0619000000008;967.8726999999978;987.0619000000008;976.6746999999984;991.0138000000061;
3051.0000000000664;992.9424000000392;991.0138000000061;976.6746999999984;977.1147999999985;995.7584000000236;991.0138000000061;994.3504000000314;991.0138000000061;987.0619000000008;987.0619000000008;987.0619000000008;987.0619000000008;967.8726999999978;987.0619000000008;976.6746999999984;991.0138000000061;
3052.0000000000664;992.9424000000392;991.0138000000061;976.6746999999984;977.1147999999985;995.7584000000236;991.0138000000061;994.3504000000314;991.0138000000061;987.0619000000008;987.0619000000008;987.0619000000008;987.0619000000008;967.8726999999978;987.0619000000008;976.6746999999984;991.0138000000061;
3053.0000000000664;992.9424000000392;991.0138000000061;976.6746999999984;977.1147999999985;995.7584000000236;991.0138000000061;994.3504000000314;991.0138000000061;987.0619000000008;987.0619000000008;987.0619000000008;987.0619000000008;967.8726999999978;987.0619000000008;976.6746999999984;991.0138000000061;
3054.0000000000664;992.9424000000392;991.0138000000061;976.6746999999984;977.1147999999985;995.7584000000236;991.0138000000061;994.3504000000314;991.0138000000061;987.0619000000008;987.0619000000008;987.0619000000008;987.0619000000008;967.8726999999978;987.0619000000008;976.6746999999984;991.0138000000061;
3055.0000000000664;992.9424000000392;991.0138000000061;976.6746999999984;977.1147999999985;995.7584000000236;991.0138000000061;994.3504000000314;991.0138000000061;987.0619000000008;987.0619000000008;987.0619000000008;987.0619000000008;967.8726999999978;987.0619000000008;976.6746999999984;991.0138000000061;
3056.0000000000664;992.9424000000392;991.0138000000061;976.6746999999984;977.1147999999985;995.7584000000236;991.0138000000061;994.3504000000314;991.0138000000061;987.0619000000008;987.0619000000008;987.0619000000008;987.0619000000008;967.8726999999978;987.0619000000008;976.6746999999984;991.0138000000061;
3057.0000000000664;992.9424000000392;991.0138000000061;976.6746999999984;977.1147999999985;995.7584000000236;991.0138000000061;994.3504000000314;991.0138000000061;987.0619000000008;987.0619000000008;987.0619000000008;987.0619000000008;967.8726999999978;987.0619000000008;976.6746999999984;991.0138000000061;
3058.0000000000664;992.9424000000392;991.0138000000061;976.6746999999984;977.1147999999985;995.7584000000236;991.0138000000061;994.3504000000314;991.0138000000061;987.0619000000008;987.0619000000008;987.0619000000008;987.0619000000008;967.8726999999978;987.0619000000008;976.6746999999984;991.0138000000061;
3059.0000000000664;992.9424000000392;991.0138000000061;976.6746999999984;977.1147999999985;995.7584000000236;991.0138000000061;994.3504000000314;991.0138000000061;987.0619000000008;987.0619000000008;987.0619000000008;987.0619000000008;967.8726999999978;987.0619000000008;976.6746999999984;991.0138000000061;
3059.807953514237;992.9424000000392;991.0138000000061;976.6746999999984;977.1147999999985;995.7584000000236;991.0137000000061;994.3504000000314;991.0138000000061;987.0619000000008;987.0619000000008;987.0619000000008;987.0619000000008;967.8726999999978;987.0619000000008;976.6746999999984;991.0138000000061;
3059.807953514237;992.9424000000392;991.0138000000061;976.6746999999984;977.1147999999985;995.7584000000236;990.9257000000061;994.3504000000314;991.0138000000061;987.0619000000008;987.0619000000008;987.0619000000008;987.0619000000008;967.8726999999978;987.0619000000008;976.6746999999984;991.0138000000061;
3059.813269514237;992.9336000000393;991.0138000000061;976.6746999999984;977.1147999999985;995.7584000000236;990.9257000000061;994.3504000000314;991.0138000000061;987.0619000000008;987.0619000000008;987.0619000000008;987.0619000000008;967.8726999999978;987.0619000000008;976.6746999999984;991.0138000000061;
3059.813269514237;992.9248000000393;991.0138000000061;976.6746999999984;977.1147999999985;995.7584000000236;990.9257000000061;994.3504000000314;991.0138000000061;987.0619000000008;987.0619000000008;987.0619000000008;987.0619000000008;967.8726999999978;987.0619000000008;976.6746999999984;991.0138000000061;
3059.8185855142374;992.9248000000393;991.0138000000061;976.6746999999984;977.1147999999985;995.7584000000236;990.9257000000061;994.3416000000315;991.0138000000061;987.0619000000008;987.0619000000008;987.0619000000008;987.0619000000008;967.8726999999978;987.0619000000008;976.6746999999984;991.0138000000061;
3059.9371605951537;992.9248000000393;991.0138000000061;976.6746999999984;977.1146999999985;995.7584000000236;990.9257000000061;994.3416000000315;991.0138000000061;987.0619000000008;987.0619000000008;987.0619000000008;987.0619000000008;967.8726999999978;987.0619000000008;976.6746999999984;991.0138000000061;
3059.9371605951537;992.9248000000393;991.0138000000061;976.6746999999984;976.6746999999984;995.7584000000236;990.9257000000061;994.3416000000315;991.0138000000061;987.0619000000008;987.0619000000008;987.0619000000008;987.0619000000008;967.8726999999978;987.0619000000008;976.6746999999984;991.0138000000061;
3059.942476595154;992.9248000000393;991.0138000000061;976.6746999999984;976.6746999999984;995.7496000000236;990.9257000000061;994.3416000000315;991.0138000000061;987.0619000000008;987.0619000000008;987.0619000000008;987.0619000000008;967.8726999999978;987.0619000000008;976.6746999999984;991.0138000000061;
3059.942476595154;992.9248000000393;991.0138000000061;976.6746999999984;976.6746999999984;995.7408000000237;990.9257000000061;994.3416000000315;991.0138000000061;987.0619000000008;987.0619000000008;987.0619000000008;987.0619000000008;967.8726999999978;987.0619000000008;976.6746999999984;991.0138000000061;
3059.947792595154;992.9248000000393;991.0138000000061;976.6746999999984;976.6746999999984;995.7408000000237;990.9257000000061;994.3328000000315;991.0138000000061;987.0619000000008;987.0619000000008;987.0619000000008;987.0619000000008;967.8726999999978;987.0619000000008;976.6746999999984;991.0138000000061;
3059.948117032054;992.9248000000393;991.0138000000061;976.6746999999984;976.6746999999984;995.7408000000237;990.9257000000061;994.3328000000315;991.0137000000061;987.0619000000008;987.0619000000008;987.0619000000008;987.0619000000008;967.8726999999978;987.0619000000008;976.6746999999984;991.0138000000061;
3059.948117032054;992.9248000000393;991.0138000000061;976.6746999999984;976.6746999999984;995.7408000000237;990.9257000000061;994.3328000000315;990.9257000000061;987.0619000000008;987.0619000000008;987.0619000000008;987.0619000000008;967.8726999999978;987.0619000000008;976.6746999999984;991.0138000000061;
3060.8132928540913;992.9072000000394;990.9257000000061;976.6746999999984;976.6746999999984;995.7232000000238;990.9257000000061;994.3328000000315;990.9257000000061;987.0619000000008;987.0619000000008;987.0619000000008;987.0619000000008;967.4325999999978;987.0619000000008;976.2345999999984;990.9257000000061;
3061.813316193945;992.8984000000395;990.9257000000061;976.6746999999984;976.6746999999984;995.7144000000238;990.9257000000061;994.3152000000316;990.9257000000061;987.0619000000008;987.0619000000008;987.0619000000008;987.0619000000008;967.4325999999978;987.0619000000008;976.2345999999984;990.9257000000061;
3061.813316193945;992.8896000000395;990.9257000000061;976.6746999999984;976.6746999999984;995.7144000000238;990.9257000000061;994.3152000000316;990.9257000000061;987.0619000000008;987.0619000000008;987.0619000000008;987.0619000000008;967.4325999999978;987.0619000000008;976.2345999999984;990.9257000000061;
3062.8133395337986;992.8896000000395;990.9257000000061;976.6746999999984;976.6746999999984;995.7056000000239;990.9257000000061;994.2976000000317;990.9257000000061;987.0619000000008;987.0619000000008;987.0619000000008;987.0619000000008;967.4325999999978;987.0619000000008;976.2345999999984;990.9257000000061;
3064.0000000000687;992.8896000000395;990.9257000000061;976.6746999999984;976.6746999999984;995.7056000000239;990.9257000000061;994.2976000000317;990.9257000000061;987.0619000000008;987.0619000000008;987.0619000000008;987.0619000000008;967.4325999999978;987.0619000000008;976.2345999999984;990.9257000000061;
3065.0000000000687;992.8896000000395;990.9257000000061;976.6746999999984;976.6746999999984;995.7056000000239;990.9257000000061;994.2976000000317;990.9257000000061;987.0619000000008;987.0619000000008;987.0619000000008;987.0619000000008;967.4325999999978;987.0619000000008;976.2345999999984;990.9257000000061;
3066.0000000000687;992.8896000000395;990.9257000000061;976.6746999999984;976.6746999999984;995.7056000000239;990.9257000000061;994.2976000000317;990.9257000000061;987.0619000000008;987.0619000000008;987.0619000000008;987.0619000000008;967.4325999999978;987.0619000000008;976.2345999999984;990.9257000000061;
3067.0000000000687;992.8896000000395;990.9257000000061;976.6746999999984;976.6746999999984;995.7056000000239;990.9257000000061;994.2976000000317;990.9257000000061;987.0619000000008;987.0619000000008;987.0619000000008;987.0619000000008;967.4325999999978;987.0619000000008;976.2345999999984;990.9257000000061;
3068.0000000000687;992.8896000000395;990.9257000000061;976.6746999999984;976.6746999999984;995.7056000000239;990.9257000000061;994.2976000000317;990.9257000000061;987.0619000000008;987.0619000000008;987.0619000000008;987.0619000000008;967.4325999999978;987.0619000000008;976.2345999999984;990.9257000000061;
3069.0000000000687;992.8896000000395;990.9257000000061;976.6746999999984;976.6746999999984;995.7056000000239;990.9257000000061;994.2976000000317;990.9257000000061;987.0619000000008;987.0619000000008;987.0619000000008;987.0619000000008;967.4325999999978;987.0619000000008;976.2345999999984;990.9257000000061;
3070.0000000000687;992.8896000000395;990.9257000000061;976.6746999999984;976.6746999999984;995.7056000000239;990.9257000000061;994.2976000000317;990.9257000000061;987.0619000000008;987.0619000000008;987.0619000000008;987.0619000000008;967.4325999999978;987.0619000000008;976.2345999999984;990.9257000000061;
3071.0000000000687;992.8896000000395;990.9257000000061;976.6746999999984;976.6746999999984;995.7056000000239;990.9257000000061;994.2976000000317;990.9257000000061;987.0619000000008;987.0619000000008;987.0619000000008;987.0619000000008;967.4325999999978;987.0619000000008;976.2345999999984;990.9257000000061;
3072.0000000000687;992.8896000000395;990.9257000000061;976.6746999999984;976.6746999999984;995.7056000000239;990.9257000000061;994.2976000000317;990.9257000000061;987.0619000000008;987.0619000000008;987.0619000000008;987.0619000000008;967.4325999999978;987.0619000000008;976.2345999999984;990.9257000000061;
3073.0000000000687;992.8896000000395;990.9257000000061;976.6746999999984;976.6746999999984;995.7056000000239;990.9257000000061;994.2976000000317;990.9257000000061;987.0619000000008;987.0619000000008;987.0619000000008;987.0619000000008;967.4325999999978;987.0619000000008;976.2345999999984;990.9257000000061;
3074.0000000000687;992.8896000000395;990.9257000000061;976.6746999999984;976.6746999999984;995.7056000000239;990.9257000000061;994.2976000000317;990.9257000000061;987.0619000000008;987.0619000000008;987.0619000000008;987.0619000000008;967.4325999999978;987.0619000000008;976.2345999999984;990.9257000000061;
3075.0000000000687;992.8896000000395;990.9257000000061;976.6746999999984;976.6746999999984;995.7056000000239;990.9257000000061;994.2976000000317;990.9257000000061;987.0619000000008;987.0619000000008;987.0619000000008;987.0619000000008;967.4325999999978;987.0619000000008;976.2345999999984;990.9257000000061;
3076.0000000000687;992.8896000000395;990.9257000000061;976.6746999999984;976.6746999999984;995.7056000000239;990.9257000000061;994.2976000000317;990.9257000000061;987.0619000000008;987.0619000000008;987.0619000000008;987.0619000000008;967.4325999999978;987.0619000000008;976.2345999999984;990.9257000000061;
3077.0000000000687;992.8896000000395;990.9257000000061;976.6746999999984;976.6746999999984;995.7056000000239;990.9257000000061;994.2976000000317;990.9257000000061;987.0619000000008;987.0619000000008;987.0619000000008;987.0619000000008;967.4325999999978;987.0619000000008;976.2345999999984;990.9257000000061;
3078.0000000000687;992.8896000000395;990.9257000000061;976.6746999999984;976.6746999999984;995.7056000000239;990.9257000000061;994.2976000000317;990.9257000000061;987.0619000000008;987.0619000000008;987.0619000000008;987.0619000000008;967.4325999999978;987.0619000000008;976.2345999999984;990.9257000000061;
3079.0000000000687;992.8896000000395;990.9257000000061;976.6746999999984;976.6746999999984;995.7056000000239;990.9257000000061;994.2976000000317;990.9257000000061;987.0619000000008;987.0619000000008;987.0619000000008;987.0619000000008;967.4325999999978;987.0619000000008;976.2345999999984;990.9257000000061;
3080.0000000000687;992.8896000000395;990.9257000000061;976.6746999999984;976.6746999999984;995.7056000000239;990.9257000000061;994.2976000000317;990.9257000000061;987.0619000000008;987.0619000000008;987.0619000000008;987.0619000000008;967.4325999999978;987.0619000000008;976.2345999999984;990.9257000000061;
3081.0000000000687;992.8896000000395;990.9257000000061;976.6746999999984;976.6746999999984;995.7056000000239;990.9257000000061;994.2976000000317;990.9257000000061;987.0619000000008;987.0619000000008;987.0619000000008;987.0619000000008;967.4325999999978;987.0619000000008;976.2345999999984;990.9257000000061;
3082.0000000000687;992.8896000000395;990.9257000000061;976.6746999999984;976.6746999999984;995.7056000000239;990.9257000000061;994.2976000000317;990.9257000000061;987.0619000000008;987.0619000000008;987.0619000000008;987.0619000000008;967.4325999999978;987.0619000000008;976.2345999999984;990.9257000000061;
3083.0000000000687;992.8896000000395;990.9257000000061;976.6746999999984;976.6746999999984;995.7056000000239;990.9257000000061;994.2976000000317;990.9257000000061;987.0619000000008;987.0619000000008;987.0619000000008;987.0619000000008;967.4325999999978;987.0619000000008;976.2345999999984;990.9257000000061;
3084.0000000000687;992.8896000000395;990.9257000000061;976.6746999999984;976.6746999999984;995.7056000000239;990.9257000000061;994.2976000000317;990.9257000000061;987.0619000000008;987.0619000000008;987.0619000000008;987.0619000000008;967.4325999999978;987.0619000000008;976.2345999999984;990.9257000000061;
3085.0000000000687;992.8896000000395;990.9257000000061;976.6746999999984;976.6746999999984;995.7056000000239;990.9257000000061;994.2976000000317;990.9257000000061;987.0619000000008;987.0619000000008;987.0619000000008;987.0619000000008;967.4325999999978;987.0619000000008;976.2345999999984;990.9257000000061;
3086.0000000000687;992.8896000000395;990.9257000000061;976.6746999999984;976.6746999999984;995.7056000000239;990.9257000000061;994.2976000000317;990.9257000000061;987.0619000000008;987.0619000000008;987.0619000000008;987.0619000000008;967.4325999999978;987.0619000000008;976.2345999999984;990.9257000000061;
3087.0000000000687;992.8896000000395;990.9257000000061;976.6746999999984;976.6746999999984;995.7056000000239;990.9257000000061;994.2976000000317;990.9257000000061;987.0619000000008;987.0619000000008;987.0619000000008;987.0619000000008;967.4325999999978;987.0619000000008;976.2345999999984;990.9257000000061;
3088.0000000000687;992.8896000000395;990.9257000000061;976.6746999999984;976.6746999999984;995.7056000000239;990.9257000000061;994.2976000000317;990.9257000000061;987.0619000000008;987.0619000000008;987.0619000000008;987.0619000000008;967.4325999999978;987.0619000000008;976.2345999999984;990.9257000000061;
3089.0000000000687;992.8896000000395;990.9257000000061;976.6746999999984;976.6746999999984;995.7056000000239;990.9257000000061;994.2976000000317;990.9257000000061;987.0619000000008;987.0619000000008;987.0619000000008;987.0619000000008;967.4325999999978;987.0619000000008;976.2345999999984;990.9257000000061;
3089.806059204095;992.8896000000395;990.9257000000061;976.6746999999984;976.6746999999984;995.7056000000239;990.9256000000062;994.2976000000317;990.9257000000061;987.0619000000008;987.0619000000008;987.0619000000008;987.0619000000008;967.4325999999978;987.0619000000008;976.2345999999984;990.9257000000061;
3089.806059204095;992.8896000000395;990.9257000000061;976.6746999999984;976.6746999999984;995.7056000000239;990.8376000000062;994.2976000000317;990.9257000000061;987.0619000000008;987.0619000000008;987.0619000000008;987.0619000000008;967.4325999999978;987.0619000000008;976.2345999999984;990.9257000000061;
3089.8113752040954;992.8808000000396;990.9257000000061;976.6746999999984;976.6746999999984;995.7056000000239;990.8376000000062;994.2976000000317;990.9257000000061;987.0619000000008;987.0619000000008;987.0619000000008;987.0619000000008;967.4325999999978;987.0619000000008;976.2345999999984;990.9257000000061;
3089.8113752040954;992.8720000000396;990.9257000000061;976.6746999999984;976.6746999999984;995.7056000000239;990.8376000000062;994.2976000000317;990.9257000000061;987.0619000000008;987.0619000000008;987.0619000000008;987.0619000000008;967.4325999999978;987.0619000000008;976.2345999999984;990.9257000000061;
3089.8166912040956;992.8720000000396;990.9257000000061;976.6746999999984;976.6746999999984;995.7056000000239;990.8376000000062;994.2888000000318;990.9257000000061;987.0619000000008;987.0619000000008;987.0619000000008;987.0619000000008;967.4325999999978;987.0619000000008;976.2345999999984;990.9257000000061;
3089.834005111314;992.8720000000396;990.9257000000061;976.6745999999985;976.6746999999984;995.7056000000239;990.8376000000062;994.2888000000318;990.9257000000061;987.0619000000008;987.0619000000008;987.0619000000008;987.0619000000008;967.4325999999978;987.0619000000008;976.2345999999984;990.9257000000061;
3089.834005111314;992.8720000000396;990.9257000000061;976.2345999999984;976.6746999999984;995.7056000000239;990.8376000000062;994.2888000000318;990.9257000000061;987.0619000000008;987.0619000000008;987.0619000000008;987.0619000000008;967.4325999999978;987.0619000000008;976.2345999999984;990.9257000000061;
3089.8393211113143;992.8632000000397;990.9257000000061;976.2345999999984;976.6746999999984;995.7056000000239;990.8376000000062;994.2888000000318;990.9257000000061;987.0619000000008;987.0619000000008;987.0619000000008;987.0619000000008;967.4325999999978;987.0619000000008;976.2345999999984;990.9257000000061;
3089.9476009537157;992.8632000000397;990.9257000000061;976.2345999999984;976.6746999999984;995.7056000000239;990.8376000000062;994.2888000000318;990.9256000000062;987.0619000000008;987.0619000000008;987.0619000000008;987.0619000000008;967.4325999999978;987.0619000000008;976.2345999999984;990.9257000000061;
3089.9476009537157;992.8632000000397;990.9257000000061;976.2345999999984;976.6746999999984;995.7056000000239;990.8376000000062;994.2888000000318;990.8376000000062;987.0619000000008;987.0619000000008;987.0619000000008;987.0619000000008;967.4325999999978;987.0619000000008;976.2345999999984;990.9257000000061;
3089.952450748684;992.8632000000397;990.9257000000061;976.2345999999984;976.6746999999984;995.7056000000239;990.8376000000062;994.2888000000318;990.8376000000062;987.0619000000008;987.0619000000008;987.0619000000008;987.0619000000008;967.4324999999978;987.0619000000008;976.2345999999984;990.9257000000061;
3089.952450748684;992.8632000000397;990.9257000000061;976.2345999999984;976.6746999999984;995.7056000000239;990.8376000000062;994.2888000000318;990.8376000000062;987.0619000000008;987.0619000000008;987.0619000000008;987.0619000000008;966.9924999999978;987.0619000000008;976.2345999999984;990.9257000000061;
3089.952916953716;992.8544000000397;990.9257000000061;976.2345999999984;976.6746999999984;995.7056000000239;990.8376000000062;994.2888000000318;990.8376000000062;987.0619000000008;987.0619000000008;987.0619000000008;987.0619000000008;966.9924999999978;987.0619000000008;976.2345999999984;990.9257000000061;
3090.81139854395;992.8456000000398;990.8376000000062;976.2345999999984;976.6746999999984;995.679200000024;990.8376000000062;994.2800000000318;990.8376000000062;987.0619000000008;987.0619000000008;987.0619000000008;987.0619000000008;966.9924999999978;987.0619000000008;975.7944999999984;990.8376000000062;
3091.8114218838036;992.8368000000398;990.8376000000062;976.2345999999984;976.6746999999984;995.6704000000241;990.8376000000062;994.2624000000319;990.8376000000062;987.0619000000008;987.0619000000008;987.0619000000008;987.0619000000008;966.9924999999978;987.0619000000008;975.7944999999984;990.8376000000062;
3091.957802817704;992.8280000000399;990.8376000000062;976.2345999999984;976.6746999999984;995.6704000000241;990.8376000000062;994.253600000032;990.8376000000062;987.0619000000008;987.0619000000008;987.0619000000008;987.0619000000008;966.9924999999978;987.0619000000008;975.7944999999984;990.8376000000062;
3092.811445223657;992.8280000000399;990.8376000000062;976.2345999999984;976.6746999999984;995.6704000000241;990.8376000000062;994.253600000032;990.8376000000062;987.0619000000008;987.0619000000008;987.0619000000008;987.0619000000008;966.9924999999978;987.0619000000008;975.7944999999984;990.8376000000062;
3093.81146856351;992.8192000000399;990.8376000000062;976.2345999999984;976.6746999999984;995.6704000000241;990.8376000000062;994.244800000032;990.8376000000062;987.0619000000008;987.0619000000008;987.0619000000008;987.0619000000008;966.9924999999978;987.0619000000008;975.7944999999984;990.8376000000062;
3094.000000000071;992.8192000000399;990.8376000000062;976.2345999999984;976.6746999999984;995.6704000000241;990.8376000000062;994.244800000032;990.8376000000062;987.0619000000008;987.0619000000008;987.0619000000008;987.0619000000008;966.9924999999978;987.0619000000008;975.7944999999984;990.8376000000062;
3095.000000000071;992.8192000000399;990.8376000000062;976.2345999999984;976.6746999999984;995.6704000000241;990.8376000000062;994.244800000032;990.8376000000062;987.0619000000008;987.0619000000008;987.0619000000008;987.0619000000008;966.9924999999978;987.0619000000008;975.7944999999984;990.8376000000062;
3096.000000000071;992.8192000000399;990.8376000000062;976.2345999999984;976.6746999999984;995.6704000000241;990.8376000000062;994.244800000032;990.8376000000062;987.0619000000008;987.0619000000008;987.0619000000008;987.0619000000008;966.9924999999978;987.0619000000008;975.7944999999984;990.8376000000062;
3097.000000000071;992.8192000000399;990.8376000000062;976.2345999999984;976.6746999999984;995.6704000000241;990.8376000000062;994.244800000032;990.8376000000062;987.0619000000008;987.0619000000008;987.0619000000008;987.0619000000008;966.9924999999978;987.0619000000008;975.7944999999984;990.8376000000062;
3098.000000000071;992.8192000000399;990.8376000000062;976.2345999999984;976.6746999999984;995.6704000000241;990.8376000000062;994.244800000032;990.8376000000062;987.0619000000008;987.0619000000008;987.0619000000008;987.0619000000008;966.9924999999978;987.0619000000008;975.7944999999984;990.8376000000062;
3099.000000000071;992.8192000000399;990.8376000000062;976.2345999999984;976.6746999999984;995.6704000000241;990.8376000000062;994.244800000032;990.8376000000062;987.0619000000008;987.0619000000008;987.0619000000008;987.0619000000008;966.9924999999978;987.0619000000008;975.7944999999984;990.8376000000062;
3100.000000000071;992.8192000000399;990.8376000000062;976.2345999999984;976.6746999999984;995.6704000000241;990.8376000000062;994.244800000032;990.8376000000062;987.0619000000008;987.0619000000008;987.0619000000008;987.0619000000008;966.9924999999978;987.0619000000008;975.7944999999984;990.8376000000062;
3101.000000000071;992.8192000000399;990.8376000000062;976.2345999999984;976.6746999999984;995.6704000000241;990.8376000000062;994.244800000032;990.8376000000062;987.0619000000008;987.0619000000008;987.0619000000008;987.0619000000008;966.9924999999978;987.0619000000008;975.7944999999984;990.8376000000062;
3102.000000000071;992.8192000000399;990.8376000000062;976.2345999999984;976.6746999999984;995.6704000000241;990.8376000000062;994.244800000032;990.8376000000062;987.0619000000008;987.0619000000008;987.0619000000008;987.0619000000008;966.9924999999978;987.0619000000008;975.7944999999984;990.8376000000062;
3103.000000000071;992.8192000000399;990.8376000000062;976.2345999999984;976.6746999999984;995.6704000000241;990.8376000000062;994.244800000032;990.8376000000062;987.0619000000008;987.0619000000008;987.0619000000008;987.0619000000008;966.9924999999978;987.0619000000008;975.7944999999984;990.8376000000062;
3104.000000000071;992.8192000000399;990.8376000000062;976.2345999999984;976.6746999999984;995.6704000000241;990.8376000000062;994.244800000032;990.8376000000062;987.0619000000008;987.0619000000008;987.0619000000008;987.0619000000008;966.9924999999978;987.0619000000008;975.7944999999984;990.8376000000062;
3105.000000000071;992.8192000000399;990.8376000000062;976.2345999999984;976.6746999999984;995.6704000000241;990.8376000000062;994.244800000032;990.8376000000062;987.0619000000008;987.0619000000008;987.0619000000008;987.0619000000008;966.9924999999978;987.0619000000008;975.7944999999984;990.8376000000062;
3106.000000000071;992.8192000000399;990.8376000000062;976.2345999999984;976.6746999999984;995.6704000000241;990.8376000000062;994.244800000032;990.8376000000062;987.0619000000008;987.0619000000008;987.0619000000008;987.0619000000008;966.9924999999978;987.0619000000008;975.7944999999984;990.8376000000062;
3107.000000000071;992.8192000000399;990.8376000000062;976.2345999999984;976.6746999999984;995.6704000000241;990.8376000000062;994.244800000032;990.8376000000062;987.0619000000008;987.0619000000008;987.0619000000008;987.0619000000008;966.9924999999978;987.0619000000008;975.7944999999984;990.8376000000062;
3108.000000000071;992.8192000000399;990.8376000000062;976.2345999999984;976.6746999999984;995.6704000000241;990.8376000000062;994.244800000032;990.8376000000062;987.0619000000008;987.0619000000008;987.0619000000008;987.0619000000008;966.9924999999978;987.0619000000008;975.7944999999984;990.8376000000062;
3109.000000000071;992.8192000000399;990.8376000000062;976.2345999999984;976.6746999999984;995.6704000000241;990.8376000000062;994.244800000032;990.8376000000062;987.0619000000008;987.0619000000008;987.0619000000008;987.0619000000008;966.9924999999978;987.0619000000008;975.7944999999984;990.8376000000062;
3110.000000000071;992.8192000000399;990.8376000000062;976.2345999999984;976.6746999999984;995.6704000000241;990.8376000000062;994.244800000032;990.8376000000062;987.0619000000008;987.0619000000008;987.0619000000008;987.0619000000008;966.9924999999978;987.0619000000008;975.7944999999984;990.8376000000062;
3111.000000000071;992.8192000000399;990.8376000000062;976.2345999999984;976.6746999999984;995.6704000000241;990.8376000000062;994.244800000032;990.8376000000062;987.0619000000008;987.0619000000008;987.0619000000008;987.0619000000008;966.9924999999978;987.0619000000008;975.7944999999984;990.8376000000062;
3112.000000000071;992.8192000000399;990.8376000000062;976.2345999999984;976.6746999999984;995.6704000000241;990.8376000000062;994.244800000032;990.8376000000062;987.0619000000008;987.0619000000008;987.0619000000008;987.0619000000008;966.9924999999978;987.0619000000008;975.7944999999984;990.8376000000062;
3113.000000000071;992.8192000000399;990.8376000000062;976.2345999999984;976.6746999999984;995.6704000000241;990.8376000000062;994.244800000032;990.8376000000062;987.0619000000008;987.0619000000008;987.0619000000008;987.0619000000008;966.9924999999978;987.0619000000008;975.7944999999984;990.8376000000062;
3114.000000000071;992.8192000000399;990.8376000000062;976.2345999999984;976.6746999999984;995.6704000000241;990.8376000000062;994.244800000032;990.8376000000062;987.0619000000008;987.0619000000008;987.0619000000008;987.0619000000008;966.9924999999978;987.0619000000008;975.7944999999984;990.8376000000062;
3115.000000000071;992.8192000000399;990.8376000000062;976.2345999999984;976.6746999999984;995.6704000000241;990.8376000000062;994.244800000032;990.8376000000062;987.0619000000008;987.0619000000008;987.0619000000008;987.0619000000008;966.9924999999978;987.0619000000008;975.7944999999984;990.8376000000062;
3116.000000000071;992.8192000000399;990.8376000000062;976.2345999999984;976.6746999999984;995.6704000000241;990.8376000000062;994.244800000032;990.8376000000062;987.0619000000008;987.0619000000008;987.0619000000008;987.0619000000008;966.9924999999978;987.0619000000008;975.7944999999984;990.8376000000062;
3117.000000000071;992.8192000000399;990.8376000000062;976.2345999999984;976.6746999999984;995.6704000000241;990.8376000000062;994.244800000032;990.8376000000062;987.0619000000008;987.0619000000008;987.0619000000008;987.0619000000008;966.9924999999978;987.0619000000008;975.7944999999984;990.8376000000062;
3118.000000000071;992.8192000000399;990.8376000000062;976.2345999999984;976.6746999999984;995.6704000000241;990.8376000000062;994.244800000032;990.8376000000062;987.0619000000008;987.0619000000008;987.0619000000008;987.0619000000008;966.9924999999978;987.0619000000008;975.7944999999984;990.8376000000062;
3119.000000000071;992.8192000000399;990.8376000000062;976.2345999999984;976.6746999999984;995.6704000000241;990.8376000000062;994.244800000032;990.8376000000062;987.0619000000008;987.0619000000008;987.0619000000008;987.0619000000008;966.9924999999978;987.0619000000008;975.7944999999984;990.8376000000062;
3119.804164893954;992.8192000000399;990.8376000000062;976.2345999999984;976.6746999999984;995.6704000000241;990.8375000000062;994.244800000032;990.8376000000062;987.0619000000008;987.0619000000008;987.0619000000008;987.0619000000008;966.9924999999978;987.0619000000008;975.7944999999984;990.8376000000062;
3119.804164893954;992.8192000000399;990.8376000000062;976.2345999999984;976.6746999999984;995.6704000000241;990.7495000000063;994.244800000032;990.8376000000062;987.0619000000008;987.0619000000008;987.0619000000008;987.0619000000008;966.9924999999978;987.0619000000008;975.7944999999984;990.8376000000062;
3119.809480893954;992.81040000004;990.8376000000062;976.2345999999984;976.6746999999984;995.6704000000241;990.7495000000063;994.244800000032;990.8376000000062;987.0619000000008;987.0619000000008;987.0619000000008;987.0619000000008;966.9924999999978;987.0619000000008;975.7944999999984;990.8376000000062;
3119.809480893954;992.80160000004;990.8376000000062;976.2345999999984;976.6746999999984;995.6704000000241;990.7495000000063;994.244800000032;990.8376000000062;987.0619000000008;987.0619000000008;987.0619000000008;987.0619000000008;966.9924999999978;987.0619000000008;975.7944999999984;990.8376000000062;
3119.8147968939543;992.80160000004;990.8376000000062;976.2345999999984;976.6746999999984;995.6704000000241;990.7495000000063;994.236000000032;990.8376000000062;987.0619000000008;987.0619000000008;987.0619000000008;987.0619000000008;966.9924999999978;987.0619000000008;975.7944999999984;990.8376000000062;
3119.935923497459;992.80160000004;990.8376000000062;976.2345999999984;976.6745999999985;995.6704000000241;990.7495000000063;994.236000000032;990.8376000000062;987.0619000000008;987.0619000000008;987.0619000000008;987.0619000000008;966.9924999999978;987.0619000000008;975.7944999999984;990.8376000000062;
3119.935923497459;992.80160000004;990.8376000000062;976.2345999999984;976.2345999999984;995.6704000000241;990.7495000000063;994.236000000032;990.8376000000062;987.0619000000008;987.0619000000008;987.0619000000008;987.0619000000008;966.9924999999978;987.0619000000008;975.7944999999984;990.8376000000062;
3119.9412394974593;992.80160000004;990.8376000000062;976.2345999999984;976.2345999999984;995.6616000000241;990.7495000000063;994.236000000032;990.8376000000062;987.0619000000008;987.0619000000008;987.0619000000008;987.0619000000008;966.9924999999978;987.0619000000008;975.7944999999984;990.8376000000062;
3119.9412394974593;992.80160000004;990.8376000000062;976.2345999999984;976.2345999999984;995.6528000000242;990.7495000000063;994.236000000032;990.8376000000062;987.0619000000008;987.0619000000008;987.0619000000008;987.0619000000008;966.9924999999978;987.0619000000008;975.7944999999984;990.8376000000062;
3119.9465554974595;992.80160000004;990.8376000000062;976.2345999999984;976.2345999999984;995.6528000000242;990.7495000000063;994.2272000000321;990.8376000000062;987.0619000000008;987.0619000000008;987.0619000000008;987.0619000000008;966.9924999999978;987.0619000000008;975.7944999999984;990.8376000000062;
3119.947084875379;992.80160000004;990.8376000000062;976.2345999999984;976.2345999999984;995.6528000000242;990.7495000000063;994.2272000000321;990.8375000000062;987.0619000000008;987.0619000000008;987.0619000000008;987.0619000000008;966.9924999999978;987.0619000000008;975.7944999999984;990.8376000000062;
3119.947084875379;992.80160000004;990.8376000000062;976.2345999999984;976.2345999999984;995.6528000000242;990.7495000000063;994.2272000000321;990.7495000000063;987.0619000000008;987.0619000000008;987.0619000000008;987.0619000000008;966.9924999999978;987.0619000000008;975.7944999999984;990.8376000000062;
3120.809504233808;992.7840000000401;990.7495000000063;976.2345999999984;976.2345999999984;995.6440000000242;990.7495000000063;994.2272000000321;990.7495000000063;987.0619000000008;987.0619000000008;987.0619000000008;987.0619000000008;966.5523999999978;987.0619000000008;975.7944999999984;990.7495000000063;
3121.8095275736614;992.7752000000402;990.7495000000063;976.2345999999984;976.2345999999984;995.6352000000243;990.7495000000063;994.2096000000322;990.7495000000063;987.0619000000008;987.0619000000008;987.0619000000008;987.0619000000008;966.5523999999978;987.0619000000008;975.7944999999984;990.7495000000063;
3122.0000000000723;992.7664000000402;990.7495000000063;976.2345999999984;976.2345999999984;995.6352000000243;990.7495000000063;994.2008000000322;990.7495000000063;987.0619000000008;987.0619000000008;987.0619000000008;987.0619000000008;966.5523999999978;987.0619000000008;975.7944999999984;990.7495000000063;
3122.8095509135146;992.7664000000402;990.7495000000063;976.2345999999984;976.2345999999984;995.6352000000243;990.7495000000063;994.2008000000322;990.7495000000063;987.0619000000008;987.0619000000008;987.0619000000008;987.0619000000008;966.5523999999978;987.0619000000008;975.7944999999984;990.7495000000063;
3124.0000000000723;992.7664000000402;990.7495000000063;976.2345999999984;976.2345999999984;995.6352000000243;990.7495000000063;994.2008000000322;990.7495000000063;987.0619000000008;987.0619000000008;987.0619000000008;987.0619000000008;966.5523999999978;987.0619000000008;975.7944999999984;990.7495000000063;
3125.0000000000723;992.7664000000402;990.7495000000063;976.2345999999984;976.2345999999984;995.6352000000243;990.7495000000063;994.2008000000322;990.7495000000063;987.0619000000008;987.0619000000008;987.0619000000008;987.0619000000008;966.5523999999978;987.0619000000008;975.7944999999984;990.7495000000063;
3126.0000000000723;992.7664000000402;990.7495000000063;976.2345999999984;976.2345999999984;995.6352000000243;990.7495000000063;994.2008000000322;990.7495000000063;987.0619000000008;987.0619000000008;987.0619000000008;987.0619000000008;966.5523999999978;987.0619000000008;975.7944999999984;990.7495000000063;
3127.0000000000723;992.7664000000402;990.7495000000063;976.2345999999984;976.2345999999984;995.6352000000243;990.7495000000063;994.2008000000322;990.7495000000063;987.0619000000008;987.0619000000008;987.0619000000008;987.0619000000008;966.5523999999978;987.0619000000008;975.7944999999984;990.7495000000063;
3128.0000000000723;992.7664000000402;990.7495000000063;976.2345999999984;976.2345999999984;995.6352000000243;990.7495000000063;994.2008000000322;990.7495000000063;987.0619000000008;987.0619000000008;987.0619000000008;987.0619000000008;966.5523999999978;987.0619000000008;975.7944999999984;990.7495000000063;
3129.0000000000723;992.7664000000402;990.7495000000063;976.2345999999984;976.2345999999984;995.6352000000243;990.7495000000063;994.2008000000322;990.7495000000063;987.0619000000008;987.0619000000008;987.0619000000008;987.0619000000008;966.5523999999978;987.0619000000008;975.7944999999984;990.7495000000063;
3130.0000000000723;992.7664000000402;990.7495000000063;976.2345999999984;976.2345999999984;995.6352000000243;990.7495000000063;994.2008000000322;990.7495000000063;987.0619000000008;987.0619000000008;987.0619000000008;987.0619000000008;966.5523999999978;987.0619000000008;975.7944999999984;990.7495000000063;
3131.0000000000723;992.7664000000402;990.7495000000063;976.2345999999984;976.2345999999984;995.6352000000243;990.7495000000063;994.2008000000322;990.7495000000063;987.0619000000008;987.0619000000008;987.0619000000008;987.0619000000008;966.5523999999978;987.0619000000008;975.7944999999984;990.7495000000063;
3132.0000000000723;992.7664000000402;990.7495000000063;976.2345999999984;976.2345999999984;995.6352000000243;990.7495000000063;994.2008000000322;990.7495000000063;987.0619000000008;987.0619000000008;987.0619000000008;987.0619000000008;966.5523999999978;987.0619000000008;975.7944999999984;990.7495000000063;
3133.0000000000723;992.7664000000402;990.7495000000063;976.2345999999984;976.2345999999984;995.6352000000243;990.7495000000063;994.2008000000322;990.7495000000063;987.0619000000008;987.0619000000008;987.0619000000008;987.0619000000008;966.5523999999978;987.0619000000008;975.7944999999984;990.7495000000063;
3134.0000000000723;992.7664000000402;990.7495000000063;976.2345999999984;976.2345999999984;995.6352000000243;990.7495000000063;994.2008000000322;990.7495000000063;987.0619000000008;987.0619000000008;987.0619000000008;987.0619000000008;966.5523999999978;987.0619000000008;975.7944999999984;990.7495000000063;
3135.0000000000723;992.7664000000402;990.7495000000063;976.2345999999984;976.2345999999984;995.6352000000243;990.7495000000063;994.2008000000322;990.7495000000063;987.0619000000008;987.0619000000008;987.0619000000008;987.0619000000008;966.5523999999978;987.0619000000008;975.7944999999984;990.7495000000063;
3136.0000000000723;992.7664000000402;990.7495000000063;976.2345999999984;976.2345999999984;995.6352000000243;990.7495000000063;994.2008000000322;990.7495000000063;987.0619000000008;987.0619000000008;987.0619000000008;987.0619000000008;966.5523999999978;987.0619000000008;975.7944999999984;990.7495000000063;
3137.0000000000723;992.7664000000402;990.7495000000063;976.2345999999984;976.2345999999984;995.6352000000243;990.7495000000063;994.2008000000322;990.7495000000063;987.0619000000008;987.0619000000008;987.0619000000008;987.0619000000008;966.5523999999978;987.0619000000008;975.7944999999984;990.7495000000063;
3138.0000000000723;992.7664000000402;990.7495000000063;976.2345999999984;976.2345999999984;995.6352000000243;990.7495000000063;994.2008000000322;990.7495000000063;987.0619000000008;987.0619000000008;987.0619000000008;987.0619000000008;966.5523999999978;987.0619000000008;975.7944999999984;990.7495000000063;
3139.0000000000723;992.7664000000402;990.7495000000063;976.2345999999984;976.2345999999984;995.6352000000243;990.7495000000063;994.2008000000322;990.7495000000063;987.0619000000008;987.0619000000008;987.0619000000008;987.0619000000008;966.5523999999978;987.0619000000008;975.7944999999984;990.7495000000063;
3140.0000000000723;992.7664000000402;990.7495000000063;976.2345999999984;976.2345999999984;995.6352000000243;990.7495000000063;994.2008000000322;990.7495000000063;987.0619000000008;987.0619000000008;987.0619000000008;987.0619000000008;966.5523999999978;987.0619000000008;975.7944999999984;990.7495000000063;
3141.0000000000723;992.7664000000402;990.7495000000063;976.2345999999984;976.2345999999984;995.6352000000243;990.7495000000063;994.2008000000322;990.7495000000063;987.0619000000008;987.0619000000008;987.0619000000008;987.0619000000008;966.5523999999978;987.0619000000008;975.7944999999984;990.7495000000063;
3142.0000000000723;992.7664000000402;990.7495000000063;976.2345999999984;976.2345999999984;995.6352000000243;990.7495000000063;994.2008000000322;990.7495000000063;987.0619000000008;987.0619000000008;987.0619000000008;987.0619000000008;966.5523999999978;987.0619000000008;975.7944999999984;990.7495000000063;
3143.0000000000723;992.7664000000402;990.7495000000063;976.2345999999984;976.2345999999984;995.6352000000243;990.7495000000063;994.2008000000322;990.7495000000063;987.0619000000008;987.0619000000008;987.0619000000008;987.0619000000008;966.5523999999978;987.0619000000008;975.7944999999984;990.7495000000063;
3144.0000000000723;992.7664000000402;990.7495000000063;976.2345999999984;976.2345999999984;995.6352000000243;990.7495000000063;994.2008000000322;990.7495000000063;987.0619000000008;987.0619000000008;987.0619000000008;987.0619000000008;966.5523999999978;987.0619000000008;975.7944999999984;990.7495000000063;
3145.0000000000723;992.7664000000402;990.7495000000063;976.2345999999984;976.2345999999984;995.6352000000243;990.7495000000063;994.2008000000322;990.7495000000063;987.0619000000008;987.0619000000008;987.0619000000008;987.0619000000008;966.5523999999978;987.0619000000008;975.7944999999984;990.7495000000063;
3146.0000000000723;992.7664000000402;990.7495000000063;976.2345999999984;976.2345999999984;995.6352000000243;990.7495000000063;994.2008000000322;990.7495000000063;987.0619000000008;987.0619000000008;987.0619000000008;987.0619000000008;966.5523999999978;987.0619000000008;975.7944999999984;990.7495000000063;
3147.0000000000723;992.7664000000402;990.7495000000063;976.2345999999984;976.2345999999984;995.6352000000243;990.7495000000063;994.2008000000322;990.7495000000063;987.0619000000008;987.0619000000008;987.0619000000008;987.0619000000008;966.5523999999978;987.0619000000008;975.7944999999984;990.7495000000063;
3148.0000000000723;992.7664000000402;990.7495000000063;976.2345999999984;976.2345999999984;995.6352000000243;990.7495000000063;994.2008000000322;990.7495000000063;987.0619000000008;987.0619000000008;987.0619000000008;987.0619000000008;966.5523999999978;987.0619000000008;975.7944999999984;990.7495000000063;
3149.0000000000723;992.7664000000402;990.7495000000063;976.2345999999984;976.2345999999984;995.6352000000243;990.7495000000063;994.2008000000322;990.7495000000063;987.0619000000008;987.0619000000008;987.0619000000008;987.0619000000008;966.5523999999978;987.0619000000008;975.7944999999984;990.7495000000063;
3149.8022705838116;992.7664000000402;990.7495000000063;976.2345999999984;976.2345999999984;995.6352000000243;990.7494000000063;994.2008000000322;990.7495000000063;987.0619000000008;987.0619000000008;987.0619000000008;987.0619000000008;966.5523999999978;987.0619000000008;975.7944999999984;990.7495000000063;
3149.8022705838116;992.7664000000402;990.7495000000063;976.2345999999984;976.2345999999984;995.6352000000243;990.6614000000063;994.2008000000322;990.7495000000063;987.0619000000008;987.0619000000008;987.0619000000008;987.0619000000008;966.5523999999978;987.0619000000008;975.7944999999984;990.7495000000063;
3149.807586583812;992.7576000000403;990.7495000000063;976.2345999999984;976.2345999999984;995.6352000000243;990.6614000000063;994.2008000000322;990.7495000000063;987.0619000000008;987.0619000000008;987.0619000000008;987.0619000000008;966.5523999999978;987.0619000000008;975.7944999999984;990.7495000000063;
3149.807586583812;992.7488000000403;990.7495000000063;976.2345999999984;976.2345999999984;995.6352000000243;990.6614000000063;994.2008000000322;990.7495000000063;987.0619000000008;987.0619000000008;987.0619000000008;987.0619000000008;966.5523999999978;987.0619000000008;975.7944999999984;990.7495000000063;
3149.812902583812;992.7488000000403;990.7495000000063;976.2345999999984;976.2345999999984;995.6352000000243;990.6614000000063;994.1920000000323;990.7495000000063;987.0619000000008;987.0619000000008;987.0619000000008;987.0619000000008;966.5523999999978;987.0619000000008;975.7944999999984;990.7495000000063;
3149.830660434849;992.7488000000403;990.7495000000063;976.2344999999984;976.2345999999984;995.6352000000243;990.6614000000063;994.1920000000323;990.7495000000063;987.0619000000008;987.0619000000008;987.0619000000008;987.0619000000008;966.5523999999978;987.0619000000008;975.7944999999984;990.7495000000063;
3149.830660434849;992.7488000000403;990.7495000000063;975.7944999999984;976.2345999999984;995.6352000000243;990.6614000000063;994.1920000000323;990.7495000000063;987.0619000000008;987.0619000000008;987.0619000000008;987.0619000000008;966.5523999999978;987.0619000000008;975.7944999999984;990.7495000000063;
3149.8359764348493;992.7400000000404;990.7495000000063;975.7944999999984;976.2345999999984;995.6352000000243;990.6614000000063;994.1920000000323;990.7495000000063;987.0619000000008;987.0619000000008;987.0619000000008;987.0619000000008;966.5523999999978;987.0619000000008;975.7944999999984;990.7495000000063;
3149.9372702827004;992.7400000000404;990.7495000000063;975.7944999999984;976.2345999999984;995.6352000000243;990.6614000000063;994.1920000000323;990.7495000000063;987.0618000000009;987.0619000000008;987.0619000000008;987.0619000000008;966.5523999999978;987.0619000000008;975.7944999999984;990.7495000000063;
3149.9372702827004;992.7400000000404;990.7495000000063;975.7944999999984;976.2345999999984;995.6352000000243;990.6614000000063;994.1920000000323;990.7495000000063;986.4458000000009;987.0619000000008;987.0619000000008;987.0619000000008;966.5523999999978;987.0619000000008;975.7944999999984;990.7495000000063;
3149.9425862827006;992.7312000000404;990.7495000000063;975.7944999999984;976.2345999999984;995.6352000000243;990.6614000000063;994.1920000000323;990.7495000000063;986.4458000000009;987.0619000000008;987.0619000000008;987.0619000000008;966.5523999999978;987.0619000000008;975.7944999999984;990.7495000000063;
3149.9465687970405;992.7312000000404;990.7495000000063;975.7944999999984;976.2345999999984;995.6352000000243;990.6614000000063;994.1920000000323;990.7494000000063;986.4458000000009;987.0619000000008;987.0619000000008;987.0619000000008;966.5523999999978;987.0619000000008;975.7944999999984;990.7495000000063;
3150.000000000074;992.7136000000405;990.7495000000063;975.7944999999984;976.2345999999984;995.6088000000244;990.6614000000063;994.1832000000323;990.6614000000063;986.4458000000009;986.4458000000009;987.0619000000008;987.0619000000008;966.1122999999977;986.4458000000009;975.7944999999984;990.7495000000063;
3150.807609923667;992.7048000000406;990.6614000000063;975.7944999999984;976.2345999999984;995.5824000000246;990.6614000000063;994.1832000000323;990.6614000000063;986.4458000000009;986.4458000000009;986.4458000000009;986.4458000000009;966.1122999999977;986.4458000000009;975.3543999999983;990.6614000000063;
3151.80763326352;992.6960000000406;990.6614000000063;975.7944999999984;976.2345999999984;995.5736000000246;990.6614000000063;994.1656000000324;990.6614000000063;986.4458000000009;986.4458000000009;986.4458000000009;986.4458000000009;966.1122999999977;986.4458000000009;975.3543999999983;990.6614000000063;
3152.8076566033737;992.6872000000407;990.6614000000063;975.7944999999984;976.2345999999984;995.5648000000247;990.6614000000063;994.1480000000325;990.6614000000063;986.4458000000009;986.4458000000009;986.4458000000009;986.4458000000009;966.1122999999977;986.4458000000009;975.3543999999983;990.6614000000063;
3152.8076566033737;992.6784000000407;990.6614000000063;975.7944999999984;976.2345999999984;995.5648000000247;990.6614000000063;994.1480000000325;990.6614000000063;986.4458000000009;986.4458000000009;986.4458000000009;986.4458000000009;966.1122999999977;986.4458000000009;975.3543999999983;990.6614000000063;
3153.8076799432274;992.6784000000407;990.6614000000063;975.7944999999984;976.2345999999984;995.5560000000247;990.6614000000063;994.1304000000326;990.6614000000063;986.4458000000009;986.4458000000009;986.4458000000009;986.4458000000009;966.1122999999977;986.4458000000009;975.3543999999983;990.6614000000063;
3154.807703283081;992.6696000000408;990.6614000000063;975.7944999999984;976.2345999999984;995.5472000000248;990.6614000000063;994.1128000000327;990.6614000000063;986.4458000000009;986.4458000000009;986.4458000000009;986.4458000000009;966.1122999999977;986.4458000000009;975.3543999999983;990.6614000000063;
3154.9569041700593;992.6608000000408;990.6614000000063;975.7944999999984;976.2345999999984;995.5472000000248;990.6614000000063;994.1040000000328;990.6614000000063;986.4458000000009;986.4458000000009;986.4458000000009;986.4458000000009;966.1122999999977;986.4458000000009;975.3543999999983;990.6614000000063;
3155.8077266229343;992.6608000000408;990.6614000000063;975.7944999999984;976.2345999999984;995.5472000000248;990.6614000000063;994.1040000000328;990.6614000000063;986.4458000000009;986.4458000000009;986.4458000000009;986.4458000000009;966.1122999999977;986.4458000000009;975.3543999999983;990.6614000000063;
3157.000000000076;992.6608000000408;990.6614000000063;975.7944999999984;976.2345999999984;995.5472000000248;990.6614000000063;994.1040000000328;990.6614000000063;986.4458000000009;986.4458000000009;986.4458000000009;986.4458000000009;966.1122999999977;986.4458000000009;975.3543999999983;990.6614000000063;
3158.000000000076;992.6608000000408;990.6614000000063;975.7944999999984;976.2345999999984;995.5472000000248;990.6614000000063;994.1040000000328;990.6614000000063;986.4458000000009;986.4458000000009;986.4458000000009;986.4458000000009;966.1122999999977;986.4458000000009;975.3543999999983;990.6614000000063;
3159.000000000076;992.6608000000408;990.6614000000063;975.7944999999984;976.2345999999984;995.5472000000248;990.6614000000063;994.1040000000328;990.6614000000063;986.4458000000009;986.4458000000009;986.4458000000009;986.4458000000009;966.1122999999977;986.4458000000009;975.3543999999983;990.6614000000063;
3160.000000000076;992.6608000000408;990.6614000000063;975.7944999999984;976.2345999999984;995.5472000000248;990.6614000000063;994.1040000000328;990.6614000000063;986.4458000000009;986.4458000000009;986.4458000000009;986.4458000000009;966.1122999999977;986.4458000000009;975.3543999999983;990.6614000000063;
3161.000000000076;992.6608000000408;990.6614000000063;975.7944999999984;976.2345999999984;995.5472000000248;990.6614000000063;994.1040000000328;990.6614000000063;986.4458000000009;986.4458000000009;986.4458000000009;986.4458000000009;966.1122999999977;986.4458000000009;975.3543999999983;990.6614000000063;
3162.000000000076;992.6608000000408;990.6614000000063;975.7944999999984;976.2345999999984;995.5472000000248;990.6614000000063;994.1040000000328;990.6614000000063;986.4458000000009;986.4458000000009;986.4458000000009;986.4458000000009;966.1122999999977;986.4458000000009;975.3543999999983;990.6614000000063;
3163.000000000076;992.6608000000408;990.6614000000063;975.7944999999984;976.2345999999984;995.5472000000248;990.6614000000063;994.1040000000328;990.6614000000063;986.4458000000009;986.4458000000009;986.4458000000009;986.4458000000009;966.1122999999977;986.4458000000009;975.3543999999983;990.6614000000063;
3164.000000000076;992.6608000000408;990.6614000000063;975.7944999999984;976.2345999999984;995.5472000000248;990.6614000000063;994.1040000000328;990.6614000000063;986.4458000000009;986.4458000000009;986.4458000000009;986.4458000000009;966.1122999999977;986.4458000000009;975.3543999999983;990.6614000000063;
3165.000000000076;992.6608000000408;990.6614000000063;975.7944999999984;976.2345999999984;995.5472000000248;990.6614000000063;994.1040000000328;990.6614000000063;986.4458000000009;986.4458000000009;986.4458000000009;986.4458000000009;966.1122999999977;986.4458000000009;975.3543999999983;990.6614000000063;
3166.000000000076;992.6608000000408;990.6614000000063;975.7944999999984;976.2345999999984;995.5472000000248;990.6614000000063;994.1040000000328;990.6614000000063;986.4458000000009;986.4458000000009;986.4458000000009;986.4458000000009;966.1122999999977;986.4458000000009;975.3543999999983;990.6614000000063;
3167.000000000076;992.6608000000408;990.6614000000063;975.7944999999984;976.2345999999984;995.5472000000248;990.6614000000063;994.1040000000328;990.6614000000063;986.4458000000009;986.4458000000009;986.4458000000009;986.4458000000009;966.1122999999977;986.4458000000009;975.3543999999983;990.6614000000063;
3168.000000000076;992.6608000000408;990.6614000000063;975.7944999999984;976.2345999999984;995.5472000000248;990.6614000000063;994.1040000000328;990.6614000000063;986.4458000000009;986.4458000000009;986.4458000000009;986.4458000000009;966.1122999999977;986.4458000000009;975.3543999999983;990.6614000000063;
3169.000000000076;992.6608000000408;990.6614000000063;975.7944999999984;976.2345999999984;995.5472000000248;990.6614000000063;994.1040000000328;990.6614000000063;986.4458000000009;986.4458000000009;986.4458000000009;986.4458000000009;966.1122999999977;986.4458000000009;975.3543999999983;990.6614000000063;
3170.000000000076;992.6608000000408;990.6614000000063;975.7944999999984;976.2345999999984;995.5472000000248;990.6614000000063;994.1040000000328;990.6614000000063;986.4458000000009;986.4458000000009;986.4458000000009;986.4458000000009;966.1122999999977;986.4458000000009;975.3543999999983;990.6614000000063;
3171.000000000076;992.6608000000408;990.6614000000063;975.7944999999984;976.2345999999984;995.5472000000248;990.6614000000063;994.1040000000328;990.6614000000063;986.4458000000009;986.4458000000009;986.4458000000009;986.4458000000009;966.1122999999977;986.4458000000009;975.3543999999983;990.6614000000063;
3172.000000000076;992.6608000000408;990.6614000000063;975.7944999999984;976.2345999999984;995.5472000000248;990.6614000000063;994.1040000000328;990.6614000000063;986.4458000000009;986.4458000000009;986.4458000000009;986.4458000000009;966.1122999999977;986.4458000000009;975.3543999999983;990.6614000000063;
3173.000000000076;992.6608000000408;990.6614000000063;975.7944999999984;976.2345999999984;995.5472000000248;990.6614000000063;994.1040000000328;990.6614000000063;986.4458000000009;986.4458000000009;986.4458000000009;986.4458000000009;966.1122999999977;986.4458000000009;975.3543999999983;990.6614000000063;
3174.000000000076;992.6608000000408;990.6614000000063;975.7944999999984;976.2345999999984;995.5472000000248;990.6614000000063;994.1040000000328;990.6614000000063;986.4458000000009;986.4458000000009;986.4458000000009;986.4458000000009;966.1122999999977;986.4458000000009;975.3543999999983;990.6614000000063;
3175.000000000076;992.6608000000408;990.6614000000063;975.7944999999984;976.2345999999984;995.5472000000248;990.6614000000063;994.1040000000328;990.6614000000063;986.4458000000009;986.4458000000009;986.4458000000009;986.4458000000009;966.1122999999977;986.4458000000009;975.3543999999983;990.6614000000063;
3176.000000000076;992.6608000000408;990.6614000000063;975.7944999999984;976.2345999999984;995.5472000000248;990.6614000000063;994.1040000000328;990.6614000000063;986.4458000000009;986.4458000000009;986.4458000000009;986.4458000000009;966.1122999999977;986.4458000000009;975.3543999999983;990.6614000000063;
3177.000000000076;992.6608000000408;990.6614000000063;975.7944999999984;976.2345999999984;995.5472000000248;990.6614000000063;994.1040000000328;990.6614000000063;986.4458000000009;986.4458000000009;986.4458000000009;986.4458000000009;966.1122999999977;986.4458000000009;975.3543999999983;990.6614000000063;
3178.000000000076;992.6608000000408;990.6614000000063;975.7944999999984;976.2345999999984;995.5472000000248;990.6614000000063;994.1040000000328;990.6614000000063;986.4458000000009;986.4458000000009;986.4458000000009;986.4458000000009;966.1122999999977;986.4458000000009;975.3543999999983;990.6614000000063;
3179.000000000076;992.6608000000408;990.6614000000063;975.7944999999984;976.2345999999984;995.5472000000248;990.6614000000063;994.1040000000328;990.6614000000063;986.4458000000009;986.4458000000009;986.4458000000009;986.4458000000009;966.1122999999977;986.4458000000009;975.3543999999983;990.6614000000063;
3179.8003762736716;992.6608000000408;990.6614000000063;975.7944999999984;976.2345999999984;995.5472000000248;990.6613000000063;994.1040000000328;990.6614000000063;986.4458000000009;986.4458000000009;986.4458000000009;986.4458000000009;966.1122999999977;986.4458000000009;975.3543999999983;990.6614000000063;
3179.8003762736716;992.6608000000408;990.6614000000063;975.7944999999984;976.2345999999984;995.5472000000248;990.5733000000064;994.1040000000328;990.6614000000063;986.4458000000009;986.4458000000009;986.4458000000009;986.4458000000009;966.1122999999977;986.4458000000009;975.3543999999983;990.6614000000063;
3179.805692273672;992.6520000000409;990.6614000000063;975.7944999999984;976.2345999999984;995.5472000000248;990.5733000000064;994.1040000000328;990.6614000000063;986.4458000000009;986.4458000000009;986.4458000000009;986.4458000000009;966.1122999999977;986.4458000000009;975.3543999999983;990.6614000000063;
3179.805692273672;992.6432000000409;990.6614000000063;975.7944999999984;976.2345999999984;995.5472000000248;990.5733000000064;994.1040000000328;990.6614000000063;986.4458000000009;986.4458000000009;986.4458000000009;986.4458000000009;966.1122999999977;986.4458000000009;975.3543999999983;990.6614000000063;
3179.811008273672;992.6432000000409;990.6614000000063;975.7944999999984;976.2345999999984;995.5472000000248;990.5733000000064;994.0952000000328;990.6614000000063;986.4458000000009;986.4458000000009;986.4458000000009;986.4458000000009;966.1122999999977;986.4458000000009;975.3543999999983;990.6614000000063;
3179.9346863997653;992.6432000000409;990.6614000000063;975.7944999999984;976.2344999999984;995.5472000000248;990.5733000000064;994.0952000000328;990.6614000000063;986.4458000000009;986.4458000000009;986.4458000000009;986.4458000000009;966.1122999999977;986.4458000000009;975.3543999999983;990.6614000000063;
3179.9346863997653;992.6432000000409;990.6614000000063;975.7944999999984;975.7944999999984;995.5472000000248;990.5733000000064;994.0952000000328;990.6614000000063;986.4458000000009;986.4458000000009;986.4458000000009;986.4458000000009;966.1122999999977;986.4458000000009;975.3543999999983;990.6614000000063;
3179.9400023997655;992.6432000000409;990.6614000000063;975.7944999999984;975.7944999999984;995.5384000000248;990.5733000000064;994.0952000000328;990.6614000000063;986.4458000000009;986.4458000000009;986.4458000000009;986.4458000000009;966.1122999999977;986.4458000000009;975.3543999999983;990.6614000000063;
3179.9400023997655;992.6432000000409;990.6614000000063;975.7944999999984;975.7944999999984;995.5296000000249;990.5733000000064;994.0952000000328;990.6614000000063;986.4458000000009;986.4458000000009;986.4458000000009;986.4458000000009;966.1122999999977;986.4458000000009;975.3543999999983;990.6614000000063;
3179.9453183997657;992.6432000000409;990.6614000000063;975.7944999999984;975.7944999999984;995.5296000000249;990.5733000000064;994.0864000000329;990.6614000000063;986.4458000000009;986.4458000000009;986.4458000000009;986.4458000000009;966.1122999999977;986.4458000000009;975.3543999999983;990.6614000000063;
3179.946052718705;992.6432000000409;990.6614000000063;975.7944999999984;975.7944999999984;995.5296000000249;990.5733000000064;994.0864000000329;990.6613000000063;986.4458000000009;986.4458000000009;986.4458000000009;986.4458000000009;966.1122999999977;986.4458000000009;975.3543999999983;990.6614000000063;
3180.805715613526;992.625600000041;990.5733000000064;975.7944999999984;975.7944999999984;995.5208000000249;990.5733000000064;994.0864000000329;990.5733000000064;986.4458000000009;986.4458000000009;986.4458000000009;986.4458000000009;965.6721999999977;986.4458000000009;975.3543999999983;990.5733000000064;
3180.805715613526;992.616800000041;990.5733000000064;975.7944999999984;975.7944999999984;995.5208000000249;990.5733000000064;994.0864000000329;990.5733000000064;986.4458000000009;986.4458000000009;986.4458000000009;986.4458000000009;965.6721999999977;986.4458000000009;975.3543999999983;990.5733000000064;
3181.8057389533797;992.616800000041;990.5733000000064;975.7944999999984;975.7944999999984;995.512000000025;990.5733000000064;994.068800000033;990.5733000000064;986.4458000000009;986.4458000000009;986.4458000000009;986.4458000000009;965.6721999999977;986.4458000000009;975.3543999999983;990.5733000000064;
3182.8057622932333;992.6080000000411;990.5733000000064;975.7944999999984;975.7944999999984;995.512000000025;990.5733000000064;994.060000000033;990.5733000000064;986.4458000000009;986.4458000000009;986.4458000000009;986.4458000000009;965.6721999999977;986.4458000000009;975.3543999999983;990.5733000000064;
3183.000000000078;992.6080000000411;990.5733000000064;975.7944999999984;975.7944999999984;995.512000000025;990.5733000000064;994.060000000033;990.5733000000064;986.4458000000009;986.4458000000009;986.4458000000009;986.4458000000009;965.6721999999977;986.4458000000009;975.3543999999983;990.5733000000064;
3184.000000000078;992.6080000000411;990.5733000000064;975.7944999999984;975.7944999999984;995.512000000025;990.5733000000064;994.060000000033;990.5733000000064;986.4458000000009;986.4458000000009;986.4458000000009;986.4458000000009;965.6721999999977;986.4458000000009;975.3543999999983;990.5733000000064;
3185.000000000078;992.6080000000411;990.5733000000064;975.7944999999984;975.7944999999984;995.512000000025;990.5733000000064;994.060000000033;990.5733000000064;986.4458000000009;986.4458000000009;986.4458000000009;986.4458000000009;965.6721999999977;986.4458000000009;975.3543999999983;990.5733000000064;
3186.000000000078;992.6080000000411;990.5733000000064;975.7944999999984;975.7944999999984;995.512000000025;990.5733000000064;994.060000000033;990.5733000000064;986.4458000000009;986.4458000000009;986.4458000000009;986.4458000000009;965.6721999999977;986.4458000000009;975.3543999999983;990.5733000000064;
3187.000000000078;992.6080000000411;990.5733000000064;975.7944999999984;975.7944999999984;995.512000000025;990.5733000000064;994.060000000033;990.5733000000064;986.4458000000009;986.4458000000009;986.4458000000009;986.4458000000009;965.6721999999977;986.4458000000009;975.3543999999983;990.5733000000064;
3188.000000000078;992.6080000000411;990.5733000000064;975.7944999999984;975.7944999999984;995.512000000025;990.5733000000064;994.060000000033;990.5733000000064;986.4458000000009;986.4458000000009;986.4458000000009;986.4458000000009;965.6721999999977;986.4458000000009;975.3543999999983;990.5733000000064;
3189.000000000078;992.6080000000411;990.5733000000064;975.7944999999984;975.7944999999984;995.512000000025;990.5733000000064;994.060000000033;990.5733000000064;986.4458000000009;986.4458000000009;986.4458000000009;986.4458000000009;965.6721999999977;986.4458000000009;975.3543999999983;990.5733000000064;
3190.000000000078;992.6080000000411;990.5733000000064;975.7944999999984;975.7944999999984;995.512000000025;990.5733000000064;994.060000000033;990.5733000000064;986.4458000000009;986.4458000000009;986.4458000000009;986.4458000000009;965.6721999999977;986.4458000000009;975.3543999999983;990.5733000000064;
3191.000000000078;992.6080000000411;990.5733000000064;975.7944999999984;975.7944999999984;995.512000000025;990.5733000000064;994.060000000033;990.5733000000064;986.4458000000009;986.4458000000009;986.4458000000009;986.4458000000009;965.6721999999977;986.4458000000009;975.3543999999983;990.5733000000064;
3192.000000000078;992.6080000000411;990.5733000000064;975.7944999999984;975.7944999999984;995.512000000025;990.5733000000064;994.060000000033;990.5733000000064;986.4458000000009;986.4458000000009;986.4458000000009;986.4458000000009;965.6721999999977;986.4458000000009;975.3543999999983;990.5733000000064;
3193.000000000078;992.6080000000411;990.5733000000064;975.7944999999984;975.7944999999984;995.512000000025;990.5733000000064;994.060000000033;990.5733000000064;986.4458000000009;986.4458000000009;986.4458000000009;986.4458000000009;965.6721999999977;986.4458000000009;975.3543999999983;990.5733000000064;
3194.000000000078;992.6080000000411;990.5733000000064;975.7944999999984;975.7944999999984;995.512000000025;990.5733000000064;994.060000000033;990.5733000000064;986.4458000000009;986.4458000000009;986.4458000000009;986.4458000000009;965.6721999999977;986.4458000000009;975.3543999999983;990.5733000000064;
3195.000000000078;992.6080000000411;990.5733000000064;975.7944999999984;975.7944999999984;995.512000000025;990.5733000000064;994.060000000033;990.5733000000064;986.4458000000009;986.4458000000009;986.4458000000009;986.4458000000009;965.6721999999977;986.4458000000009;975.3543999999983;990.5733000000064;
3196.000000000078;992.6080000000411;990.5733000000064;975.7944999999984;975.7944999999984;995.512000000025;990.5733000000064;994.060000000033;990.5733000000064;986.4458000000009;986.4458000000009;986.4458000000009;986.4458000000009;965.6721999999977;986.4458000000009;975.3543999999983;990.5733000000064;
3197.000000000078;992.6080000000411;990.5733000000064;975.7944999999984;975.7944999999984;995.512000000025;990.5733000000064;994.060000000033;990.5733000000064;986.4458000000009;986.4458000000009;986.4458000000009;986.4458000000009;965.6721999999977;986.4458000000009;975.3543999999983;990.5733000000064;
3198.000000000078;992.6080000000411;990.5733000000064;975.7944999999984;975.7944999999984;995.512000000025;990.5733000000064;994.060000000033;990.5733000000064;986.4458000000009;986.4458000000009;986.4458000000009;986.4458000000009;965.6721999999977;986.4458000000009;975.3543999999983;990.5733000000064;
3199.000000000078;992.6080000000411;990.5733000000064;975.7944999999984;975.7944999999984;995.512000000025;990.5733000000064;994.060000000033;990.5733000000064;986.4458000000009;986.4458000000009;986.4458000000009;986.4458000000009;965.6721999999977;986.4458000000009;975.3543999999983;990.5733000000064;
3200.000000000078;992.6080000000411;990.5733000000064;975.7944999999984;975.7944999999984;995.512000000025;990.5733000000064;994.060000000033;990.5733000000064;986.4458000000009;986.4458000000009;986.4458000000009;986.4458000000009;965.6721999999977;986.4458000000009;975.3543999999983;990.5733000000064;
3201.000000000078;992.6080000000411;990.5733000000064;975.7944999999984;975.7944999999984;995.512000000025;990.5733000000064;994.060000000033;990.5733000000064;986.4458000000009;986.4458000000009;986.4458000000009;986.4458000000009;965.6721999999977;986.4458000000009;975.3543999999983;990.5733000000064;
3202.000000000078;992.6080000000411;990.5733000000064;975.7944999999984;975.7944999999984;995.512000000025;990.5733000000064;994.060000000033;990.5733000000064;986.4458000000009;986.4458000000009;986.4458000000009;986.4458000000009;965.6721999999977;986.4458000000009;975.3543999999983;990.5733000000064;
3203.000000000078;992.6080000000411;990.5733000000064;975.7944999999984;975.7944999999984;995.512000000025;990.5733000000064;994.060000000033;990.5733000000064;986.4458000000009;986.4458000000009;986.4458000000009;986.4458000000009;965.6721999999977;986.4458000000009;975.3543999999983;990.5733000000064;
3204.000000000078;992.6080000000411;990.5733000000064;975.7944999999984;975.7944999999984;995.512000000025;990.5733000000064;994.060000000033;990.5733000000064;986.4458000000009;986.4458000000009;986.4458000000009;986.4458000000009;965.6721999999977;986.4458000000009;975.3543999999983;990.5733000000064;
3205.000000000078;992.6080000000411;990.5733000000064;975.7944999999984;975.7944999999984;995.512000000025;990.5733000000064;994.060000000033;990.5733000000064;986.4458000000009;986.4458000000009;986.4458000000009;986.4458000000009;965.6721999999977;986.4458000000009;975.3543999999983;990.5733000000064;
3206.000000000078;992.6080000000411;990.5733000000064;975.7944999999984;975.7944999999984;995.512000000025;990.5733000000064;994.060000000033;990.5733000000064;986.4458000000009;986.4458000000009;986.4458000000009;986.4458000000009;965.6721999999977;986.4458000000009;975.3543999999983;990.5733000000064;
3207.000000000078;992.6080000000411;990.5733000000064;975.7944999999984;975.7944999999984;995.512000000025;990.5733000000064;994.060000000033;990.5733000000064;986.4458000000009;986.4458000000009;986.4458000000009;986.4458000000009;965.6721999999977;986.4458000000009;975.3543999999983;990.5733000000064;
3208.000000000078;992.6080000000411;990.5733000000064;975.7944999999984;975.7944999999984;995.512000000025;990.5733000000064;994.060000000033;990.5733000000064;986.4458000000009;986.4458000000009;986.4458000000009;986.4458000000009;965.6721999999977;986.4458000000009;975.3543999999983;990.5733000000064;
3209.000000000078;992.6080000000411;990.5733000000064;975.7944999999984;975.7944999999984;995.512000000025;990.5733000000064;994.060000000033;990.5733000000064;986.4458000000009;986.4458000000009;986.4458000000009;986.4458000000009;965.6721999999977;986.4458000000009;975.3543999999983;990.5733000000064;
3209.7984819635303;992.6080000000411;990.5733000000064;975.7944999999984;975.7944999999984;995.512000000025;990.5732000000064;994.060000000033;990.5733000000064;986.4458000000009;986.4458000000009;986.4458000000009;986.4458000000009;965.6721999999977;986.4458000000009;975.3543999999983;990.5733000000064;
3209.7984819635303;992.6080000000411;990.5733000000064;975.7944999999984;975.7944999999984;995.512000000025;990.4852000000064;994.060000000033;990.5733000000064;986.4458000000009;986.4458000000009;986.4458000000009;986.4458000000009;965.6721999999977;986.4458000000009;975.3543999999983;990.5733000000064;
3209.8037979635305;992.5992000000412;990.5733000000064;975.7944999999984;975.7944999999984;995.512000000025;990.4852000000064;994.060000000033;990.5733000000064;986.4458000000009;986.4458000000009;986.4458000000009;986.4458000000009;965.6721999999977;986.4458000000009;975.3543999999983;990.5733000000064;
3209.8037979635305;992.5904000000412;990.5733000000064;975.7944999999984;975.7944999999984;995.512000000025;990.4852000000064;994.060000000033;990.5733000000064;986.4458000000009;986.4458000000009;986.4458000000009;986.4458000000009;965.6721999999977;986.4458000000009;975.3543999999983;990.5733000000064;
3209.8091139635308;992.5904000000412;990.5733000000064;975.7944999999984;975.7944999999984;995.512000000025;990.4852000000064;994.0512000000331;990.5733000000064;986.4458000000009;986.4458000000009;986.4458000000009;986.4458000000009;965.6721999999977;986.4458000000009;975.3543999999983;990.5733000000064;
3209.8273157583862;992.5904000000412;990.5733000000064;975.7943999999984;975.7944999999984;995.512000000025;990.4852000000064;994.0512000000331;990.5733000000064;986.4458000000009;986.4458000000009;986.4458000000009;986.4458000000009;965.6721999999977;986.4458000000009;975.3543999999983;990.5733000000064;
3209.8273157583862;992.5904000000412;990.5733000000064;975.3543999999983;975.7944999999984;995.512000000025;990.4852000000064;994.0512000000331;990.5733000000064;986.4458000000009;986.4458000000009;986.4458000000009;986.4458000000009;965.6721999999977;986.4458000000009;975.3543999999983;990.5733000000064;
3209.8326317583865;992.5816000000412;990.5733000000064;975.3543999999983;975.7944999999984;995.512000000025;990.4852000000064;994.0512000000331;990.5733000000064;986.4458000000009;986.4458000000009;986.4458000000009;986.4458000000009;965.6721999999977;986.4458000000009;975.3543999999983;990.5733000000064;
3209.934067850918;992.5816000000412;990.5733000000064;975.3543999999983;975.7943999999984;995.512000000025;990.4852000000064;994.0512000000331;990.5733000000064;986.4458000000009;986.4458000000009;986.4458000000009;986.4458000000009;965.6721999999977;986.4458000000009;975.3543999999983;990.5733000000064;
3209.934067850918;992.5816000000412;990.5733000000064;975.3543999999983;975.3543999999983;995.512000000025;990.4852000000064;994.0512000000331;990.5733000000064;986.4458000000009;986.4458000000009;986.4458000000009;986.4458000000009;965.6721999999977;986.4458000000009;975.3543999999983;990.5733000000064;
3209.939383850918;992.5816000000412;990.5733000000064;975.3543999999983;975.3543999999983;995.503200000025;990.4852000000064;994.0512000000331;990.5733000000064;986.4458000000009;986.4458000000009;986.4458000000009;986.4458000000009;965.6721999999977;986.4458000000009;975.3543999999983;990.5733000000064;
3209.939383850918;992.5816000000412;990.5733000000064;975.3543999999983;975.3543999999983;995.494400000025;990.4852000000064;994.0512000000331;990.5733000000064;986.4458000000009;986.4458000000009;986.4458000000009;986.4458000000009;965.6721999999977;986.4458000000009;975.3543999999983;990.5733000000064;
3210.803821303385;992.5640000000413;990.4852000000064;975.3543999999983;975.3543999999983;995.4768000000252;990.4852000000064;994.0424000000331;990.4852000000064;986.4458000000009;986.4458000000009;986.4458000000009;986.4458000000009;965.2320999999977;986.4458000000009;974.9142999999983;990.4852000000064;
3210.939401885428;992.5552000000414;990.4852000000064;975.3543999999983;975.3543999999983;995.4768000000252;990.4852000000064;994.0336000000332;990.4852000000064;986.4458000000009;986.4458000000009;986.4458000000009;986.4458000000009;965.2320999999977;986.4458000000009;974.9142999999983;990.4852000000064;
3211.803844643239;992.5552000000414;990.4852000000064;975.3543999999983;975.3543999999983;995.4680000000252;990.4852000000064;994.0248000000332;990.4852000000064;986.4458000000009;986.4458000000009;986.4458000000009;986.4458000000009;965.2320999999977;986.4458000000009;974.9142999999983;990.4852000000064;
3212.8038679830925;992.5464000000414;990.4852000000064;975.3543999999983;975.3543999999983;995.4592000000252;990.4852000000064;994.0072000000333;990.4852000000064;986.4458000000009;986.4458000000009;986.4458000000009;986.4458000000009;965.2320999999977;986.4458000000009;974.9142999999983;990.4852000000064;
3213.0000000000814;992.5376000000415;990.4852000000064;975.3543999999983;975.3543999999983;995.4592000000252;990.4852000000064;993.9984000000334;990.4852000000064;986.4458000000009;986.4458000000009;986.4458000000009;986.4458000000009;965.2320999999977;986.4458000000009;974.9142999999983;990.4852000000064;
3213.803891322946;992.5376000000415;990.4852000000064;975.3543999999983;975.3543999999983;995.4592000000252;990.4852000000064;993.9984000000334;990.4852000000064;986.4458000000009;986.4458000000009;986.4458000000009;986.4458000000009;965.2320999999977;986.4458000000009;974.9142999999983;990.4852000000064;
3215.0000000000814;992.5376000000415;990.4852000000064;975.3543999999983;975.3543999999983;995.4592000000252;990.4852000000064;993.9984000000334;990.4852000000064;986.4458000000009;986.4458000000009;986.4458000000009;986.4458000000009;965.2320999999977;986.4458000000009;974.9142999999983;990.4852000000064;
3216.0000000000814;992.5376000000415;990.4852000000064;975.3543999999983;975.3543999999983;995.4592000000252;990.4852000000064;993.9984000000334;990.4852000000064;986.4458000000009;986.4458000000009;986.4458000000009;986.4458000000009;965.2320999999977;986.4458000000009;974.9142999999983;990.4852000000064;
3217.0000000000814;992.5376000000415;990.4852000000064;975.3543999999983;975.3543999999983;995.4592000000252;990.4852000000064;993.9984000000334;990.4852000000064;986.4458000000009;986.4458000000009;986.4458000000009;986.4458000000009;965.2320999999977;986.4458000000009;974.9142999999983;990.4852000000064;
3218.0000000000814;992.5376000000415;990.4852000000064;975.3543999999983;975.3543999999983;995.4592000000252;990.4852000000064;993.9984000000334;990.4852000000064;986.4458000000009;986.4458000000009;986.4458000000009;986.4458000000009;965.2320999999977;986.4458000000009;974.9142999999983;990.4852000000064;
3219.0000000000814;992.5376000000415;990.4852000000064;975.3543999999983;975.3543999999983;995.4592000000252;990.4852000000064;993.9984000000334;990.4852000000064;986.4458000000009;986.4458000000009;986.4458000000009;986.4458000000009;965.2320999999977;986.4458000000009;974.9142999999983;990.4852000000064;
3220.0000000000814;992.5376000000415;990.4852000000064;975.3543999999983;975.3543999999983;995.4592000000252;990.4852000000064;993.9984000000334;990.4852000000064;986.4458000000009;986.4458000000009;986.4458000000009;986.4458000000009;965.2320999999977;986.4458000000009;974.9142999999983;990.4852000000064;
3221.0000000000814;992.5376000000415;990.4852000000064;975.3543999999983;975.3543999999983;995.4592000000252;990.4852000000064;993.9984000000334;990.4852000000064;986.4458000000009;986.4458000000009;986.4458000000009;986.4458000000009;965.2320999999977;986.4458000000009;974.9142999999983;990.4852000000064;
3222.0000000000814;992.5376000000415;990.4852000000064;975.3543999999983;975.3543999999983;995.4592000000252;990.4852000000064;993.9984000000334;990.4852000000064;986.4458000000009;986.4458000000009;986.4458000000009;986.4458000000009;965.2320999999977;986.4458000000009;974.9142999999983;990.4852000000064;
3223.0000000000814;992.5376000000415;990.4852000000064;975.3543999999983;975.3543999999983;995.4592000000252;990.4852000000064;993.9984000000334;990.4852000000064;986.4458000000009;986.4458000000009;986.4458000000009;986.4458000000009;965.2320999999977;986.4458000000009;974.9142999999983;990.4852000000064;
3224.0000000000814;992.5376000000415;990.4852000000064;975.3543999999983;975.3543999999983;995.4592000000252;990.4852000000064;993.9984000000334;990.4852000000064;986.4458000000009;986.4458000000009;986.4458000000009;986.4458000000009;965.2320999999977;986.4458000000009;974.9142999999983;990.4852000000064;
3225.0000000000814;992.5376000000415;990.4852000000064;975.3543999999983;975.3543999999983;995.4592000000252;990.4852000000064;993.9984000000334;990.4852000000064;986.4458000000009;986.4458000000009;986.4458000000009;986.4458000000009;965.2320999999977;986.4458000000009;974.9142999999983;990.4852000000064;
3226.0000000000814;992.5376000000415;990.4852000000064;975.3543999999983;975.3543999999983;995.4592000000252;990.4852000000064;993.9984000000334;990.4852000000064;986.4458000000009;986.4458000000009;986.4458000000009;986.4458000000009;965.2320999999977;986.4458000000009;974.9142999999983;990.4852000000064;
3227.0000000000814;992.5376000000415;990.4852000000064;975.3543999999983;975.3543999999983;995.4592000000252;990.4852000000064;993.9984000000334;990.4852000000064;986.4458000000009;986.4458000000009;986.4458000000009;986.4458000000009;965.2320999999977;986.4458000000009;974.9142999999983;990.4852000000064;
3228.0000000000814;992.5376000000415;990.4852000000064;975.3543999999983;975.3543999999983;995.4592000000252;990.4852000000064;993.9984000000334;990.4852000000064;986.4458000000009;986.4458000000009;986.4458000000009;986.4458000000009;965.2320999999977;986.4458000000009;974.9142999999983;990.4852000000064;
3229.0000000000814;992.5376000000415;990.4852000000064;975.3543999999983;975.3543999999983;995.4592000000252;990.4852000000064;993.9984000000334;990.4852000000064;986.4458000000009;986.4458000000009;986.4458000000009;986.4458000000009;965.2320999999977;986.4458000000009;974.9142999999983;990.4852000000064;
3230.0000000000814;992.5376000000415;990.4852000000064;975.3543999999983;975.3543999999983;995.4592000000252;990.4852000000064;993.9984000000334;990.4852000000064;986.4458000000009;986.4458000000009;986.4458000000009;986.4458000000009;965.2320999999977;986.4458000000009;974.9142999999983;990.4852000000064;
3231.0000000000814;992.5376000000415;990.4852000000064;975.3543999999983;975.3543999999983;995.4592000000252;990.4852000000064;993.9984000000334;990.4852000000064;986.4458000000009;986.4458000000009;986.4458000000009;986.4458000000009;965.2320999999977;986.4458000000009;974.9142999999983;990.4852000000064;
3232.0000000000814;992.5376000000415;990.4852000000064;975.3543999999983;975.3543999999983;995.4592000000252;990.4852000000064;993.9984000000334;990.4852000000064;986.4458000000009;986.4458000000009;986.4458000000009;986.4458000000009;965.2320999999977;986.4458000000009;974.9142999999983;990.4852000000064;
3233.0000000000814;992.5376000000415;990.4852000000064;975.3543999999983;975.3543999999983;995.4592000000252;990.4852000000064;993.9984000000334;990.4852000000064;986.4458000000009;986.4458000000009;986.4458000000009;986.4458000000009;965.2320999999977;986.4458000000009;974.9142999999983;990.4852000000064;
3234.0000000000814;992.5376000000415;990.4852000000064;975.3543999999983;975.3543999999983;995.4592000000252;990.4852000000064;993.9984000000334;990.4852000000064;986.4458000000009;986.4458000000009;986.4458000000009;986.4458000000009;965.2320999999977;986.4458000000009;974.9142999999983;990.4852000000064;
3235.0000000000814;992.5376000000415;990.4852000000064;975.3543999999983;975.3543999999983;995.4592000000252;990.4852000000064;993.9984000000334;990.4852000000064;986.4458000000009;986.4458000000009;986.4458000000009;986.4458000000009;965.2320999999977;986.4458000000009;974.9142999999983;990.4852000000064;
3236.0000000000814;992.5376000000415;990.4852000000064;975.3543999999983;975.3543999999983;995.4592000000252;990.4852000000064;993.9984000000334;990.4852000000064;986.4458000000009;986.4458000000009;986.4458000000009;986.4458000000009;965.2320999999977;986.4458000000009;974.9142999999983;990.4852000000064;
3237.0000000000814;992.5376000000415;990.4852000000064;975.3543999999983;975.3543999999983;995.4592000000252;990.4852000000064;993.9984000000334;990.4852000000064;986.4458000000009;986.4458000000009;986.4458000000009;986.4458000000009;965.2320999999977;986.4458000000009;974.9142999999983;990.4852000000064;
3238.0000000000814;992.5376000000415;990.4852000000064;975.3543999999983;975.3543999999983;995.4592000000252;990.4852000000064;993.9984000000334;990.4852000000064;986.4458000000009;986.4458000000009;986.4458000000009;986.4458000000009;965.2320999999977;986.4458000000009;974.9142999999983;990.4852000000064;
3239.0000000000814;992.5376000000415;990.4852000000064;975.3543999999983;975.3543999999983;995.4592000000252;990.4852000000064;993.9984000000334;990.4852000000064;986.4458000000009;986.4458000000009;986.4458000000009;986.4458000000009;965.2320999999977;986.4458000000009;974.9142999999983;990.4852000000064;
3239.79658765339;992.5376000000415;990.4852000000064;975.3543999999983;975.3543999999983;995.4592000000252;990.4851000000065;993.9984000000334;990.4852000000064;986.4458000000009;986.4458000000009;986.4458000000009;986.4458000000009;965.2320999999977;986.4458000000009;974.9142999999983;990.4852000000064;
3239.79658765339;992.5376000000415;990.4852000000064;975.3543999999983;975.3543999999983;995.4592000000252;990.3971000000065;993.9984000000334;990.4852000000064;986.4458000000009;986.4458000000009;986.4458000000009;986.4458000000009;965.2320999999977;986.4458000000009;974.9142999999983;990.4852000000064;
3239.80190365339;992.5288000000415;990.4852000000064;975.3543999999983;975.3543999999983;995.4592000000252;990.3971000000065;993.9984000000334;990.4852000000064;986.4458000000009;986.4458000000009;986.4458000000009;986.4458000000009;965.2320999999977;986.4458000000009;974.9142999999983;990.4852000000064;
3239.80190365339;992.5200000000416;990.4852000000064;975.3543999999983;975.3543999999983;995.4592000000252;990.3971000000065;993.9984000000334;990.4852000000064;986.4458000000009;986.4458000000009;986.4458000000009;986.4458000000009;965.2320999999977;986.4458000000009;974.9142999999983;990.4852000000064;
3239.8072196533903;992.5200000000416;990.4852000000064;975.3543999999983;975.3543999999983;995.4592000000252;990.3971000000065;993.9896000000334;990.4852000000064;986.4458000000009;986.4458000000009;986.4458000000009;986.4458000000009;965.2320999999977;986.4458000000009;974.9142999999983;990.4852000000064;
3239.9450205620305;992.5200000000416;990.4852000000064;975.3543999999983;975.3543999999983;995.4592000000252;990.3971000000065;993.9896000000334;990.4851000000065;986.4458000000009;986.4458000000009;986.4458000000009;986.4458000000009;965.2320999999977;986.4458000000009;974.9142999999983;990.4852000000064;
3239.9450205620305;992.5200000000416;990.4852000000064;975.3543999999983;975.3543999999983;995.4592000000252;990.3971000000065;993.9896000000334;990.3971000000065;986.4458000000009;986.4458000000009;986.4458000000009;986.4458000000009;965.2320999999977;986.4458000000009;974.9142999999983;990.4852000000064;
3239.9500688707553;992.5200000000416;990.4852000000064;975.3543999999983;975.3543999999983;995.4592000000252;990.3971000000065;993.9896000000334;990.3971000000065;986.4458000000009;986.4458000000009;986.4458000000009;986.4458000000009;965.2319999999977;986.4458000000009;974.9142999999983;990.4852000000064;
3239.9500688707553;992.5200000000416;990.4852000000064;975.3543999999983;975.3543999999983;995.4592000000252;990.3971000000065;993.9896000000334;990.3971000000065;986.4458000000009;986.4458000000009;986.4458000000009;986.4458000000009;964.7919999999976;986.4458000000009;974.9142999999983;990.4852000000064;
3239.9503365620308;992.5112000000416;990.4852000000064;975.3543999999983;975.3543999999983;995.4592000000252;990.3971000000065;993.9896000000334;990.3971000000065;986.4458000000009;986.4458000000009;986.4458000000009;986.4458000000009;964.7919999999976;986.4458000000009;974.9142999999983;990.4852000000064;
3239.9553848707556;992.5112000000416;990.4852000000064;975.3543999999983;975.3543999999983;995.4504000000253;990.3971000000065;993.9896000000334;990.3971000000065;986.4458000000009;986.4458000000009;986.4458000000009;986.4458000000009;964.7919999999976;986.4458000000009;974.9142999999983;990.4852000000064;
3239.9553848707556;992.5112000000416;990.4852000000064;975.3543999999983;975.3543999999983;995.4416000000253;990.3971000000065;993.9896000000334;990.3971000000065;986.4458000000009;986.4458000000009;986.4458000000009;986.4458000000009;964.7919999999976;986.4458000000009;974.9142999999983;990.4852000000064;
3240.801926993244;992.5024000000417;990.3971000000065;975.3543999999983;975.3543999999983;995.4416000000253;990.3971000000065;993.9808000000335;990.3971000000065;986.4458000000009;986.4458000000009;986.4458000000009;986.4458000000009;964.7919999999976;986.4458000000009;974.9142999999983;990.3971000000065;
3241.0000000000828;992.4936000000417;990.3971000000065;975.3543999999983;975.3543999999983;995.4416000000253;990.3971000000065;993.9720000000335;990.3971000000065;986.4458000000009;986.4458000000009;986.4458000000009;986.4458000000009;964.7919999999976;986.4458000000009;974.9142999999983;990.3971000000065;
3241.8019503330975;992.4936000000417;990.3971000000065;975.3543999999983;975.3543999999983;995.4416000000253;990.3971000000065;993.9720000000335;990.3971000000065;986.4458000000009;986.4458000000009;986.4458000000009;986.4458000000009;964.7919999999976;986.4458000000009;974.9142999999983;990.3971000000065;
3242.801973672951;992.4848000000418;990.3971000000065;975.3543999999983;975.3543999999983;995.4416000000253;990.3971000000065;993.9632000000336;990.3971000000065;986.4458000000009;986.4458000000009;986.4458000000009;986.4458000000009;964.7919999999976;986.4458000000009;974.9142999999983;990.3971000000065;
3244.000000000083;992.4848000000418;990.3971000000065;975.3543999999983;975.3543999999983;995.4416000000253;990.3971000000065;993.9632000000336;990.3971000000065;986.4458000000009;986.4458000000009;986.4458000000009;986.4458000000009;964.7919999999976;986.4458000000009;974.9142999999983;990.3971000000065;
3245.000000000083;992.4848000000418;990.3971000000065;975.3543999999983;975.3543999999983;995.4416000000253;990.3971000000065;993.9632000000336;990.3971000000065;986.4458000000009;986.4458000000009;986.4458000000009;986.4458000000009;964.7919999999976;986.4458000000009;974.9142999999983;990.3971000000065;
3246.000000000083;992.4848000000418;990.3971000000065;975.3543999999983;975.3543999999983;995.4416000000253;990.3971000000065;993.9632000000336;990.3971000000065;986.4458000000009;986.4458000000009;986.4458000000009;986.4458000000009;964.7919999999976;986.4458000000009;974.9142999999983;990.3971000000065;
3247.000000000083;992.4848000000418;990.3971000000065;975.3543999999983;975.3543999999983;995.4416000000253;990.3971000000065;993.9632000000336;990.3971000000065;986.4458000000009;986.4458000000009;986.4458000000009;986.4458000000009;964.7919999999976;986.4458000000009;974.9142999999983;990.3971000000065;
3248.000000000083;992.4848000000418;990.3971000000065;975.3543999999983;975.3543999999983;995.4416000000253;990.3971000000065;993.9632000000336;990.3971000000065;986.4458000000009;986.4458000000009;986.4458000000009;986.4458000000009;964.7919999999976;986.4458000000009;974.9142999999983;990.3971000000065;
3249.000000000083;992.4848000000418;990.3971000000065;975.3543999999983;975.3543999999983;995.4416000000253;990.3971000000065;993.9632000000336;990.3971000000065;986.4458000000009;986.4458000000009;986.4458000000009;986.4458000000009;964.7919999999976;986.4458000000009;974.9142999999983;990.3971000000065;
3250.000000000083;992.4848000000418;990.3971000000065;975.3543999999983;975.3543999999983;995.4416000000253;990.3971000000065;993.9632000000336;990.3971000000065;986.4458000000009;986.4458000000009;986.4458000000009;986.4458000000009;964.7919999999976;986.4458000000009;974.9142999999983;990.3971000000065;
3251.000000000083;992.4848000000418;990.3971000000065;975.3543999999983;975.3543999999983;995.4416000000253;990.3971000000065;993.9632000000336;990.3971000000065;986.4458000000009;986.4458000000009;986.4458000000009;986.4458000000009;964.7919999999976;986.4458000000009;974.9142999999983;990.3971000000065;
3252.000000000083;992.4848000000418;990.3971000000065;975.3543999999983;975.3543999999983;995.4416000000253;990.3971000000065;993.9632000000336;990.3971000000065;986.4458000000009;986.4458000000009;986.4458000000009;986.4458000000009;964.7919999999976;986.4458000000009;974.9142999999983;990.3971000000065;
3253.000000000083;992.4848000000418;990.3971000000065;975.3543999999983;975.3543999999983;995.4416000000253;990.3971000000065;993.9632000000336;990.3971000000065;986.4458000000009;986.4458000000009;986.4458000000009;986.4458000000009;964.7919999999976;986.4458000000009;974.9142999999983;990.3971000000065;
3254.000000000083;992.4848000000418;990.3971000000065;975.3543999999983;975.3543999999983;995.4416000000253;990.3971000000065;993.9632000000336;990.3971000000065;986.4458000000009;986.4458000000009;986.4458000000009;986.4458000000009;964.7919999999976;986.4458000000009;974.9142999999983;990.3971000000065;
3255.000000000083;992.4848000000418;990.3971000000065;975.3543999999983;975.3543999999983;995.4416000000253;990.3971000000065;993.9632000000336;990.3971000000065;986.4458000000009;986.4458000000009;986.4458000000009;986.4458000000009;964.7919999999976;986.4458000000009;974.9142999999983;990.3971000000065;
3256.000000000083;992.4848000000418;990.3971000000065;975.3543999999983;975.3543999999983;995.4416000000253;990.3971000000065;993.9632000000336;990.3971000000065;986.4458000000009;986.4458000000009;986.4458000000009;986.4458000000009;964.7919999999976;986.4458000000009;974.9142999999983;990.3971000000065;
3257.000000000083;992.4848000000418;990.3971000000065;975.3543999999983;975.3543999999983;995.4416000000253;990.3971000000065;993.9632000000336;990.3971000000065;986.4458000000009;986.4458000000009;986.4458000000009;986.4458000000009;964.7919999999976;986.4458000000009;974.9142999999983;990.3971000000065;
3258.000000000083;992.4848000000418;990.3971000000065;975.3543999999983;975.3543999999983;995.4416000000253;990.3971000000065;993.9632000000336;990.3971000000065;986.4458000000009;986.4458000000009;986.4458000000009;986.4458000000009;964.7919999999976;986.4458000000009;974.9142999999983;990.3971000000065;
3259.000000000083;992.4848000000418;990.3971000000065;975.3543999999983;975.3543999999983;995.4416000000253;990.3971000000065;993.9632000000336;990.3971000000065;986.4458000000009;986.4458000000009;986.4458000000009;986.4458000000009;964.7919999999976;986.4458000000009;974.9142999999983;990.3971000000065;
3260.000000000083;992.4848000000418;990.3971000000065;975.3543999999983;975.3543999999983;995.4416000000253;990.3971000000065;993.9632000000336;990.3971000000065;986.4458000000009;986.4458000000009;986.4458000000009;986.4458000000009;964.7919999999976;986.4458000000009;974.9142999999983;990.3971000000065;
3261.000000000083;992.4848000000418;990.3971000000065;975.3543999999983;975.3543999999983;995.4416000000253;990.3971000000065;993.9632000000336;990.3971000000065;986.4458000000009;986.4458000000009;986.4458000000009;986.4458000000009;964.7919999999976;986.4458000000009;974.9142999999983;990.3971000000065;
3262.000000000083;992.4848000000418;990.3971000000065;975.3543999999983;975.3543999999983;995.4416000000253;990.3971000000065;993.9632000000336;990.3971000000065;986.4458000000009;986.4458000000009;986.4458000000009;986.4458000000009;964.7919999999976;986.4458000000009;974.9142999999983;990.3971000000065;
3263.000000000083;992.4848000000418;990.3971000000065;975.3543999999983;975.3543999999983;995.4416000000253;990.3971000000065;993.9632000000336;990.3971000000065;986.4458000000009;986.4458000000009;986.4458000000009;986.4458000000009;964.7919999999976;986.4458000000009;974.9142999999983;990.3971000000065;
3264.000000000083;992.4848000000418;990.3971000000065;975.3543999999983;975.3543999999983;995.4416000000253;990.3971000000065;993.9632000000336;990.3971000000065;986.4458000000009;986.4458000000009;986.4458000000009;986.4458000000009;964.7919999999976;986.4458000000009;974.9142999999983;990.3971000000065;
3265.000000000083;992.4848000000418;990.3971000000065;975.3543999999983;975.3543999999983;995.4416000000253;990.3971000000065;993.9632000000336;990.3971000000065;986.4458000000009;986.4458000000009;986.4458000000009;986.4458000000009;964.7919999999976;986.4458000000009;974.9142999999983;990.3971000000065;
3266.000000000083;992.4848000000418;990.3971000000065;975.3543999999983;975.3543999999983;995.4416000000253;990.3971000000065;993.9632000000336;990.3971000000065;986.4458000000009;986.4458000000009;986.4458000000009;986.4458000000009;964.7919999999976;986.4458000000009;974.9142999999983;990.3971000000065;
3267.000000000083;992.4848000000418;990.3971000000065;975.3543999999983;975.3543999999983;995.4416000000253;990.3971000000065;993.9632000000336;990.3971000000065;986.4458000000009;986.4458000000009;986.4458000000009;986.4458000000009;964.7919999999976;986.4458000000009;974.9142999999983;990.3971000000065;
3268.000000000083;992.4848000000418;990.3971000000065;975.3543999999983;975.3543999999983;995.4416000000253;990.3971000000065;993.9632000000336;990.3971000000065;986.4458000000009;986.4458000000009;986.4458000000009;986.4458000000009;964.7919999999976;986.4458000000009;974.9142999999983;990.3971000000065;
3269.000000000083;992.4848000000418;990.3971000000065;975.3543999999983;975.3543999999983;995.4416000000253;990.3971000000065;993.9632000000336;990.3971000000065;986.4458000000009;986.4458000000009;986.4458000000009;986.4458000000009;964.7919999999976;986.4458000000009;974.9142999999983;990.3971000000065;
3269.794693343248;992.4848000000418;990.3971000000065;975.3543999999983;975.3543999999983;995.4416000000253;990.3970000000065;993.9632000000336;990.3971000000065;986.4458000000009;986.4458000000009;986.4458000000009;986.4458000000009;964.7919999999976;986.4458000000009;974.9142999999983;990.3971000000065;
3269.794693343248;992.4848000000418;990.3971000000065;975.3543999999983;975.3543999999983;995.4416000000253;990.3090000000066;993.9632000000336;990.3971000000065;986.4458000000009;986.4458000000009;986.4458000000009;986.4458000000009;964.7919999999976;986.4458000000009;974.9142999999983;990.3971000000065;
3269.8000093432483;992.4760000000418;990.3971000000065;975.3543999999983;975.3543999999983;995.4416000000253;990.3090000000066;993.9632000000336;990.3971000000065;986.4458000000009;986.4458000000009;986.4458000000009;986.4458000000009;964.7919999999976;986.4458000000009;974.9142999999983;990.3971000000065;
3269.8000093432483;992.4672000000419;990.3971000000065;975.3543999999983;975.3543999999983;995.4416000000253;990.3090000000066;993.9632000000336;990.3971000000065;986.4458000000009;986.4458000000009;986.4458000000009;986.4458000000009;964.7919999999976;986.4458000000009;974.9142999999983;990.3971000000065;
3269.8053253432486;992.4672000000419;990.3971000000065;975.3543999999983;975.3543999999983;995.4416000000253;990.3090000000066;993.9544000000336;990.3971000000065;986.4458000000009;986.4458000000009;986.4458000000009;986.4458000000009;964.7919999999976;986.4458000000009;974.9142999999983;990.3971000000065;
3269.8239710819225;992.4672000000419;990.3971000000065;975.3542999999984;975.3543999999983;995.4416000000253;990.3090000000066;993.9544000000336;990.3971000000065;986.4458000000009;986.4458000000009;986.4458000000009;986.4458000000009;964.7919999999976;986.4458000000009;974.9142999999983;990.3971000000065;
3269.8239710819225;992.4672000000419;990.3971000000065;974.9142999999983;975.3543999999983;995.4416000000253;990.3090000000066;993.9544000000336;990.3971000000065;986.4458000000009;986.4458000000009;986.4458000000009;986.4458000000009;964.7919999999976;986.4458000000009;974.9142999999983;990.3971000000065;
3269.8292870819228;992.4584000000419;990.3971000000065;974.9142999999983;975.3543999999983;995.4416000000253;990.3090000000066;993.9544000000336;990.3971000000065;986.4458000000009;986.4458000000009;986.4458000000009;986.4458000000009;964.7919999999976;986.4458000000009;974.9142999999983;990.3971000000065;
3269.932830753224;992.4584000000419;990.3971000000065;974.9142999999983;975.3542999999984;995.4416000000253;990.3090000000066;993.9544000000336;990.3971000000065;986.4458000000009;986.4458000000009;986.4458000000009;986.4458000000009;964.7919999999976;986.4458000000009;974.9142999999983;990.3971000000065;
3269.932830753224;992.4584000000419;990.3971000000065;974.9142999999983;974.9142999999983;995.4416000000253;990.3090000000066;993.9544000000336;990.3971000000065;986.4458000000009;986.4458000000009;986.4458000000009;986.4458000000009;964.7919999999976;986.4458000000009;974.9142999999983;990.3971000000065;
3269.9381467532244;992.4584000000419;990.3971000000065;974.9142999999983;974.9142999999983;995.4328000000254;990.3090000000066;993.9544000000336;990.3971000000065;986.4458000000009;986.4458000000009;986.4458000000009;986.4458000000009;964.7919999999976;986.4458000000009;974.9142999999983;990.3971000000065;
3269.9381467532244;992.4584000000419;990.3971000000065;974.9142999999983;974.9142999999983;995.4240000000254;990.3090000000066;993.9544000000336;990.3971000000065;986.4458000000009;986.4458000000009;986.4458000000009;986.4458000000009;964.7919999999976;986.4458000000009;974.9142999999983;990.3971000000065;
3269.9434627532246;992.4584000000419;990.3971000000065;974.9142999999983;974.9142999999983;995.4240000000254;990.3090000000066;993.9456000000337;990.3971000000065;986.4458000000009;986.4458000000009;986.4458000000009;986.4458000000009;964.7919999999976;986.4458000000009;974.9142999999983;990.3971000000065;
3270.800032683103;992.440800000042;990.3090000000066;974.9142999999983;974.9142999999983;995.4152000000255;990.3090000000066;993.9456000000337;990.3090000000066;986.4458000000009;986.4458000000009;986.4458000000009;986.4458000000009;964.7919999999976;986.4458000000009;974.4741999999983;990.3090000000066;
3271.8000560229566;992.4320000000421;990.3090000000066;974.9142999999983;974.9142999999983;995.4064000000255;990.3090000000066;993.9280000000338;990.3090000000066;986.4458000000009;986.4458000000009;986.4458000000009;986.4458000000009;964.7919999999976;986.4458000000009;974.4741999999983;990.3090000000066;
3271.8000560229566;992.4232000000421;990.3090000000066;974.9142999999983;974.9142999999983;995.4064000000255;990.3090000000066;993.9280000000338;990.3090000000066;986.4458000000009;986.4458000000009;986.4458000000009;986.4458000000009;964.7919999999976;986.4458000000009;974.4741999999983;990.3090000000066;
3272.8000793628103;992.4232000000421;990.3090000000066;974.9142999999983;974.9142999999983;995.4064000000255;990.3090000000066;993.9192000000338;990.3090000000066;986.4458000000009;986.4458000000009;986.4458000000009;986.4458000000009;964.7919999999976;986.4458000000009;974.4741999999983;990.3090000000066;
3273.8001027026635;992.4144000000422;990.3090000000066;974.9142999999983;974.9142999999983;995.4064000000255;990.3090000000066;993.9104000000339;990.3090000000066;986.4458000000009;986.4458000000009;986.4458000000009;986.4458000000009;964.7919999999976;986.4458000000009;974.4741999999983;990.3090000000066;
3274.0000000000864;992.4144000000422;990.3090000000066;974.9142999999983;974.9142999999983;995.4064000000255;990.3090000000066;993.9104000000339;990.3090000000066;986.4458000000009;986.4458000000009;986.4458000000009;986.4458000000009;964.7919999999976;986.4458000000009;974.4741999999983;990.3090000000066;
3275.0000000000864;992.4144000000422;990.3090000000066;974.9142999999983;974.9142999999983;995.4064000000255;990.3090000000066;993.9104000000339;990.3090000000066;986.4458000000009;986.4458000000009;986.4458000000009;986.4458000000009;964.7919999999976;986.4458000000009;974.4741999999983;990.3090000000066;
3276.0000000000864;992.4144000000422;990.3090000000066;974.9142999999983;974.9142999999983;995.4064000000255;990.3090000000066;993.9104000000339;990.3090000000066;986.4458000000009;986.4458000000009;986.4458000000009;986.4458000000009;964.7919999999976;986.4458000000009;974.4741999999983;990.3090000000066;
3277.0000000000864;992.4144000000422;990.3090000000066;974.9142999999983;974.9142999999983;995.4064000000255;990.3090000000066;993.9104000000339;990.3090000000066;986.4458000000009;986.4458000000009;986.4458000000009;986.4458000000009;964.7919999999976;986.4458000000009;974.4741999999983;990.3090000000066;
3278.0000000000864;992.4144000000422;990.3090000000066;974.9142999999983;974.9142999999983;995.4064000000255;990.3090000000066;993.9104000000339;990.3090000000066;986.4458000000009;986.4458000000009;986.4458000000009;986.4458000000009;964.7919999999976;986.4458000000009;974.4741999999983;990.3090000000066;
3279.0000000000864;992.4144000000422;990.3090000000066;974.9142999999983;974.9142999999983;995.4064000000255;990.3090000000066;993.9104000000339;990.3090000000066;986.4458000000009;986.4458000000009;986.4458000000009;986.4458000000009;964.7919999999976;986.4458000000009;974.4741999999983;990.3090000000066;
3280.0000000000864;992.4144000000422;990.3090000000066;974.9142999999983;974.9142999999983;995.4064000000255;990.3090000000066;993.9104000000339;990.3090000000066;986.4458000000009;986.4458000000009;986.4458000000009;986.4458000000009;964.7919999999976;986.4458000000009;974.4741999999983;990.3090000000066;
3281.0000000000864;992.4144000000422;990.3090000000066;974.9142999999983;974.9142999999983;995.4064000000255;990.3090000000066;993.9104000000339;990.3090000000066;986.4458000000009;986.4458000000009;986.4458000000009;986.4458000000009;964.7919999999976;986.4458000000009;974.4741999999983;990.3090000000066;
3282.0000000000864;992.4144000000422;990.3090000000066;974.9142999999983;974.9142999999983;995.4064000000255;990.3090000000066;993.9104000000339;990.3090000000066;986.4458000000009;986.4458000000009;986.4458000000009;986.4458000000009;964.7919999999976;986.4458000000009;974.4741999999983;990.3090000000066;
3283.0000000000864;992.4144000000422;990.3090000000066;974.9142999999983;974.9142999999983;995.4064000000255;990.3090000000066;993.9104000000339;990.3090000000066;986.4458000000009;986.4458000000009;986.4458000000009;986.4458000000009;964.7919999999976;986.4458000000009;974.4741999999983;990.3090000000066;
3284.0000000000864;992.4144000000422;990.3090000000066;974.9142999999983;974.9142999999983;995.4064000000255;990.3090000000066;993.9104000000339;990.3090000000066;986.4458000000009;986.4458000000009;986.4458000000009;986.4458000000009;964.7919999999976;986.4458000000009;974.4741999999983;990.3090000000066;
3285.0000000000864;992.4144000000422;990.3090000000066;974.9142999999983;974.9142999999983;995.4064000000255;990.3090000000066;993.9104000000339;990.3090000000066;986.4458000000009;986.4458000000009;986.4458000000009;986.4458000000009;964.7919999999976;986.4458000000009;974.4741999999983;990.3090000000066;
3286.0000000000864;992.4144000000422;990.3090000000066;974.9142999999983;974.9142999999983;995.4064000000255;990.3090000000066;993.9104000000339;990.3090000000066;986.4458000000009;986.4458000000009;986.4458000000009;986.4458000000009;964.7919999999976;986.4458000000009;974.4741999999983;990.3090000000066;
3287.0000000000864;992.4144000000422;990.3090000000066;974.9142999999983;974.9142999999983;995.4064000000255;990.3090000000066;993.9104000000339;990.3090000000066;986.4458000000009;986.4458000000009;986.4458000000009;986.4458000000009;964.7919999999976;986.4458000000009;974.4741999999983;990.3090000000066;
3288.0000000000864;992.4144000000422;990.3090000000066;974.9142999999983;974.9142999999983;995.4064000000255;990.3090000000066;993.9104000000339;990.3090000000066;986.4458000000009;986.4458000000009;986.4458000000009;986.4458000000009;964.7919999999976;986.4458000000009;974.4741999999983;990.3090000000066;
3289.0000000000864;992.4144000000422;990.3090000000066;974.9142999999983;974.9142999999983;995.4064000000255;990.3090000000066;993.9104000000339;990.3090000000066;986.4458000000009;986.4458000000009;986.4458000000009;986.4458000000009;964.7919999999976;986.4458000000009;974.4741999999983;990.3090000000066;
3290.0000000000864;992.4144000000422;990.3090000000066;974.9142999999983;974.9142999999983;995.4064000000255;990.3090000000066;993.9104000000339;990.3090000000066;986.4458000000009;986.4458000000009;986.4458000000009;986.4458000000009;964.7919999999976;986.4458000000009;974.4741999999983;990.3090000000066;
3291.0000000000864;992.4144000000422;990.3090000000066;974.9142999999983;974.9142999999983;995.4064000000255;990.3090000000066;993.9104000000339;990.3090000000066;986.4458000000009;986.4458000000009;986.4458000000009;986.4458000000009;964.7919999999976;986.4458000000009;974.4741999999983;990.3090000000066;
3292.0000000000864;992.4144000000422;990.3090000000066;974.9142999999983;974.9142999999983;995.4064000000255;990.3090000000066;993.9104000000339;990.3090000000066;986.4458000000009;986.4458000000009;986.4458000000009;986.4458000000009;964.7919999999976;986.4458000000009;974.4741999999983;990.3090000000066;
3293.0000000000864;992.4144000000422;990.3090000000066;974.9142999999983;974.9142999999983;995.4064000000255;990.3090000000066;993.9104000000339;990.3090000000066;986.4458000000009;986.4458000000009;986.4458000000009;986.4458000000009;964.7919999999976;986.4458000000009;974.4741999999983;990.3090000000066;
3294.0000000000864;992.4144000000422;990.3090000000066;974.9142999999983;974.9142999999983;995.4064000000255;990.3090000000066;993.9104000000339;990.3090000000066;986.4458000000009;986.4458000000009;986.4458000000009;986.4458000000009;964.7919999999976;986.4458000000009;974.4741999999983;990.3090000000066;
3295.0000000000864;992.4144000000422;990.3090000000066;974.9142999999983;974.9142999999983;995.4064000000255;990.3090000000066;993.9104000000339;990.3090000000066;986.4458000000009;986.4458000000009;986.4458000000009;986.4458000000009;964.7919999999976;986.4458000000009;974.4741999999983;990.3090000000066;
3296.0000000000864;992.4144000000422;990.3090000000066;974.9142999999983;974.9142999999983;995.4064000000255;990.3090000000066;993.9104000000339;990.3090000000066;986.4458000000009;986.4458000000009;986.4458000000009;986.4458000000009;964.7919999999976;986.4458000000009;974.4741999999983;990.3090000000066;
3297.0000000000864;992.4144000000422;990.3090000000066;974.9142999999983;974.9142999999983;995.4064000000255;990.3090000000066;993.9104000000339;990.3090000000066;986.4458000000009;986.4458000000009;986.4458000000009;986.4458000000009;964.7919999999976;986.4458000000009;974.4741999999983;990.3090000000066;
3298.0000000000864;992.4144000000422;990.3090000000066;974.9142999999983;974.9142999999983;995.4064000000255;990.3090000000066;993.9104000000339;990.3090000000066;986.4458000000009;986.4458000000009;986.4458000000009;986.4458000000009;964.7919999999976;986.4458000000009;974.4741999999983;990.3090000000066;
3299.0000000000864;992.4144000000422;990.3090000000066;974.9142999999983;974.9142999999983;995.4064000000255;990.3090000000066;993.9104000000339;990.3090000000066;986.4458000000009;986.4458000000009;986.4458000000009;986.4458000000009;964.7919999999976;986.4458000000009;974.4741999999983;990.3090000000066;
3299.7927990331073;992.4144000000422;990.3090000000066;974.9142999999983;974.9142999999983;995.4064000000255;990.3089000000066;993.9104000000339;990.3090000000066;986.4458000000009;986.4458000000009;986.4458000000009;986.4458000000009;964.7919999999976;986.4458000000009;974.4741999999983;990.3090000000066;
3299.7927990331073;992.4144000000422;990.3090000000066;974.9142999999983;974.9142999999983;995.4064000000255;990.2209000000066;993.9104000000339;990.3090000000066;986.4458000000009;986.4458000000009;986.4458000000009;986.4458000000009;964.7919999999976;986.4458000000009;974.4741999999983;990.3090000000066;
3299.7981150331075;992.4056000000422;990.3090000000066;974.9142999999983;974.9142999999983;995.4064000000255;990.2209000000066;993.9104000000339;990.3090000000066;986.4458000000009;986.4458000000009;986.4458000000009;986.4458000000009;964.7919999999976;986.4458000000009;974.4741999999983;990.3090000000066;
3299.7981150331075;992.3968000000423;990.3090000000066;974.9142999999983;974.9142999999983;995.4064000000255;990.2209000000066;993.9104000000339;990.3090000000066;986.4458000000009;986.4458000000009;986.4458000000009;986.4458000000009;964.7919999999976;986.4458000000009;974.4741999999983;990.3090000000066;
3299.8034310331077;992.3968000000423;990.3090000000066;974.9142999999983;974.9142999999983;995.4064000000255;990.2209000000066;993.9016000000339;990.3090000000066;986.4458000000009;986.4458000000009;986.4458000000009;986.4458000000009;964.7919999999976;986.4458000000009;974.4741999999983;990.3090000000066;
3299.9343713090875;992.3968000000423;990.3090000000066;974.9142999999983;974.9142999999983;995.4064000000255;990.2209000000066;993.9016000000339;990.3090000000066;986.4457000000009;986.4458000000009;986.4458000000009;986.4458000000009;964.7919999999976;986.4458000000009;974.4741999999983;990.3090000000066;
3299.9343713090875;992.3968000000423;990.3090000000066;974.9142999999983;974.9142999999983;995.4064000000255;990.2209000000066;993.9016000000339;990.3090000000066;985.8297000000009;986.4458000000009;986.4458000000009;986.4458000000009;964.7919999999976;986.4458000000009;974.4741999999983;990.3090000000066;
3299.9396873090877;992.3880000000423;990.3090000000066;974.9142999999983;974.9142999999983;995.4064000000255;990.2209000000066;993.9016000000339;990.3090000000066;985.8297000000009;986.4458000000009;986.4458000000009;986.4458000000009;964.7919999999976;986.4458000000009;974.4741999999983;990.3090000000066;
3299.9439884053563;992.3880000000423;990.3090000000066;974.9142999999983;974.9142999999983;995.4064000000255;990.2209000000066;993.9016000000339;990.3089000000066;985.8297000000009;986.4458000000009;986.4458000000009;986.4458000000009;964.7919999999976;986.4458000000009;974.4741999999983;990.3090000000066;
3299.9439884053563;992.3880000000423;990.3090000000066;974.9142999999983;974.9142999999983;995.4064000000255;990.2209000000066;993.9016000000339;990.2209000000066;985.8297000000009;986.4458000000009;986.4458000000009;986.4458000000009;964.7919999999976;986.4458000000009;974.4741999999983;990.3090000000066;
3299.949116119584;992.3880000000423;990.3090000000066;974.9142999999983;974.9142999999983;995.4064000000255;990.2209000000066;993.9016000000339;990.2209000000066;985.8297000000009;986.4458000000009;986.4458000000009;986.4458000000009;964.7918999999977;986.4458000000009;974.4741999999983;990.3090000000066;
3299.949116119584;992.3880000000423;990.3090000000066;974.9142999999983;974.9142999999983;995.4064000000255;990.2209000000066;993.9016000000339;990.2209000000066;985.8297000000009;986.4458000000009;986.4458000000009;986.4458000000009;964.3518999999976;986.4458000000009;974.4741999999983;990.3090000000066;
3300.798138372961;992.3616000000425;990.2209000000066;974.9142999999983;974.9142999999983;995.3536000000258;990.2209000000066;993.892800000034;990.2209000000066;985.8297000000009;985.8297000000009;985.8297000000009;985.8297000000009;964.3518999999976;985.8297000000009;974.0340999999983;990.2209000000066;
3301.7981617128153;992.3528000000425;990.2209000000066;974.9142999999983;974.9142999999983;995.3448000000259;990.2209000000066;993.875200000034;990.2209000000066;985.8297000000009;985.8297000000009;985.8297000000009;985.8297000000009;964.3518999999976;985.8297000000009;974.0340999999983;990.2209000000066;
3301.9544681886027;992.3440000000426;990.2209000000066;974.9142999999983;974.9142999999983;995.3448000000259;990.2209000000066;993.8664000000341;990.2209000000066;985.8297000000009;985.8297000000009;985.8297000000009;985.8297000000009;964.3518999999976;985.8297000000009;974.0340999999983;990.2209000000066;
3302.7981850526685;992.3440000000426;990.2209000000066;974.9142999999983;974.9142999999983;995.3360000000259;990.2209000000066;993.8576000000342;990.2209000000066;985.8297000000009;985.8297000000009;985.8297000000009;985.8297000000009;964.3518999999976;985.8297000000009;974.0340999999983;990.2209000000066;
3303.7982083925217;992.3352000000426;990.2209000000066;974.9142999999983;974.9142999999983;995.327200000026;990.2209000000066;993.8400000000343;990.2209000000066;985.8297000000009;985.8297000000009;985.8297000000009;985.8297000000009;964.3518999999976;985.8297000000009;974.0340999999983;990.2209000000066;
3304.0000000000887;992.3264000000427;990.2209000000066;974.9142999999983;974.9142999999983;995.318400000026;990.2209000000066;993.8224000000343;990.2209000000066;985.8297000000009;985.8297000000009;985.8297000000009;985.8297000000009;964.3518999999976;985.8297000000009;974.0340999999983;990.2209000000066;
3304.7982317323754;992.3264000000427;990.2209000000066;974.9142999999983;974.9142999999983;995.318400000026;990.2209000000066;993.8224000000343;990.2209000000066;985.8297000000009;985.8297000000009;985.8297000000009;985.8297000000009;964.3518999999976;985.8297000000009;974.0340999999983;990.2209000000066;
3306.000000000088;992.3264000000427;990.2209000000066;974.9142999999983;974.9142999999983;995.318400000026;990.2209000000066;993.8224000000343;990.2209000000066;985.8297000000009;985.8297000000009;985.8297000000009;985.8297000000009;964.3518999999976;985.8297000000009;974.0340999999983;990.2209000000066;
3307.000000000088;992.3264000000427;990.2209000000066;974.9142999999983;974.9142999999983;995.318400000026;990.2209000000066;993.8224000000343;990.2209000000066;985.8297000000009;985.8297000000009;985.8297000000009;985.8297000000009;964.3518999999976;985.8297000000009;974.0340999999983;990.2209000000066;
3308.000000000088;992.3264000000427;990.2209000000066;974.9142999999983;974.9142999999983;995.318400000026;990.2209000000066;993.8224000000343;990.2209000000066;985.8297000000009;985.8297000000009;985.8297000000009;985.8297000000009;964.3518999999976;985.8297000000009;974.0340999999983;990.2209000000066;
3309.000000000088;992.3264000000427;990.2209000000066;974.9142999999983;974.9142999999983;995.318400000026;990.2209000000066;993.8224000000343;990.2209000000066;985.8297000000009;985.8297000000009;985.8297000000009;985.8297000000009;964.3518999999976;985.8297000000009;974.0340999999983;990.2209000000066;
3310.000000000088;992.3264000000427;990.2209000000066;974.9142999999983;974.9142999999983;995.318400000026;990.2209000000066;993.8224000000343;990.2209000000066;985.8297000000009;985.8297000000009;985.8297000000009;985.8297000000009;964.3518999999976;985.8297000000009;974.0340999999983;990.2209000000066;
3311.000000000088;992.3264000000427;990.2209000000066;974.9142999999983;974.9142999999983;995.318400000026;990.2209000000066;993.8224000000343;990.2209000000066;985.8297000000009;985.8297000000009;985.8297000000009;985.8297000000009;964.3518999999976;985.8297000000009;974.0340999999983;990.2209000000066;
3312.000000000088;992.3264000000427;990.2209000000066;974.9142999999983;974.9142999999983;995.318400000026;990.2209000000066;993.8224000000343;990.2209000000066;985.8297000000009;985.8297000000009;985.8297000000009;985.8297000000009;964.3518999999976;985.8297000000009;974.0340999999983;990.2209000000066;
3313.000000000088;992.3264000000427;990.2209000000066;974.9142999999983;974.9142999999983;995.318400000026;990.2209000000066;993.8224000000343;990.2209000000066;985.8297000000009;985.8297000000009;985.8297000000009;985.8297000000009;964.3518999999976;985.8297000000009;974.0340999999983;990.2209000000066;
3314.000000000088;992.3264000000427;990.2209000000066;974.9142999999983;974.9142999999983;995.318400000026;990.2209000000066;993.8224000000343;990.2209000000066;985.8297000000009;985.8297000000009;985.8297000000009;985.8297000000009;964.3518999999976;985.8297000000009;974.0340999999983;990.2209000000066;
3315.000000000088;992.3264000000427;990.2209000000066;974.9142999999983;974.9142999999983;995.318400000026;990.2209000000066;993.8224000000343;990.2209000000066;985.8297000000009;985.8297000000009;985.8297000000009;985.8297000000009;964.3518999999976;985.8297000000009;974.0340999999983;990.2209000000066;
3316.000000000088;992.3264000000427;990.2209000000066;974.9142999999983;974.9142999999983;995.318400000026;990.2209000000066;993.8224000000343;990.2209000000066;985.8297000000009;985.8297000000009;985.8297000000009;985.8297000000009;964.3518999999976;985.8297000000009;974.0340999999983;990.2209000000066;
3317.000000000088;992.3264000000427;990.2209000000066;974.9142999999983;974.9142999999983;995.318400000026;990.2209000000066;993.8224000000343;990.2209000000066;985.8297000000009;985.8297000000009;985.8297000000009;985.8297000000009;964.3518999999976;985.8297000000009;974.0340999999983;990.2209000000066;
3318.000000000088;992.3264000000427;990.2209000000066;974.9142999999983;974.9142999999983;995.318400000026;990.2209000000066;993.8224000000343;990.2209000000066;985.8297000000009;985.8297000000009;985.8297000000009;985.8297000000009;964.3518999999976;985.8297000000009;974.0340999999983;990.2209000000066;
3319.000000000088;992.3264000000427;990.2209000000066;974.9142999999983;974.9142999999983;995.318400000026;990.2209000000066;993.8224000000343;990.2209000000066;985.8297000000009;985.8297000000009;985.8297000000009;985.8297000000009;964.3518999999976;985.8297000000009;974.0340999999983;990.2209000000066;
3320.000000000088;992.3264000000427;990.2209000000066;974.9142999999983;974.9142999999983;995.318400000026;990.2209000000066;993.8224000000343;990.2209000000066;985.8297000000009;985.8297000000009;985.8297000000009;985.8297000000009;964.3518999999976;985.8297000000009;974.0340999999983;990.2209000000066;
3321.000000000088;992.3264000000427;990.2209000000066;974.9142999999983;974.9142999999983;995.318400000026;990.2209000000066;993.8224000000343;990.2209000000066;985.8297000000009;985.8297000000009;985.8297000000009;985.8297000000009;964.3518999999976;985.8297000000009;974.0340999999983;990.2209000000066;
3322.000000000088;992.3264000000427;990.2209000000066;974.9142999999983;974.9142999999983;995.318400000026;990.2209000000066;993.8224000000343;990.2209000000066;985.8297000000009;985.8297000000009;985.8297000000009;985.8297000000009;964.3518999999976;985.8297000000009;974.0340999999983;990.2209000000066;
3323.000000000088;992.3264000000427;990.2209000000066;974.9142999999983;974.9142999999983;995.318400000026;990.2209000000066;993.8224000000343;990.2209000000066;985.8297000000009;985.8297000000009;985.8297000000009;985.8297000000009;964.3518999999976;985.8297000000009;974.0340999999983;990.2209000000066;
3324.000000000088;992.3264000000427;990.2209000000066;974.9142999999983;974.9142999999983;995.318400000026;990.2209000000066;993.8224000000343;990.2209000000066;985.8297000000009;985.8297000000009;985.8297000000009;985.8297000000009;964.3518999999976;985.8297000000009;974.0340999999983;990.2209000000066;
3325.000000000088;992.3264000000427;990.2209000000066;974.9142999999983;974.9142999999983;995.318400000026;990.2209000000066;993.8224000000343;990.2209000000066;985.8297000000009;985.8297000000009;985.8297000000009;985.8297000000009;964.3518999999976;985.8297000000009;974.0340999999983;990.2209000000066;
3326.000000000088;992.3264000000427;990.2209000000066;974.9142999999983;974.9142999999983;995.318400000026;990.2209000000066;993.8224000000343;990.2209000000066;985.8297000000009;985.8297000000009;985.8297000000009;985.8297000000009;964.3518999999976;985.8297000000009;974.0340999999983;990.2209000000066;
3327.000000000088;992.3264000000427;990.2209000000066;974.9142999999983;974.9142999999983;995.318400000026;990.2209000000066;993.8224000000343;990.2209000000066;985.8297000000009;985.8297000000009;985.8297000000009;985.8297000000009;964.3518999999976;985.8297000000009;974.0340999999983;990.2209000000066;
3328.000000000088;992.3264000000427;990.2209000000066;974.9142999999983;974.9142999999983;995.318400000026;990.2209000000066;993.8224000000343;990.2209000000066;985.8297000000009;985.8297000000009;985.8297000000009;985.8297000000009;964.3518999999976;985.8297000000009;974.0340999999983;990.2209000000066;
3329.000000000088;992.3264000000427;990.2209000000066;974.9142999999983;974.9142999999983;995.318400000026;990.2209000000066;993.8224000000343;990.2209000000066;985.8297000000009;985.8297000000009;985.8297000000009;985.8297000000009;964.3518999999976;985.8297000000009;974.0340999999983;990.2209000000066;
3329.7909047229655;992.3264000000427;990.2209000000066;974.9142999999983;974.9142999999983;995.318400000026;990.2208000000066;993.8224000000343;990.2209000000066;985.8297000000009;985.8297000000009;985.8297000000009;985.8297000000009;964.3518999999976;985.8297000000009;974.0340999999983;990.2209000000066;
3329.7909047229655;992.3264000000427;990.2209000000066;974.9142999999983;974.9142999999983;995.318400000026;990.1328000000067;993.8224000000343;990.2209000000066;985.8297000000009;985.8297000000009;985.8297000000009;985.8297000000009;964.3518999999976;985.8297000000009;974.0340999999983;990.2209000000066;
3329.7962207229657;992.3176000000427;990.2209000000066;974.9142999999983;974.9142999999983;995.318400000026;990.1328000000067;993.8224000000343;990.2209000000066;985.8297000000009;985.8297000000009;985.8297000000009;985.8297000000009;964.3518999999976;985.8297000000009;974.0340999999983;990.2209000000066;
3329.7962207229657;992.3088000000428;990.2209000000066;974.9142999999983;974.9142999999983;995.318400000026;990.1328000000067;993.8224000000343;990.2209000000066;985.8297000000009;985.8297000000009;985.8297000000009;985.8297000000009;964.3518999999976;985.8297000000009;974.0340999999983;990.2209000000066;
3329.801536722966;992.3088000000428;990.2209000000066;974.9142999999983;974.9142999999983;995.318400000026;990.1328000000067;993.8136000000344;990.2209000000066;985.8297000000009;985.8297000000009;985.8297000000009;985.8297000000009;964.3518999999976;985.8297000000009;974.0340999999983;990.2209000000066;
3329.8206264054584;992.3088000000428;990.2209000000066;974.9141999999983;974.9142999999983;995.318400000026;990.1328000000067;993.8136000000344;990.2209000000066;985.8297000000009;985.8297000000009;985.8297000000009;985.8297000000009;964.3518999999976;985.8297000000009;974.0340999999983;990.2209000000066;
3329.8206264054584;992.3088000000428;990.2209000000066;974.4741999999983;974.9142999999983;995.318400000026;990.1328000000067;993.8136000000344;990.2209000000066;985.8297000000009;985.8297000000009;985.8297000000009;985.8297000000009;964.3518999999976;985.8297000000009;974.0340999999983;990.2209000000066;
3329.8259424054586;992.3000000000428;990.2209000000066;974.4741999999983;974.9142999999983;995.318400000026;990.1328000000067;993.8136000000344;990.2209000000066;985.8297000000009;985.8297000000009;985.8297000000009;985.8297000000009;964.3518999999976;985.8297000000009;974.0340999999983;990.2209000000066;
3329.9315936555295;992.3000000000428;990.2209000000066;974.4741999999983;974.9141999999983;995.318400000026;990.1328000000067;993.8136000000344;990.2209000000066;985.8297000000009;985.8297000000009;985.8297000000009;985.8297000000009;964.3518999999976;985.8297000000009;974.0340999999983;990.2209000000066;
3329.9315936555295;992.3000000000428;990.2209000000066;974.4741999999983;974.4741999999983;995.318400000026;990.1328000000067;993.8136000000344;990.2209000000066;985.8297000000009;985.8297000000009;985.8297000000009;985.8297000000009;964.3518999999976;985.8297000000009;974.0340999999983;990.2209000000066;
3329.9369096555297;992.3000000000428;990.2209000000066;974.4741999999983;974.4741999999983;995.3096000000261;990.1328000000067;993.8136000000344;990.2209000000066;985.8297000000009;985.8297000000009;985.8297000000009;985.8297000000009;964.3518999999976;985.8297000000009;974.0340999999983;990.2209000000066;
3329.9369096555297;992.3000000000428;990.2209000000066;974.4741999999983;974.4741999999983;995.3008000000261;990.1328000000067;993.8136000000344;990.2209000000066;985.8297000000009;985.8297000000009;985.8297000000009;985.8297000000009;964.3518999999976;985.8297000000009;974.0340999999983;990.2209000000066;
3330.796244062819;992.2824000000429;990.1328000000067;974.4741999999983;974.4741999999983;995.2920000000262;990.1328000000067;993.8048000000344;990.1328000000067;985.8297000000009;985.8297000000009;985.8297000000009;985.8297000000009;963.9117999999976;985.8297000000009;974.0340999999983;990.1328000000067;
3331.7962674026726;992.273600000043;990.1328000000067;974.4741999999983;974.4741999999983;995.2832000000262;990.1328000000067;993.7872000000345;990.1328000000067;985.8297000000009;985.8297000000009;985.8297000000009;985.8297000000009;963.9117999999976;985.8297000000009;974.0340999999983;990.1328000000067;
3332.000000000089;992.264800000043;990.1328000000067;974.4741999999983;974.4741999999983;995.2832000000262;990.1328000000067;993.7784000000346;990.1328000000067;985.8297000000009;985.8297000000009;985.8297000000009;985.8297000000009;963.9117999999976;985.8297000000009;974.0340999999983;990.1328000000067;
3332.796290742526;992.264800000043;990.1328000000067;974.4741999999983;974.4741999999983;995.2832000000262;990.1328000000067;993.7784000000346;990.1328000000067;985.8297000000009;985.8297000000009;985.8297000000009;985.8297000000009;963.9117999999976;985.8297000000009;974.0340999999983;990.1328000000067;
3333.796314082379;992.2560000000431;990.1328000000067;974.4741999999983;974.4741999999983;995.2832000000262;990.1328000000067;993.7696000000346;990.1328000000067;985.8297000000009;985.8297000000009;985.8297000000009;985.8297000000009;963.9117999999976;985.8297000000009;974.0340999999983;990.1328000000067;
3335.000000000089;992.2560000000431;990.1328000000067;974.4741999999983;974.4741999999983;995.2832000000262;990.1328000000067;993.7696000000346;990.1328000000067;985.8297000000009;985.8297000000009;985.8297000000009;985.8297000000009;963.9117999999976;985.8297000000009;974.0340999999983;990.1328000000067;
3336.000000000089;992.2560000000431;990.1328000000067;974.4741999999983;974.4741999999983;995.2832000000262;990.1328000000067;993.7696000000346;990.1328000000067;985.8297000000009;985.8297000000009;985.8297000000009;985.8297000000009;963.9117999999976;985.8297000000009;974.0340999999983;990.1328000000067;
3337.000000000089;992.2560000000431;990.1328000000067;974.4741999999983;974.4741999999983;995.2832000000262;990.1328000000067;993.7696000000346;990.1328000000067;985.8297000000009;985.8297000000009;985.8297000000009;985.8297000000009;963.9117999999976;985.8297000000009;974.0340999999983;990.1328000000067;
3338.000000000089;992.2560000000431;990.1328000000067;974.4741999999983;974.4741999999983;995.2832000000262;990.1328000000067;993.7696000000346;990.1328000000067;985.8297000000009;985.8297000000009;985.8297000000009;985.8297000000009;963.9117999999976;985.8297000000009;974.0340999999983;990.1328000000067;
3339.000000000089;992.2560000000431;990.1328000000067;974.4741999999983;974.4741999999983;995.2832000000262;990.1328000000067;993.7696000000346;990.1328000000067;985.8297000000009;985.8297000000009;985.8297000000009;985.8297000000009;963.9117999999976;985.8297000000009;974.0340999999983;990.1328000000067;
3340.000000000089;992.2560000000431;990.1328000000067;974.4741999999983;974.4741999999983;995.2832000000262;990.1328000000067;993.7696000000346;990.1328000000067;985.8297000000009;985.8297000000009;985.8297000000009;985.8297000000009;963.9117999999976;985.8297000000009;974.0340999999983;990.1328000000067;
3341.000000000089;992.2560000000431;990.1328000000067;974.4741999999983;974.4741999999983;995.2832000000262;990.1328000000067;993.7696000000346;990.1328000000067;985.8297000000009;985.8297000000009;985.8297000000009;985.8297000000009;963.9117999999976;985.8297000000009;974.0340999999983;990.1328000000067;
3342.000000000089;992.2560000000431;990.1328000000067;974.4741999999983;974.4741999999983;995.2832000000262;990.1328000000067;993.7696000000346;990.1328000000067;985.8297000000009;985.8297000000009;985.8297000000009;985.8297000000009;963.9117999999976;985.8297000000009;974.0340999999983;990.1328000000067;
3343.000000000089;992.2560000000431;990.1328000000067;974.4741999999983;974.4741999999983;995.2832000000262;990.1328000000067;993.7696000000346;990.1328000000067;985.8297000000009;985.8297000000009;985.8297000000009;985.8297000000009;963.9117999999976;985.8297000000009;974.0340999999983;990.1328000000067;
3344.000000000089;992.2560000000431;990.1328000000067;974.4741999999983;974.4741999999983;995.2832000000262;990.1328000000067;993.7696000000346;990.1328000000067;985.8297000000009;985.8297000000009;985.8297000000009;985.8297000000009;963.9117999999976;985.8297000000009;974.0340999999983;990.1328000000067;
3345.000000000089;992.2560000000431;990.1328000000067;974.4741999999983;974.4741999999983;995.2832000000262;990.1328000000067;993.7696000000346;990.1328000000067;985.8297000000009;985.8297000000009;985.8297000000009;985.8297000000009;963.9117999999976;985.8297000000009;974.0340999999983;990.1328000000067;
3346.000000000089;992.2560000000431;990.1328000000067;974.4741999999983;974.4741999999983;995.2832000000262;990.1328000000067;993.7696000000346;990.1328000000067;985.8297000000009;985.8297000000009;985.8297000000009;985.8297000000009;963.9117999999976;985.8297000000009;974.0340999999983;990.1328000000067;
3347.000000000089;992.2560000000431;990.1328000000067;974.4741999999983;974.4741999999983;995.2832000000262;990.1328000000067;993.7696000000346;990.1328000000067;985.8297000000009;985.8297000000009;985.8297000000009;985.8297000000009;963.9117999999976;985.8297000000009;974.0340999999983;990.1328000000067;
3348.000000000089;992.2560000000431;990.1328000000067;974.4741999999983;974.4741999999983;995.2832000000262;990.1328000000067;993.7696000000346;990.1328000000067;985.8297000000009;985.8297000000009;985.8297000000009;985.8297000000009;963.9117999999976;985.8297000000009;974.0340999999983;990.1328000000067;
3349.000000000089;992.2560000000431;990.1328000000067;974.4741999999983;974.4741999999983;995.2832000000262;990.1328000000067;993.7696000000346;990.1328000000067;985.8297000000009;985.8297000000009;985.8297000000009;985.8297000000009;963.9117999999976;985.8297000000009;974.0340999999983;990.1328000000067;
3350.000000000089;992.2560000000431;990.1328000000067;974.4741999999983;974.4741999999983;995.2832000000262;990.1328000000067;993.7696000000346;990.1328000000067;985.8297000000009;985.8297000000009;985.8297000000009;985.8297000000009;963.9117999999976;985.8297000000009;974.0340999999983;990.1328000000067;
3351.000000000089;992.2560000000431;990.1328000000067;974.4741999999983;974.4741999999983;995.2832000000262;990.1328000000067;993.7696000000346;990.1328000000067;985.8297000000009;985.8297000000009;985.8297000000009;985.8297000000009;963.9117999999976;985.8297000000009;974.0340999999983;990.1328000000067;
3352.000000000089;992.2560000000431;990.1328000000067;974.4741999999983;974.4741999999983;995.2832000000262;990.1328000000067;993.7696000000346;990.1328000000067;985.8297000000009;985.8297000000009;985.8297000000009;985.8297000000009;963.9117999999976;985.8297000000009;974.0340999999983;990.1328000000067;
3353.000000000089;992.2560000000431;990.1328000000067;974.4741999999983;974.4741999999983;995.2832000000262;990.1328000000067;993.7696000000346;990.1328000000067;985.8297000000009;985.8297000000009;985.8297000000009;985.8297000000009;963.9117999999976;985.8297000000009;974.0340999999983;990.1328000000067;
3354.000000000089;992.2560000000431;990.1328000000067;974.4741999999983;974.4741999999983;995.2832000000262;990.1328000000067;993.7696000000346;990.1328000000067;985.8297000000009;985.8297000000009;985.8297000000009;985.8297000000009;963.9117999999976;985.8297000000009;974.0340999999983;990.1328000000067;
3355.000000000089;992.2560000000431;990.1328000000067;974.4741999999983;974.4741999999983;995.2832000000262;990.1328000000067;993.7696000000346;990.1328000000067;985.8297000000009;985.8297000000009;985.8297000000009;985.8297000000009;963.9117999999976;985.8297000000009;974.0340999999983;990.1328000000067;
3356.000000000089;992.2560000000431;990.1328000000067;974.4741999999983;974.4741999999983;995.2832000000262;990.1328000000067;993.7696000000346;990.1328000000067;985.8297000000009;985.8297000000009;985.8297000000009;985.8297000000009;963.9117999999976;985.8297000000009;974.0340999999983;990.1328000000067;
3357.000000000089;992.2560000000431;990.1328000000067;974.4741999999983;974.4741999999983;995.2832000000262;990.1328000000067;993.7696000000346;990.1328000000067;985.8297000000009;985.8297000000009;985.8297000000009;985.8297000000009;963.9117999999976;985.8297000000009;974.0340999999983;990.1328000000067;
3358.000000000089;992.2560000000431;990.1328000000067;974.4741999999983;974.4741999999983;995.2832000000262;990.1328000000067;993.7696000000346;990.1328000000067;985.8297000000009;985.8297000000009;985.8297000000009;985.8297000000009;963.9117999999976;985.8297000000009;974.0340999999983;990.1328000000067;
3359.000000000089;992.2560000000431;990.1328000000067;974.4741999999983;974.4741999999983;995.2832000000262;990.1328000000067;993.7696000000346;990.1328000000067;985.8297000000009;985.8297000000009;985.8297000000009;985.8297000000009;963.9117999999976;985.8297000000009;974.0340999999983;990.1328000000067;
3359.789010412823;992.2560000000431;990.1328000000067;974.4741999999983;974.4741999999983;995.2832000000262;990.1327000000067;993.7696000000346;990.1328000000067;985.8297000000009;985.8297000000009;985.8297000000009;985.8297000000009;963.9117999999976;985.8297000000009;974.0340999999983;990.1328000000067;
3359.789010412823;992.2560000000431;990.1328000000067;974.4741999999983;974.4741999999983;995.2832000000262;990.0447000000067;993.7696000000346;990.1328000000067;985.8297000000009;985.8297000000009;985.8297000000009;985.8297000000009;963.9117999999976;985.8297000000009;974.0340999999983;990.1328000000067;
3359.794326412823;992.2472000000431;990.1328000000067;974.4741999999983;974.4741999999983;995.2832000000262;990.0447000000067;993.7696000000346;990.1328000000067;985.8297000000009;985.8297000000009;985.8297000000009;985.8297000000009;963.9117999999976;985.8297000000009;974.0340999999983;990.1328000000067;
3359.794326412823;992.2384000000432;990.1328000000067;974.4741999999983;974.4741999999983;995.2832000000262;990.0447000000067;993.7696000000346;990.1328000000067;985.8297000000009;985.8297000000009;985.8297000000009;985.8297000000009;963.9117999999976;985.8297000000009;974.0340999999983;990.1328000000067;
3359.7996424128232;992.2384000000432;990.1328000000067;974.4741999999983;974.4741999999983;995.2832000000262;990.0447000000067;993.7608000000347;990.1328000000067;985.8297000000009;985.8297000000009;985.8297000000009;985.8297000000009;963.9117999999976;985.8297000000009;974.0340999999983;990.1328000000067;
3359.94295624868;992.2384000000432;990.1328000000067;974.4741999999983;974.4741999999983;995.2832000000262;990.0447000000067;993.7608000000347;990.1327000000067;985.8297000000009;985.8297000000009;985.8297000000009;985.8297000000009;963.9117999999976;985.8297000000009;974.0340999999983;990.1328000000067;
3359.94295624868;992.2384000000432;990.1328000000067;974.4741999999983;974.4741999999983;995.2832000000262;990.0447000000067;993.7608000000347;990.0447000000067;985.8297000000009;985.8297000000009;985.8297000000009;985.8297000000009;963.9117999999976;985.8297000000009;974.0340999999983;990.1328000000067;
3359.94827224868;992.2296000000432;990.1328000000067;974.4741999999983;974.4741999999983;995.2832000000262;990.0447000000067;993.7608000000347;990.0447000000067;985.8297000000009;985.8297000000009;985.8297000000009;985.8297000000009;963.9117999999976;985.8297000000009;974.0340999999983;990.1328000000067;
3360.0000000000896;992.2296000000432;990.1328000000067;974.4741999999983;974.4741999999983;995.2832000000262;990.0447000000067;993.7608000000347;990.0447000000067;985.8297000000009;985.8297000000009;985.8297000000009;985.8297000000009;963.9117999999976;985.8297000000009;974.0340999999983;990.1328000000067;
3360.0366509206647;992.2296000000432;990.1328000000067;974.4741999999983;974.4741999999983;995.2832000000262;990.0447000000067;993.7608000000347;990.0447000000067;985.8297000000009;985.8297000000009;985.8297000000009;985.8297000000009;963.9117999999976;985.8297000000009;974.0340999999983;990.1327000000067;
3360.0366509206647;992.2296000000432;990.1328000000067;974.4741999999983;974.4741999999983;995.2832000000262;990.0447000000067;993.7608000000347;990.0447000000067;985.8297000000009;985.8297000000009;985.8297000000009;985.8297000000009;963.9117999999976;985.8297000000009;974.0340999999983;990.0447000000067;
3360.070455095861;992.2296000000432;990.1327000000067;974.4741999999983;974.4741999999983;995.2832000000262;990.0447000000067;993.7608000000347;990.0447000000067;985.8297000000009;985.8297000000009;985.8297000000009;985.8297000000009;963.9117999999976;985.8297000000009;974.0340999999983;990.0447000000067;
3360.070455095861;992.2296000000432;990.0447000000067;974.4741999999983;974.4741999999983;995.2832000000262;990.0447000000067;993.7608000000347;990.0447000000067;985.8297000000009;985.8297000000009;985.8297000000009;985.8297000000009;963.9117999999976;985.8297000000009;974.0340999999983;990.0447000000067;
3360.7943497526767;992.2208000000433;990.0447000000067;974.4741999999983;974.4741999999983;995.2656000000263;990.0447000000067;993.7520000000347;990.0447000000067;985.8297000000009;985.8297000000009;985.8297000000009;985.8297000000009;963.9117999999976;985.8297000000009;973.5939999999982;990.0447000000067;
3361.79437309253;992.2120000000433;990.0447000000067;974.4741999999983;974.4741999999983;995.2656000000263;990.0447000000067;993.7432000000348;990.0447000000067;985.8297000000009;985.8297000000009;985.8297000000009;985.8297000000009;963.9117999999976;985.8297000000009;973.5939999999982;990.0447000000067;
3362.794396432383;992.2032000000434;990.0447000000067;974.4741999999983;974.4741999999983;995.2656000000263;990.0447000000067;993.7344000000348;990.0447000000067;985.8297000000009;985.8297000000009;985.8297000000009;985.8297000000009;963.9117999999976;985.8297000000009;973.5939999999982;990.0447000000067;
3363.00000000009;992.2032000000434;990.0447000000067;974.4741999999983;974.4741999999983;995.2656000000263;990.0447000000067;993.7344000000348;990.0447000000067;985.8297000000009;985.8297000000009;985.8297000000009;985.8297000000009;963.9117999999976;985.8297000000009;973.5939999999982;990.0447000000067;
3364.00000000009;992.2032000000434;990.0447000000067;974.4741999999983;974.4741999999983;995.2656000000263;990.0447000000067;993.7344000000348;990.0447000000067;985.8297000000009;985.8297000000009;985.8297000000009;985.8297000000009;963.9117999999976;985.8297000000009;973.5939999999982;990.0447000000067;
3365.00000000009;992.2032000000434;990.0447000000067;974.4741999999983;974.4741999999983;995.2656000000263;990.0447000000067;993.7344000000348;990.0447000000067;985.8297000000009;985.8297000000009;985.8297000000009;985.8297000000009;963.9117999999976;985.8297000000009;973.5939999999982;990.0447000000067;
3366.00000000009;992.2032000000434;990.0447000000067;974.4741999999983;974.4741999999983;995.2656000000263;990.0447000000067;993.7344000000348;990.0447000000067;985.8297000000009;985.8297000000009;985.8297000000009;985.8297000000009;963.9117999999976;985.8297000000009;973.5939999999982;990.0447000000067;
3367.00000000009;992.2032000000434;990.0447000000067;974.4741999999983;974.4741999999983;995.2656000000263;990.0447000000067;993.7344000000348;990.0447000000067;985.8297000000009;985.8297000000009;985.8297000000009;985.8297000000009;963.9117999999976;985.8297000000009;973.5939999999982;990.0447000000067;
3368.00000000009;992.2032000000434;990.0447000000067;974.4741999999983;974.4741999999983;995.2656000000263;990.0447000000067;993.7344000000348;990.0447000000067;985.8297000000009;985.8297000000009;985.8297000000009;985.8297000000009;963.9117999999976;985.8297000000009;973.5939999999982;990.0447000000067;
3369.00000000009;992.2032000000434;990.0447000000067;974.4741999999983;974.4741999999983;995.2656000000263;990.0447000000067;993.7344000000348;990.0447000000067;985.8297000000009;985.8297000000009;985.8297000000009;985.8297000000009;963.9117999999976;985.8297000000009;973.5939999999982;990.0447000000067;
3370.00000000009;992.2032000000434;990.0447000000067;974.4741999999983;974.4741999999983;995.2656000000263;990.0447000000067;993.7344000000348;990.0447000000067;985.8297000000009;985.8297000000009;985.8297000000009;985.8297000000009;963.9117999999976;985.8297000000009;973.5939999999982;990.0447000000067;
3371.00000000009;992.2032000000434;990.0447000000067;974.4741999999983;974.4741999999983;995.2656000000263;990.0447000000067;993.7344000000348;990.0447000000067;985.8297000000009;985.8297000000009;985.8297000000009;985.8297000000009;963.9117999999976;985.8297000000009;973.5939999999982;990.0447000000067;
3372.00000000009;992.2032000000434;990.0447000000067;974.4741999999983;974.4741999999983;995.2656000000263;990.0447000000067;993.7344000000348;990.0447000000067;985.8297000000009;985.8297000000009;985.8297000000009;985.8297000000009;963.9117999999976;985.8297000000009;973.5939999999982;990.0447000000067;
3373.00000000009;992.2032000000434;990.0447000000067;974.4741999999983;974.4741999999983;995.2656000000263;990.0447000000067;993.7344000000348;990.0447000000067;985.8297000000009;985.8297000000009;985.8297000000009;985.8297000000009;963.9117999999976;985.8297000000009;973.5939999999982;990.0447000000067;
3374.00000000009;992.2032000000434;990.0447000000067;974.4741999999983;974.4741999999983;995.2656000000263;990.0447000000067;993.7344000000348;990.0447000000067;985.8297000000009;985.8297000000009;985.8297000000009;985.8297000000009;963.9117999999976;985.8297000000009;973.5939999999982;990.0447000000067;
3375.00000000009;992.2032000000434;990.0447000000067;974.4741999999983;974.4741999999983;995.2656000000263;990.0447000000067;993.7344000000348;990.0447000000067;985.8297000000009;985.8297000000009;985.8297000000009;985.8297000000009;963.9117999999976;985.8297000000009;973.5939999999982;990.0447000000067;
3376.00000000009;992.2032000000434;990.0447000000067;974.4741999999983;974.4741999999983;995.2656000000263;990.0447000000067;993.7344000000348;990.0447000000067;985.8297000000009;985.8297000000009;985.8297000000009;985.8297000000009;963.9117999999976;985.8297000000009;973.5939999999982;990.0447000000067;
3377.00000000009;992.2032000000434;990.0447000000067;974.4741999999983;974.4741999999983;995.2656000000263;990.0447000000067;993.7344000000348;990.0447000000067;985.8297000000009;985.8297000000009;985.8297000000009;985.8297000000009;963.9117999999976;985.8297000000009;973.5939999999982;990.0447000000067;
3378.00000000009;992.2032000000434;990.0447000000067;974.4741999999983;974.4741999999983;995.2656000000263;990.0447000000067;993.7344000000348;990.0447000000067;985.8297000000009;985.8297000000009;985.8297000000009;985.8297000000009;963.9117999999976;985.8297000000009;973.5939999999982;990.0447000000067;
3379.00000000009;992.2032000000434;990.0447000000067;974.4741999999983;974.4741999999983;995.2656000000263;990.0447000000067;993.7344000000348;990.0447000000067;985.8297000000009;985.8297000000009;985.8297000000009;985.8297000000009;963.9117999999976;985.8297000000009;973.5939999999982;990.0447000000067;
3380.00000000009;992.2032000000434;990.0447000000067;974.4741999999983;974.4741999999983;995.2656000000263;990.0447000000067;993.7344000000348;990.0447000000067;985.8297000000009;985.8297000000009;985.8297000000009;985.8297000000009;963.9117999999976;985.8297000000009;973.5939999999982;990.0447000000067;
3381.00000000009;992.2032000000434;990.0447000000067;974.4741999999983;974.4741999999983;995.2656000000263;990.0447000000067;993.7344000000348;990.0447000000067;985.8297000000009;985.8297000000009;985.8297000000009;985.8297000000009;963.9117999999976;985.8297000000009;973.5939999999982;990.0447000000067;
3382.00000000009;992.2032000000434;990.0447000000067;974.4741999999983;974.4741999999983;995.2656000000263;990.0447000000067;993.7344000000348;990.0447000000067;985.8297000000009;985.8297000000009;985.8297000000009;985.8297000000009;963.9117999999976;985.8297000000009;973.5939999999982;990.0447000000067;
3383.00000000009;992.2032000000434;990.0447000000067;974.4741999999983;974.4741999999983;995.2656000000263;990.0447000000067;993.7344000000348;990.0447000000067;985.8297000000009;985.8297000000009;985.8297000000009;985.8297000000009;963.9117999999976;985.8297000000009;973.5939999999982;990.0447000000067;
3384.00000000009;992.2032000000434;990.0447000000067;974.4741999999983;974.4741999999983;995.2656000000263;990.0447000000067;993.7344000000348;990.0447000000067;985.8297000000009;985.8297000000009;985.8297000000009;985.8297000000009;963.9117999999976;985.8297000000009;973.5939999999982;990.0447000000067;
3385.00000000009;992.2032000000434;990.0447000000067;974.4741999999983;974.4741999999983;995.2656000000263;990.0447000000067;993.7344000000348;990.0447000000067;985.8297000000009;985.8297000000009;985.8297000000009;985.8297000000009;963.9117999999976;985.8297000000009;973.5939999999982;990.0447000000067;
3386.00000000009;992.2032000000434;990.0447000000067;974.4741999999983;974.4741999999983;995.2656000000263;990.0447000000067;993.7344000000348;990.0447000000067;985.8297000000009;985.8297000000009;985.8297000000009;985.8297000000009;963.9117999999976;985.8297000000009;973.5939999999982;990.0447000000067;
3387.00000000009;992.2032000000434;990.0447000000067;974.4741999999983;974.4741999999983;995.2656000000263;990.0447000000067;993.7344000000348;990.0447000000067;985.8297000000009;985.8297000000009;985.8297000000009;985.8297000000009;963.9117999999976;985.8297000000009;973.5939999999982;990.0447000000067;
3388.00000000009;992.2032000000434;990.0447000000067;974.4741999999983;974.4741999999983;995.2656000000263;990.0447000000067;993.7344000000348;990.0447000000067;985.8297000000009;985.8297000000009;985.8297000000009;985.8297000000009;963.9117999999976;985.8297000000009;973.5939999999982;990.0447000000067;
3389.00000000009;992.2032000000434;990.0447000000067;974.4741999999983;974.4741999999983;995.2656000000263;990.0447000000067;993.7344000000348;990.0447000000067;985.8297000000009;985.8297000000009;985.8297000000009;985.8297000000009;963.9117999999976;985.8297000000009;973.5939999999982;990.0447000000067;
3389.78711610268;992.2032000000434;990.0447000000067;974.4741999999983;974.4741999999983;995.2656000000263;990.0446000000068;993.7344000000348;990.0447000000067;985.8297000000009;985.8297000000009;985.8297000000009;985.8297000000009;963.9117999999976;985.8297000000009;973.5939999999982;990.0447000000067;
3389.78711610268;992.2032000000434;990.0447000000067;974.4741999999983;974.4741999999983;995.2656000000263;989.9566000000068;993.7344000000348;990.0447000000067;985.8297000000009;985.8297000000009;985.8297000000009;985.8297000000009;963.9117999999976;985.8297000000009;973.5939999999982;990.0447000000067;
3389.7924321026803;992.1944000000434;990.0447000000067;974.4741999999983;974.4741999999983;995.2656000000263;989.9566000000068;993.7344000000348;990.0447000000067;985.8297000000009;985.8297000000009;985.8297000000009;985.8297000000009;963.9117999999976;985.8297000000009;973.5939999999982;990.0447000000067;
3389.7924321026803;992.1856000000435;990.0447000000067;974.4741999999983;974.4741999999983;995.2656000000263;989.9566000000068;993.7344000000348;990.0447000000067;985.8297000000009;985.8297000000009;985.8297000000009;985.8297000000009;963.9117999999976;985.8297000000009;973.5939999999982;990.0447000000067;
3389.7977481026805;992.1856000000435;990.0447000000067;974.4741999999983;974.4741999999983;995.2656000000263;989.9566000000068;993.7256000000349;990.0447000000067;985.8297000000009;985.8297000000009;985.8297000000009;985.8297000000009;963.9117999999976;985.8297000000009;973.5939999999982;990.0447000000067;
3389.817281728992;992.1856000000435;990.0447000000067;974.4740999999983;974.4741999999983;995.2656000000263;989.9566000000068;993.7256000000349;990.0447000000067;985.8297000000009;985.8297000000009;985.8297000000009;985.8297000000009;963.9117999999976;985.8297000000009;973.5939999999982;990.0447000000067;
3389.817281728992;992.1856000000435;990.0447000000067;974.0340999999983;974.4741999999983;995.2656000000263;989.9566000000068;993.7256000000349;990.0447000000067;985.8297000000009;985.8297000000009;985.8297000000009;985.8297000000009;963.9117999999976;985.8297000000009;973.5939999999982;990.0447000000067;
3389.822597728992;992.1768000000435;990.0447000000067;974.0340999999983;974.4741999999983;995.2656000000263;989.9566000000068;993.7256000000349;990.0447000000067;985.8297000000009;985.8297000000009;985.8297000000009;985.8297000000009;963.9117999999976;985.8297000000009;973.5939999999982;990.0447000000067;
3389.930356557833;992.1768000000435;990.0447000000067;974.0340999999983;974.4740999999983;995.2656000000263;989.9566000000068;993.7256000000349;990.0447000000067;985.8297000000009;985.8297000000009;985.8297000000009;985.8297000000009;963.9117999999976;985.8297000000009;973.5939999999982;990.0447000000067;
3389.930356557833;992.1768000000435;990.0447000000067;974.0340999999983;974.0340999999983;995.2656000000263;989.9566000000068;993.7256000000349;990.0447000000067;985.8297000000009;985.8297000000009;985.8297000000009;985.8297000000009;963.9117999999976;985.8297000000009;973.5939999999982;990.0447000000067;
3389.935672557833;992.1768000000435;990.0447000000067;974.0340999999983;974.0340999999983;995.2568000000264;989.9566000000068;993.7256000000349;990.0447000000067;985.8297000000009;985.8297000000009;985.8297000000009;985.8297000000009;963.9117999999976;985.8297000000009;973.5939999999982;990.0447000000067;
3389.935672557833;992.1768000000435;990.0447000000067;974.0340999999983;974.0340999999983;995.2480000000264;989.9566000000068;993.7256000000349;990.0447000000067;985.8297000000009;985.8297000000009;985.8297000000009;985.8297000000009;963.9117999999976;985.8297000000009;973.5939999999982;990.0447000000067;
3390.7924554425344;992.1592000000436;989.9566000000068;974.0340999999983;974.0340999999983;995.2392000000265;989.9566000000068;993.7168000000349;989.9566000000068;985.8297000000009;985.8297000000009;985.8297000000009;985.8297000000009;963.4716999999976;985.8297000000009;973.5939999999982;989.9566000000068;
3390.935690592343;992.1504000000436;989.9566000000068;974.0340999999983;974.0340999999983;995.2392000000265;989.9566000000068;993.708000000035;989.9566000000068;985.8297000000009;985.8297000000009;985.8297000000009;985.8297000000009;963.4716999999976;985.8297000000009;973.5939999999982;989.9566000000068;
3391.792478782388;992.1504000000436;989.9566000000068;974.0340999999983;974.0340999999983;995.2304000000265;989.9566000000068;993.699200000035;989.9566000000068;985.8297000000009;985.8297000000009;985.8297000000009;985.8297000000009;963.4716999999976;985.8297000000009;973.5939999999982;989.9566000000068;
3392.7925021222413;992.1416000000437;989.9566000000068;974.0340999999983;974.0340999999983;995.2304000000265;989.9566000000068;993.6904000000351;989.9566000000068;985.8297000000009;985.8297000000009;985.8297000000009;985.8297000000009;963.4716999999976;985.8297000000009;973.5939999999982;989.9566000000068;
3393.000000000092;992.1328000000437;989.9566000000068;974.0340999999983;974.0340999999983;995.2304000000265;989.9566000000068;993.6816000000351;989.9566000000068;985.8297000000009;985.8297000000009;985.8297000000009;985.8297000000009;963.4716999999976;985.8297000000009;973.5939999999982;989.9566000000068;
3393.7925254620945;992.1328000000437;989.9566000000068;974.0340999999983;974.0340999999983;995.2304000000265;989.9566000000068;993.6816000000351;989.9566000000068;985.8297000000009;985.8297000000009;985.8297000000009;985.8297000000009;963.4716999999976;985.8297000000009;973.5939999999982;989.9566000000068;
3395.000000000092;992.1328000000437;989.9566000000068;974.0340999999983;974.0340999999983;995.2304000000265;989.9566000000068;993.6816000000351;989.9566000000068;985.8297000000009;985.8297000000009;985.8297000000009;985.8297000000009;963.4716999999976;985.8297000000009;973.5939999999982;989.9566000000068;
3396.000000000092;992.1328000000437;989.9566000000068;974.0340999999983;974.0340999999983;995.2304000000265;989.9566000000068;993.6816000000351;989.9566000000068;985.8297000000009;985.8297000000009;985.8297000000009;985.8297000000009;963.4716999999976;985.8297000000009;973.5939999999982;989.9566000000068;
3397.000000000092;992.1328000000437;989.9566000000068;974.0340999999983;974.0340999999983;995.2304000000265;989.9566000000068;993.6816000000351;989.9566000000068;985.8297000000009;985.8297000000009;985.8297000000009;985.8297000000009;963.4716999999976;985.8297000000009;973.5939999999982;989.9566000000068;
3398.000000000092;992.1328000000437;989.9566000000068;974.0340999999983;974.0340999999983;995.2304000000265;989.9566000000068;993.6816000000351;989.9566000000068;985.8297000000009;985.8297000000009;985.8297000000009;985.8297000000009;963.4716999999976;985.8297000000009;973.5939999999982;989.9566000000068;
3399.000000000092;992.1328000000437;989.9566000000068;974.0340999999983;974.0340999999983;995.2304000000265;989.9566000000068;993.6816000000351;989.9566000000068;985.8297000000009;985.8297000000009;985.8297000000009;985.8297000000009;963.4716999999976;985.8297000000009;973.5939999999982;989.9566000000068;
3400.000000000092;992.1328000000437;989.9566000000068;974.0340999999983;974.0340999999983;995.2304000000265;989.9566000000068;993.6816000000351;989.9566000000068;985.8297000000009;985.8297000000009;985.8297000000009;985.8297000000009;963.4716999999976;985.8297000000009;973.5939999999982;989.9566000000068;
3401.000000000092;992.1328000000437;989.9566000000068;974.0340999999983;974.0340999999983;995.2304000000265;989.9566000000068;993.6816000000351;989.9566000000068;985.8297000000009;985.8297000000009;985.8297000000009;985.8297000000009;963.4716999999976;985.8297000000009;973.5939999999982;989.9566000000068;
3402.000000000092;992.1328000000437;989.9566000000068;974.0340999999983;974.0340999999983;995.2304000000265;989.9566000000068;993.6816000000351;989.9566000000068;985.8297000000009;985.8297000000009;985.8297000000009;985.8297000000009;963.4716999999976;985.8297000000009;973.5939999999982;989.9566000000068;
3403.000000000092;992.1328000000437;989.9566000000068;974.0340999999983;974.0340999999983;995.2304000000265;989.9566000000068;993.6816000000351;989.9566000000068;985.8297000000009;985.8297000000009;985.8297000000009;985.8297000000009;963.4716999999976;985.8297000000009;973.5939999999982;989.9566000000068;
3404.000000000092;992.1328000000437;989.9566000000068;974.0340999999983;974.0340999999983;995.2304000000265;989.9566000000068;993.6816000000351;989.9566000000068;985.8297000000009;985.8297000000009;985.8297000000009;985.8297000000009;963.4716999999976;985.8297000000009;973.5939999999982;989.9566000000068;
3405.000000000092;992.1328000000437;989.9566000000068;974.0340999999983;974.0340999999983;995.2304000000265;989.9566000000068;993.6816000000351;989.9566000000068;985.8297000000009;985.8297000000009;985.8297000000009;985.8297000000009;963.4716999999976;985.8297000000009;973.5939999999982;989.9566000000068;
3406.000000000092;992.1328000000437;989.9566000000068;974.0340999999983;974.0340999999983;995.2304000000265;989.9566000000068;993.6816000000351;989.9566000000068;985.8297000000009;985.8297000000009;985.8297000000009;985.8297000000009;963.4716999999976;985.8297000000009;973.5939999999982;989.9566000000068;
3407.000000000092;992.1328000000437;989.9566000000068;974.0340999999983;974.0340999999983;995.2304000000265;989.9566000000068;993.6816000000351;989.9566000000068;985.8297000000009;985.8297000000009;985.8297000000009;985.8297000000009;963.4716999999976;985.8297000000009;973.5939999999982;989.9566000000068;
3408.000000000092;992.1328000000437;989.9566000000068;974.0340999999983;974.0340999999983;995.2304000000265;989.9566000000068;993.6816000000351;989.9566000000068;985.8297000000009;985.8297000000009;985.8297000000009;985.8297000000009;963.4716999999976;985.8297000000009;973.5939999999982;989.9566000000068;
3409.000000000092;992.1328000000437;989.9566000000068;974.0340999999983;974.0340999999983;995.2304000000265;989.9566000000068;993.6816000000351;989.9566000000068;985.8297000000009;985.8297000000009;985.8297000000009;985.8297000000009;963.4716999999976;985.8297000000009;973.5939999999982;989.9566000000068;
3410.000000000092;992.1328000000437;989.9566000000068;974.0340999999983;974.0340999999983;995.2304000000265;989.9566000000068;993.6816000000351;989.9566000000068;985.8297000000009;985.8297000000009;985.8297000000009;985.8297000000009;963.4716999999976;985.8297000000009;973.5939999999982;989.9566000000068;
3411.000000000092;992.1328000000437;989.9566000000068;974.0340999999983;974.0340999999983;995.2304000000265;989.9566000000068;993.6816000000351;989.9566000000068;985.8297000000009;985.8297000000009;985.8297000000009;985.8297000000009;963.4716999999976;985.8297000000009;973.5939999999982;989.9566000000068;
3412.000000000092;992.1328000000437;989.9566000000068;974.0340999999983;974.0340999999983;995.2304000000265;989.9566000000068;993.6816000000351;989.9566000000068;985.8297000000009;985.8297000000009;985.8297000000009;985.8297000000009;963.4716999999976;985.8297000000009;973.5939999999982;989.9566000000068;
3413.000000000092;992.1328000000437;989.9566000000068;974.0340999999983;974.0340999999983;995.2304000000265;989.9566000000068;993.6816000000351;989.9566000000068;985.8297000000009;985.8297000000009;985.8297000000009;985.8297000000009;963.4716999999976;985.8297000000009;973.5939999999982;989.9566000000068;
3414.000000000092;992.1328000000437;989.9566000000068;974.0340999999983;974.0340999999983;995.2304000000265;989.9566000000068;993.6816000000351;989.9566000000068;985.8297000000009;985.8297000000009;985.8297000000009;985.8297000000009;963.4716999999976;985.8297000000009;973.5939999999982;989.9566000000068;
3415.000000000092;992.1328000000437;989.9566000000068;974.0340999999983;974.0340999999983;995.2304000000265;989.9566000000068;993.6816000000351;989.9566000000068;985.8297000000009;985.8297000000009;985.8297000000009;985.8297000000009;963.4716999999976;985.8297000000009;973.5939999999982;989.9566000000068;
3416.000000000092;992.1328000000437;989.9566000000068;974.0340999999983;974.0340999999983;995.2304000000265;989.9566000000068;993.6816000000351;989.9566000000068;985.8297000000009;985.8297000000009;985.8297000000009;985.8297000000009;963.4716999999976;985.8297000000009;973.5939999999982;989.9566000000068;
3417.000000000092;992.1328000000437;989.9566000000068;974.0340999999983;974.0340999999983;995.2304000000265;989.9566000000068;993.6816000000351;989.9566000000068;985.8297000000009;985.8297000000009;985.8297000000009;985.8297000000009;963.4716999999976;985.8297000000009;973.5939999999982;989.9566000000068;
3418.000000000092;992.1328000000437;989.9566000000068;974.0340999999983;974.0340999999983;995.2304000000265;989.9566000000068;993.6816000000351;989.9566000000068;985.8297000000009;985.8297000000009;985.8297000000009;985.8297000000009;963.4716999999976;985.8297000000009;973.5939999999982;989.9566000000068;
3419.000000000092;992.1328000000437;989.9566000000068;974.0340999999983;974.0340999999983;995.2304000000265;989.9566000000068;993.6816000000351;989.9566000000068;985.8297000000009;985.8297000000009;985.8297000000009;985.8297000000009;963.4716999999976;985.8297000000009;973.5939999999982;989.9566000000068;
3419.7852217925383;992.1328000000437;989.9566000000068;974.0340999999983;974.0340999999983;995.2304000000265;989.9565000000068;993.6816000000351;989.9566000000068;985.8297000000009;985.8297000000009;985.8297000000009;985.8297000000009;963.4716999999976;985.8297000000009;973.5939999999982;989.9566000000068;
3419.7852217925383;992.1328000000437;989.9566000000068;974.0340999999983;974.0340999999983;995.2304000000265;989.8685000000069;993.6816000000351;989.9566000000068;985.8297000000009;985.8297000000009;985.8297000000009;985.8297000000009;963.4716999999976;985.8297000000009;973.5939999999982;989.9566000000068;
3419.7905377925385;992.1240000000438;989.9566000000068;974.0340999999983;974.0340999999983;995.2304000000265;989.8685000000069;993.6816000000351;989.9566000000068;985.8297000000009;985.8297000000009;985.8297000000009;985.8297000000009;963.4716999999976;985.8297000000009;973.5939999999982;989.9566000000068;
3419.7905377925385;992.1152000000438;989.9566000000068;974.0340999999983;974.0340999999983;995.2304000000265;989.8685000000069;993.6816000000351;989.9566000000068;985.8297000000009;985.8297000000009;985.8297000000009;985.8297000000009;963.4716999999976;985.8297000000009;973.5939999999982;989.9566000000068;
3419.7958537925388;992.1152000000438;989.9566000000068;974.0340999999983;974.0340999999983;995.2304000000265;989.8685000000069;993.6728000000352;989.9566000000068;985.8297000000009;985.8297000000009;985.8297000000009;985.8297000000009;963.4716999999976;985.8297000000009;973.5939999999982;989.9566000000068;
3419.9419240920033;992.1152000000438;989.9566000000068;974.0340999999983;974.0340999999983;995.2304000000265;989.8685000000069;993.6728000000352;989.9565000000068;985.8297000000009;985.8297000000009;985.8297000000009;985.8297000000009;963.4716999999976;985.8297000000009;973.5939999999982;989.9566000000068;
3419.9419240920033;992.1152000000438;989.9566000000068;974.0340999999983;974.0340999999983;995.2304000000265;989.8685000000069;993.6728000000352;989.8685000000069;985.8297000000009;985.8297000000009;985.8297000000009;985.8297000000009;963.4716999999976;985.8297000000009;973.5939999999982;989.9566000000068;
3419.9472400920035;992.1064000000439;989.9566000000068;974.0340999999983;974.0340999999983;995.2304000000265;989.8685000000069;993.6728000000352;989.8685000000069;985.8297000000009;985.8297000000009;985.8297000000009;985.8297000000009;963.4716999999976;985.8297000000009;973.5939999999982;989.9566000000068;
3420.0000000000923;992.1064000000439;989.9566000000068;974.0340999999983;974.0340999999983;995.2304000000265;989.8685000000069;993.6728000000352;989.8685000000069;985.8297000000009;985.8297000000009;985.8297000000009;985.8297000000009;963.4716999999976;985.8297000000009;973.5939999999982;989.9566000000068;
3420.0372962009;992.1064000000439;989.9566000000068;974.0340999999983;974.0340999999983;995.2304000000265;989.8685000000069;993.6728000000352;989.8685000000069;985.8297000000009;985.8297000000009;985.8297000000009;985.8297000000009;963.4716999999976;985.8297000000009;973.5939999999982;989.9565000000068;
3420.0372962009;992.1064000000439;989.9566000000068;974.0340999999983;974.0340999999983;995.2304000000265;989.8685000000069;993.6728000000352;989.8685000000069;985.8297000000009;985.8297000000009;985.8297000000009;985.8297000000009;963.4716999999976;985.8297000000009;973.5939999999982;989.8685000000069;
3420.0717036592173;992.1064000000439;989.9565000000068;974.0340999999983;974.0340999999983;995.2304000000265;989.8685000000069;993.6728000000352;989.8685000000069;985.8297000000009;985.8297000000009;985.8297000000009;985.8297000000009;963.4716999999976;985.8297000000009;973.5939999999982;989.8685000000069;
3420.2041055740456;992.0976000000439;989.8685000000069;974.0340999999983;974.0340999999983;995.2128000000266;989.8685000000069;993.6640000000352;989.8685000000069;985.8297000000009;985.8297000000009;985.8297000000009;985.8297000000009;963.4716999999976;985.8297000000009;973.1538999999982;989.8685000000069;
3421.000000000093;992.088800000044;989.8685000000069;974.0340999999983;974.0340999999983;995.2128000000266;989.8685000000069;993.6552000000353;989.8685000000069;985.8297000000009;985.8297000000009;985.8297000000009;985.8297000000009;963.4716999999976;985.8297000000009;973.1538999999982;989.8685000000069;
3421.790584472246;992.088800000044;989.8685000000069;974.0340999999983;974.0340999999983;995.2128000000266;989.8685000000069;993.6552000000353;989.8685000000069;985.8297000000009;985.8297000000009;985.8297000000009;985.8297000000009;963.4716999999976;985.8297000000009;973.1538999999982;989.8685000000069;
3422.790607812099;992.080000000044;989.8685000000069;974.0340999999983;974.0340999999983;995.2128000000266;989.8685000000069;993.6464000000353;989.8685000000069;985.8297000000009;985.8297000000009;985.8297000000009;985.8297000000009;963.4716999999976;985.8297000000009;973.1538999999982;989.8685000000069;
3423.000000000093;992.080000000044;989.8685000000069;974.0340999999983;974.0340999999983;995.2128000000266;989.8685000000069;993.6464000000353;989.8685000000069;985.8297000000009;985.8297000000009;985.8297000000009;985.8297000000009;963.4716999999976;985.8297000000009;973.1538999999982;989.8685000000069;
3424.000000000093;992.080000000044;989.8685000000069;974.0340999999983;974.0340999999983;995.2128000000266;989.8685000000069;993.6464000000353;989.8685000000069;985.8297000000009;985.8297000000009;985.8297000000009;985.8297000000009;963.4716999999976;985.8297000000009;973.1538999999982;989.8685000000069;
3425.000000000093;992.080000000044;989.8685000000069;974.0340999999983;974.0340999999983;995.2128000000266;989.8685000000069;993.6464000000353;989.8685000000069;985.8297000000009;985.8297000000009;985.8297000000009;985.8297000000009;963.4716999999976;985.8297000000009;973.1538999999982;989.8685000000069;
3426.000000000093;992.080000000044;989.8685000000069;974.0340999999983;974.0340999999983;995.2128000000266;989.8685000000069;993.6464000000353;989.8685000000069;985.8297000000009;985.8297000000009;985.8297000000009;985.8297000000009;963.4716999999976;985.8297000000009;973.1538999999982;989.8685000000069;
3427.000000000093;992.080000000044;989.8685000000069;974.0340999999983;974.0340999999983;995.2128000000266;989.8685000000069;993.6464000000353;989.8685000000069;985.8297000000009;985.8297000000009;985.8297000000009;985.8297000000009;963.4716999999976;985.8297000000009;973.1538999999982;989.8685000000069;
3428.000000000093;992.080000000044;989.8685000000069;974.0340999999983;974.0340999999983;995.2128000000266;989.8685000000069;993.6464000000353;989.8685000000069;985.8297000000009;985.8297000000009;985.8297000000009;985.8297000000009;963.4716999999976;985.8297000000009;973.1538999999982;989.8685000000069;
3429.000000000093;992.080000000044;989.8685000000069;974.0340999999983;974.0340999999983;995.2128000000266;989.8685000000069;993.6464000000353;989.8685000000069;985.8297000000009;985.8297000000009;985.8297000000009;985.8297000000009;963.4716999999976;985.8297000000009;973.1538999999982;989.8685000000069;
3430.000000000093;992.080000000044;989.8685000000069;974.0340999999983;974.0340999999983;995.2128000000266;989.8685000000069;993.6464000000353;989.8685000000069;985.8297000000009;985.8297000000009;985.8297000000009;985.8297000000009;963.4716999999976;985.8297000000009;973.1538999999982;989.8685000000069;
3431.000000000093;992.080000000044;989.8685000000069;974.0340999999983;974.0340999999983;995.2128000000266;989.8685000000069;993.6464000000353;989.8685000000069;985.8297000000009;985.8297000000009;985.8297000000009;985.8297000000009;963.4716999999976;985.8297000000009;973.1538999999982;989.8685000000069;
3432.000000000093;992.080000000044;989.8685000000069;974.0340999999983;974.0340999999983;995.2128000000266;989.8685000000069;993.6464000000353;989.8685000000069;985.8297000000009;985.8297000000009;985.8297000000009;985.8297000000009;963.4716999999976;985.8297000000009;973.1538999999982;989.8685000000069;
3433.000000000093;992.080000000044;989.8685000000069;974.0340999999983;974.0340999999983;995.2128000000266;989.8685000000069;993.6464000000353;989.8685000000069;985.8297000000009;985.8297000000009;985.8297000000009;985.8297000000009;963.4716999999976;985.8297000000009;973.1538999999982;989.8685000000069;
3434.000000000093;992.080000000044;989.8685000000069;974.0340999999983;974.0340999999983;995.2128000000266;989.8685000000069;993.6464000000353;989.8685000000069;985.8297000000009;985.8297000000009;985.8297000000009;985.8297000000009;963.4716999999976;985.8297000000009;973.1538999999982;989.8685000000069;
3435.000000000093;992.080000000044;989.8685000000069;974.0340999999983;974.0340999999983;995.2128000000266;989.8685000000069;993.6464000000353;989.8685000000069;985.8297000000009;985.8297000000009;985.8297000000009;985.8297000000009;963.4716999999976;985.8297000000009;973.1538999999982;989.8685000000069;
3436.000000000093;992.080000000044;989.8685000000069;974.0340999999983;974.0340999999983;995.2128000000266;989.8685000000069;993.6464000000353;989.8685000000069;985.8297000000009;985.8297000000009;985.8297000000009;985.8297000000009;963.4716999999976;985.8297000000009;973.1538999999982;989.8685000000069;
3437.000000000093;992.080000000044;989.8685000000069;974.0340999999983;974.0340999999983;995.2128000000266;989.8685000000069;993.6464000000353;989.8685000000069;985.8297000000009;985.8297000000009;985.8297000000009;985.8297000000009;963.4716999999976;985.8297000000009;973.1538999999982;989.8685000000069;
3438.000000000093;992.080000000044;989.8685000000069;974.0340999999983;974.0340999999983;995.2128000000266;989.8685000000069;993.6464000000353;989.8685000000069;985.8297000000009;985.8297000000009;985.8297000000009;985.8297000000009;963.4716999999976;985.8297000000009;973.1538999999982;989.8685000000069;
3439.000000000093;992.080000000044;989.8685000000069;974.0340999999983;974.0340999999983;995.2128000000266;989.8685000000069;993.6464000000353;989.8685000000069;985.8297000000009;985.8297000000009;985.8297000000009;985.8297000000009;963.4716999999976;985.8297000000009;973.1538999999982;989.8685000000069;
3440.000000000093;992.080000000044;989.8685000000069;974.0340999999983;974.0340999999983;995.2128000000266;989.8685000000069;993.6464000000353;989.8685000000069;985.8297000000009;985.8297000000009;985.8297000000009;985.8297000000009;963.4716999999976;985.8297000000009;973.1538999999982;989.8685000000069;
3441.000000000093;992.080000000044;989.8685000000069;974.0340999999983;974.0340999999983;995.2128000000266;989.8685000000069;993.6464000000353;989.8685000000069;985.8297000000009;985.8297000000009;985.8297000000009;985.8297000000009;963.4716999999976;985.8297000000009;973.1538999999982;989.8685000000069;
3442.000000000093;992.080000000044;989.8685000000069;974.0340999999983;974.0340999999983;995.2128000000266;989.8685000000069;993.6464000000353;989.8685000000069;985.8297000000009;985.8297000000009;985.8297000000009;985.8297000000009;963.4716999999976;985.8297000000009;973.1538999999982;989.8685000000069;
3443.000000000093;992.080000000044;989.8685000000069;974.0340999999983;974.0340999999983;995.2128000000266;989.8685000000069;993.6464000000353;989.8685000000069;985.8297000000009;985.8297000000009;985.8297000000009;985.8297000000009;963.4716999999976;985.8297000000009;973.1538999999982;989.8685000000069;
3444.000000000093;992.080000000044;989.8685000000069;974.0340999999983;974.0340999999983;995.2128000000266;989.8685000000069;993.6464000000353;989.8685000000069;985.8297000000009;985.8297000000009;985.8297000000009;985.8297000000009;963.4716999999976;985.8297000000009;973.1538999999982;989.8685000000069;
3445.000000000093;992.080000000044;989.8685000000069;974.0340999999983;974.0340999999983;995.2128000000266;989.8685000000069;993.6464000000353;989.8685000000069;985.8297000000009;985.8297000000009;985.8297000000009;985.8297000000009;963.4716999999976;985.8297000000009;973.1538999999982;989.8685000000069;
3446.000000000093;992.080000000044;989.8685000000069;974.0340999999983;974.0340999999983;995.2128000000266;989.8685000000069;993.6464000000353;989.8685000000069;985.8297000000009;985.8297000000009;985.8297000000009;985.8297000000009;963.4716999999976;985.8297000000009;973.1538999999982;989.8685000000069;
3447.000000000093;992.080000000044;989.8685000000069;974.0340999999983;974.0340999999983;995.2128000000266;989.8685000000069;993.6464000000353;989.8685000000069;985.8297000000009;985.8297000000009;985.8297000000009;985.8297000000009;963.4716999999976;985.8297000000009;973.1538999999982;989.8685000000069;
3448.000000000093;992.080000000044;989.8685000000069;974.0340999999983;974.0340999999983;995.2128000000266;989.8685000000069;993.6464000000353;989.8685000000069;985.8297000000009;985.8297000000009;985.8297000000009;985.8297000000009;963.4716999999976;985.8297000000009;973.1538999999982;989.8685000000069;
3449.000000000093;992.080000000044;989.8685000000069;974.0340999999983;974.0340999999983;995.2128000000266;989.8685000000069;993.6464000000353;989.8685000000069;985.8297000000009;985.8297000000009;985.8297000000009;985.8297000000009;963.4716999999976;985.8297000000009;973.1538999999982;989.8685000000069;
3449.783327482396;992.080000000044;989.8685000000069;974.0340999999983;974.0340999999983;995.2128000000266;989.8684000000069;993.6464000000353;989.8685000000069;985.8297000000009;985.8297000000009;985.8297000000009;985.8297000000009;963.4716999999976;985.8297000000009;973.1538999999982;989.8685000000069;
3449.783327482396;992.080000000044;989.8685000000069;974.0340999999983;974.0340999999983;995.2128000000266;989.7804000000069;993.6464000000353;989.8685000000069;985.8297000000009;985.8297000000009;985.8297000000009;985.8297000000009;963.4716999999976;985.8297000000009;973.1538999999982;989.8685000000069;
3449.7886434823963;992.0712000000441;989.8685000000069;974.0340999999983;974.0340999999983;995.2128000000266;989.7804000000069;993.6464000000353;989.8685000000069;985.8297000000009;985.8297000000009;985.8297000000009;985.8297000000009;963.4716999999976;985.8297000000009;973.1538999999982;989.8685000000069;
3449.7886434823963;992.0624000000441;989.8685000000069;974.0340999999983;974.0340999999983;995.2128000000266;989.7804000000069;993.6464000000353;989.8685000000069;985.8297000000009;985.8297000000009;985.8297000000009;985.8297000000009;963.4716999999976;985.8297000000009;973.1538999999982;989.8685000000069;
3449.7939594823965;992.0624000000441;989.8685000000069;974.0340999999983;974.0340999999983;995.2128000000266;989.7804000000069;993.6376000000354;989.8685000000069;985.8297000000009;985.8297000000009;985.8297000000009;985.8297000000009;963.4716999999976;985.8297000000009;973.1538999999982;989.8685000000069;
3449.8139370525264;992.0624000000441;989.8685000000069;974.0339999999983;974.0340999999983;995.2128000000266;989.7804000000069;993.6376000000354;989.8685000000069;985.8297000000009;985.8297000000009;985.8297000000009;985.8297000000009;963.4716999999976;985.8297000000009;973.1538999999982;989.8685000000069;
3449.8139370525264;992.0624000000441;989.8685000000069;973.5939999999982;974.0340999999983;995.2128000000266;989.7804000000069;993.6376000000354;989.8685000000069;985.8297000000009;985.8297000000009;985.8297000000009;985.8297000000009;963.4716999999976;985.8297000000009;973.1538999999982;989.8685000000069;
3449.8192530525266;992.0536000000442;989.8685000000069;973.5939999999982;974.0340999999983;995.2128000000266;989.7804000000069;993.6376000000354;989.8685000000069;985.8297000000009;985.8297000000009;985.8297000000009;985.8297000000009;963.4716999999976;985.8297000000009;973.1538999999982;989.8685000000069;
3449.9291194601374;992.0536000000442;989.8685000000069;973.5939999999982;974.0339999999983;995.2128000000266;989.7804000000069;993.6376000000354;989.8685000000069;985.8297000000009;985.8297000000009;985.8297000000009;985.8297000000009;963.4716999999976;985.8297000000009;973.1538999999982;989.8685000000069;
3449.9291194601374;992.0536000000442;989.8685000000069;973.5939999999982;973.5939999999982;995.2128000000266;989.7804000000069;993.6376000000354;989.8685000000069;985.8297000000009;985.8297000000009;985.8297000000009;985.8297000000009;963.4716999999976;985.8297000000009;973.1538999999982;989.8685000000069;
3449.9314723354687;992.0536000000442;989.8685000000069;973.5939999999982;973.5939999999982;995.2128000000266;989.7804000000069;993.6376000000354;989.8685000000069;985.8296000000009;985.8297000000009;985.8297000000009;985.8297000000009;963.4716999999976;985.8297000000009;973.1538999999982;989.8685000000069;
3449.9314723354687;992.0536000000442;989.8685000000069;973.5939999999982;973.5939999999982;995.2128000000266;989.7804000000069;993.6376000000354;989.8685000000069;985.213600000001;985.8297000000009;985.8297000000009;985.8297000000009;963.4716999999976;985.8297000000009;973.1538999999982;989.8685000000069;
3450.788666822252;992.0184000000444;989.7804000000069;973.5939999999982;973.5939999999982;995.1600000000269;989.7804000000069;993.6288000000354;989.7804000000069;985.213600000001;985.213600000001;985.213600000001;985.213600000001;963.0315999999975;985.213600000001;973.1538999999982;989.7804000000069;
3451.0000000000964;992.0096000000444;989.7804000000069;973.5939999999982;973.5939999999982;995.151200000027;989.7804000000069;993.6112000000355;989.7804000000069;985.213600000001;985.213600000001;985.213600000001;985.213600000001;963.0315999999975;985.213600000001;973.1538999999982;989.7804000000069;
3451.7886901621055;992.0096000000444;989.7804000000069;973.5939999999982;973.5939999999982;995.151200000027;989.7804000000069;993.6112000000355;989.7804000000069;985.213600000001;985.213600000001;985.213600000001;985.213600000001;963.0315999999975;985.213600000001;973.1538999999982;989.7804000000069;
3452.788713501959;992.0008000000445;989.7804000000069;973.5939999999982;973.5939999999982;995.142400000027;989.7804000000069;993.5936000000356;989.7804000000069;985.213600000001;985.213600000001;985.213600000001;985.213600000001;963.0315999999975;985.213600000001;973.1538999999982;989.7804000000069;
3453.788736841813;991.9920000000445;989.7804000000069;973.5939999999982;973.5939999999982;995.1336000000271;989.7804000000069;993.5760000000357;989.7804000000069;985.213600000001;985.213600000001;985.213600000001;985.213600000001;963.0315999999975;985.213600000001;973.1538999999982;989.7804000000069;
3453.934507598177;991.9832000000446;989.7804000000069;973.5939999999982;973.5939999999982;995.1336000000271;989.7804000000069;993.5672000000358;989.7804000000069;985.213600000001;985.213600000001;985.213600000001;985.213600000001;963.0315999999975;985.213600000001;973.1538999999982;989.7804000000069;
3454.7887601816665;991.9832000000446;989.7804000000069;973.5939999999982;973.5939999999982;995.1248000000271;989.7804000000069;993.5584000000358;989.7804000000069;985.213600000001;985.213600000001;985.213600000001;985.213600000001;963.0315999999975;985.213600000001;973.1538999999982;989.7804000000069;
3455.78878352152;991.9744000000446;989.7804000000069;973.5939999999982;973.5939999999982;995.1248000000271;989.7804000000069;993.5496000000359;989.7804000000069;985.213600000001;985.213600000001;985.213600000001;985.213600000001;963.0315999999975;985.213600000001;973.1538999999982;989.7804000000069;
3456.0000000000987;991.9744000000446;989.7804000000069;973.5939999999982;973.5939999999982;995.1248000000271;989.7804000000069;993.5496000000359;989.7804000000069;985.213600000001;985.213600000001;985.213600000001;985.213600000001;963.0315999999975;985.213600000001;973.1538999999982;989.7804000000069;
3457.0000000000987;991.9744000000446;989.7804000000069;973.5939999999982;973.5939999999982;995.1248000000271;989.7804000000069;993.5496000000359;989.7804000000069;985.213600000001;985.213600000001;985.213600000001;985.213600000001;963.0315999999975;985.213600000001;973.1538999999982;989.7804000000069;
3458.0000000000987;991.9744000000446;989.7804000000069;973.5939999999982;973.5939999999982;995.1248000000271;989.7804000000069;993.5496000000359;989.7804000000069;985.213600000001;985.213600000001;985.213600000001;985.213600000001;963.0315999999975;985.213600000001;973.1538999999982;989.7804000000069;
3459.0000000000987;991.9744000000446;989.7804000000069;973.5939999999982;973.5939999999982;995.1248000000271;989.7804000000069;993.5496000000359;989.7804000000069;985.213600000001;985.213600000001;985.213600000001;985.213600000001;963.0315999999975;985.213600000001;973.1538999999982;989.7804000000069;
3460.0000000000987;991.9744000000446;989.7804000000069;973.5939999999982;973.5939999999982;995.1248000000271;989.7804000000069;993.5496000000359;989.7804000000069;985.213600000001;985.213600000001;985.213600000001;985.213600000001;963.0315999999975;985.213600000001;973.1538999999982;989.7804000000069;
3461.0000000000987;991.9744000000446;989.7804000000069;973.5939999999982;973.5939999999982;995.1248000000271;989.7804000000069;993.5496000000359;989.7804000000069;985.213600000001;985.213600000001;985.213600000001;985.213600000001;963.0315999999975;985.213600000001;973.1538999999982;989.7804000000069;
3462.0000000000987;991.9744000000446;989.7804000000069;973.5939999999982;973.5939999999982;995.1248000000271;989.7804000000069;993.5496000000359;989.7804000000069;985.213600000001;985.213600000001;985.213600000001;985.213600000001;963.0315999999975;985.213600000001;973.1538999999982;989.7804000000069;
3463.0000000000987;991.9744000000446;989.7804000000069;973.5939999999982;973.5939999999982;995.1248000000271;989.7804000000069;993.5496000000359;989.7804000000069;985.213600000001;985.213600000001;985.213600000001;985.213600000001;963.0315999999975;985.213600000001;973.1538999999982;989.7804000000069;
3464.0000000000987;991.9744000000446;989.7804000000069;973.5939999999982;973.5939999999982;995.1248000000271;989.7804000000069;993.5496000000359;989.7804000000069;985.213600000001;985.213600000001;985.213600000001;985.213600000001;963.0315999999975;985.213600000001;973.1538999999982;989.7804000000069;
3465.0000000000987;991.9744000000446;989.7804000000069;973.5939999999982;973.5939999999982;995.1248000000271;989.7804000000069;993.5496000000359;989.7804000000069;985.213600000001;985.213600000001;985.213600000001;985.213600000001;963.0315999999975;985.213600000001;973.1538999999982;989.7804000000069;
3466.0000000000987;991.9744000000446;989.7804000000069;973.5939999999982;973.5939999999982;995.1248000000271;989.7804000000069;993.5496000000359;989.7804000000069;985.213600000001;985.213600000001;985.213600000001;985.213600000001;963.0315999999975;985.213600000001;973.1538999999982;989.7804000000069;
3467.0000000000987;991.9744000000446;989.7804000000069;973.5939999999982;973.5939999999982;995.1248000000271;989.7804000000069;993.5496000000359;989.7804000000069;985.213600000001;985.213600000001;985.213600000001;985.213600000001;963.0315999999975;985.213600000001;973.1538999999982;989.7804000000069;
3468.0000000000987;991.9744000000446;989.7804000000069;973.5939999999982;973.5939999999982;995.1248000000271;989.7804000000069;993.5496000000359;989.7804000000069;985.213600000001;985.213600000001;985.213600000001;985.213600000001;963.0315999999975;985.213600000001;973.1538999999982;989.7804000000069;
3469.0000000000987;991.9744000000446;989.7804000000069;973.5939999999982;973.5939999999982;995.1248000000271;989.7804000000069;993.5496000000359;989.7804000000069;985.213600000001;985.213600000001;985.213600000001;985.213600000001;963.0315999999975;985.213600000001;973.1538999999982;989.7804000000069;
3470.0000000000987;991.9744000000446;989.7804000000069;973.5939999999982;973.5939999999982;995.1248000000271;989.7804000000069;993.5496000000359;989.7804000000069;985.213600000001;985.213600000001;985.213600000001;985.213600000001;963.0315999999975;985.213600000001;973.1538999999982;989.7804000000069;
3471.0000000000987;991.9744000000446;989.7804000000069;973.5939999999982;973.5939999999982;995.1248000000271;989.7804000000069;993.5496000000359;989.7804000000069;985.213600000001;985.213600000001;985.213600000001;985.213600000001;963.0315999999975;985.213600000001;973.1538999999982;989.7804000000069;
3472.0000000000987;991.9744000000446;989.7804000000069;973.5939999999982;973.5939999999982;995.1248000000271;989.7804000000069;993.5496000000359;989.7804000000069;985.213600000001;985.213600000001;985.213600000001;985.213600000001;963.0315999999975;985.213600000001;973.1538999999982;989.7804000000069;
3473.0000000000987;991.9744000000446;989.7804000000069;973.5939999999982;973.5939999999982;995.1248000000271;989.7804000000069;993.5496000000359;989.7804000000069;985.213600000001;985.213600000001;985.213600000001;985.213600000001;963.0315999999975;985.213600000001;973.1538999999982;989.7804000000069;
3474.0000000000987;991.9744000000446;989.7804000000069;973.5939999999982;973.5939999999982;995.1248000000271;989.7804000000069;993.5496000000359;989.7804000000069;985.213600000001;985.213600000001;985.213600000001;985.213600000001;963.0315999999975;985.213600000001;973.1538999999982;989.7804000000069;
3475.0000000000987;991.9744000000446;989.7804000000069;973.5939999999982;973.5939999999982;995.1248000000271;989.7804000000069;993.5496000000359;989.7804000000069;985.213600000001;985.213600000001;985.213600000001;985.213600000001;963.0315999999975;985.213600000001;973.1538999999982;989.7804000000069;
3476.0000000000987;991.9744000000446;989.7804000000069;973.5939999999982;973.5939999999982;995.1248000000271;989.7804000000069;993.5496000000359;989.7804000000069;985.213600000001;985.213600000001;985.213600000001;985.213600000001;963.0315999999975;985.213600000001;973.1538999999982;989.7804000000069;
3477.0000000000987;991.9744000000446;989.7804000000069;973.5939999999982;973.5939999999982;995.1248000000271;989.7804000000069;993.5496000000359;989.7804000000069;985.213600000001;985.213600000001;985.213600000001;985.213600000001;963.0315999999975;985.213600000001;973.1538999999982;989.7804000000069;
3478.0000000000987;991.9744000000446;989.7804000000069;973.5939999999982;973.5939999999982;995.1248000000271;989.7804000000069;993.5496000000359;989.7804000000069;985.213600000001;985.213600000001;985.213600000001;985.213600000001;963.0315999999975;985.213600000001;973.1538999999982;989.7804000000069;
3479.0000000000987;991.9744000000446;989.7804000000069;973.5939999999982;973.5939999999982;995.1248000000271;989.7804000000069;993.5496000000359;989.7804000000069;985.213600000001;985.213600000001;985.213600000001;985.213600000001;963.0315999999975;985.213600000001;973.1538999999982;989.7804000000069;
3479.781433172258;991.9744000000446;989.7804000000069;973.5939999999982;973.5939999999982;995.1248000000271;989.780300000007;993.5496000000359;989.7804000000069;985.213600000001;985.213600000001;985.213600000001;985.213600000001;963.0315999999975;985.213600000001;973.1538999999982;989.7804000000069;
3479.781433172258;991.9744000000446;989.7804000000069;973.5939999999982;973.5939999999982;995.1248000000271;989.692300000007;993.5496000000359;989.7804000000069;985.213600000001;985.213600000001;985.213600000001;985.213600000001;963.0315999999975;985.213600000001;973.1538999999982;989.7804000000069;
3479.786749172258;991.9656000000447;989.7804000000069;973.5939999999982;973.5939999999982;995.1248000000271;989.692300000007;993.5496000000359;989.7804000000069;985.213600000001;985.213600000001;985.213600000001;985.213600000001;963.0315999999975;985.213600000001;973.1538999999982;989.7804000000069;
3479.786749172258;991.9568000000447;989.7804000000069;973.5939999999982;973.5939999999982;995.1248000000271;989.692300000007;993.5496000000359;989.7804000000069;985.213600000001;985.213600000001;985.213600000001;985.213600000001;963.0315999999975;985.213600000001;973.1538999999982;989.7804000000069;
3479.7920651722584;991.9568000000447;989.7804000000069;973.5939999999982;973.5939999999982;995.1248000000271;989.692300000007;993.5408000000359;989.7804000000069;985.213600000001;985.213600000001;985.213600000001;985.213600000001;963.0315999999975;985.213600000001;973.1538999999982;989.7804000000069;
3479.940891935331;991.9568000000447;989.7804000000069;973.5939999999982;973.5939999999982;995.1248000000271;989.692300000007;993.5408000000359;989.780300000007;985.213600000001;985.213600000001;985.213600000001;985.213600000001;963.0315999999975;985.213600000001;973.1538999999982;989.7804000000069;
3479.940891935331;991.9568000000447;989.7804000000069;973.5939999999982;973.5939999999982;995.1248000000271;989.692300000007;993.5408000000359;989.692300000007;985.213600000001;985.213600000001;985.213600000001;985.213600000001;963.0315999999975;985.213600000001;973.1538999999982;989.7804000000069;
3479.946207935331;991.9480000000448;989.7804000000069;973.5939999999982;973.5939999999982;995.1248000000271;989.692300000007;993.5408000000359;989.692300000007;985.213600000001;985.213600000001;985.213600000001;985.213600000001;963.0315999999975;985.213600000001;973.1538999999982;989.7804000000069;
3480.000000000099;991.9480000000448;989.7804000000069;973.5939999999982;973.5939999999982;995.1248000000271;989.692300000007;993.5408000000359;989.692300000007;985.213600000001;985.213600000001;985.213600000001;985.213600000001;963.0315999999975;985.213600000001;973.1538999999982;989.7804000000069;
3480.0379414811396;991.9480000000448;989.7804000000069;973.5939999999982;973.5939999999982;995.1248000000271;989.692300000007;993.5408000000359;989.692300000007;985.213600000001;985.213600000001;985.213600000001;985.213600000001;963.0315999999975;985.213600000001;973.1538999999982;989.780300000007;
3480.0379414811396;991.9480000000448;989.7804000000069;973.5939999999982;973.5939999999982;995.1248000000271;989.692300000007;993.5408000000359;989.692300000007;985.213600000001;985.213600000001;985.213600000001;985.213600000001;963.0315999999975;985.213600000001;973.1538999999982;989.692300000007;
3480.786772512112;991.9392000000448;989.692300000007;973.5939999999982;973.5939999999982;995.1072000000272;989.692300000007;993.532000000036;989.692300000007;985.213600000001;985.213600000001;985.213600000001;985.213600000001;963.0315999999975;985.213600000001;972.7137999999982;989.692300000007;
3481.202235257965;991.9304000000449;989.692300000007;973.5939999999982;973.5939999999982;995.1072000000272;989.692300000007;993.523200000036;989.692300000007;985.213600000001;985.213600000001;985.213600000001;985.213600000001;963.0315999999975;985.213600000001;972.7137999999982;989.692300000007;
3482.0000000001005;991.9216000000449;989.692300000007;973.5939999999982;973.5939999999982;995.1072000000272;989.692300000007;993.5144000000361;989.692300000007;985.213600000001;985.213600000001;985.213600000001;985.213600000001;963.0315999999975;985.213600000001;972.7137999999982;989.692300000007;
3482.786819191819;991.9216000000449;989.692300000007;973.5939999999982;973.5939999999982;995.1072000000272;989.692300000007;993.5144000000361;989.692300000007;985.213600000001;985.213600000001;985.213600000001;985.213600000001;963.0315999999975;985.213600000001;972.7137999999982;989.692300000007;
3484.0000000001005;991.9216000000449;989.692300000007;973.5939999999982;973.5939999999982;995.1072000000272;989.692300000007;993.5144000000361;989.692300000007;985.213600000001;985.213600000001;985.213600000001;985.213600000001;963.0315999999975;985.213600000001;972.7137999999982;989.692300000007;
3485.0000000001005;991.9216000000449;989.692300000007;973.5939999999982;973.5939999999982;995.1072000000272;989.692300000007;993.5144000000361;989.692300000007;985.213600000001;985.213600000001;985.213600000001;985.213600000001;963.0315999999975;985.213600000001;972.7137999999982;989.692300000007;
3486.0000000001005;991.9216000000449;989.692300000007;973.5939999999982;973.5939999999982;995.1072000000272;989.692300000007;993.5144000000361;989.692300000007;985.213600000001;985.213600000001;985.213600000001;985.213600000001;963.0315999999975;985.213600000001;972.7137999999982;989.692300000007;
3487.0000000001005;991.9216000000449;989.692300000007;973.5939999999982;973.5939999999982;995.1072000000272;989.692300000007;993.5144000000361;989.692300000007;985.213600000001;985.213600000001;985.213600000001;985.213600000001;963.0315999999975;985.213600000001;972.7137999999982;989.692300000007;
3488.0000000001005;991.9216000000449;989.692300000007;973.5939999999982;973.5939999999982;995.1072000000272;989.692300000007;993.5144000000361;989.692300000007;985.213600000001;985.213600000001;985.213600000001;985.213600000001;963.0315999999975;985.213600000001;972.7137999999982;989.692300000007;
3489.0000000001005;991.9216000000449;989.692300000007;973.5939999999982;973.5939999999982;995.1072000000272;989.692300000007;993.5144000000361;989.692300000007;985.213600000001;985.213600000001;985.213600000001;985.213600000001;963.0315999999975;985.213600000001;972.7137999999982;989.692300000007;
3490.0000000001005;991.9216000000449;989.692300000007;973.5939999999982;973.5939999999982;995.1072000000272;989.692300000007;993.5144000000361;989.692300000007;985.213600000001;985.213600000001;985.213600000001;985.213600000001;963.0315999999975;985.213600000001;972.7137999999982;989.692300000007;
3491.0000000001005;991.9216000000449;989.692300000007;973.5939999999982;973.5939999999982;995.1072000000272;989.692300000007;993.5144000000361;989.692300000007;985.213600000001;985.213600000001;985.213600000001;985.213600000001;963.0315999999975;985.213600000001;972.7137999999982;989.692300000007;
3492.0000000001005;991.9216000000449;989.692300000007;973.5939999999982;973.5939999999982;995.1072000000272;989.692300000007;993.5144000000361;989.692300000007;985.213600000001;985.213600000001;985.213600000001;985.213600000001;963.0315999999975;985.213600000001;972.7137999999982;989.692300000007;
3493.0000000001005;991.9216000000449;989.692300000007;973.5939999999982;973.5939999999982;995.1072000000272;989.692300000007;993.5144000000361;989.692300000007;985.213600000001;985.213600000001;985.213600000001;985.213600000001;963.0315999999975;985.213600000001;972.7137999999982;989.692300000007;
3494.0000000001005;991.9216000000449;989.692300000007;973.5939999999982;973.5939999999982;995.1072000000272;989.692300000007;993.5144000000361;989.692300000007;985.213600000001;985.213600000001;985.213600000001;985.213600000001;963.0315999999975;985.213600000001;972.7137999999982;989.692300000007;
3495.0000000001005;991.9216000000449;989.692300000007;973.5939999999982;973.5939999999982;995.1072000000272;989.692300000007;993.5144000000361;989.692300000007;985.213600000001;985.213600000001;985.213600000001;985.213600000001;963.0315999999975;985.213600000001;972.7137999999982;989.692300000007;
3496.0000000001005;991.9216000000449;989.692300000007;973.5939999999982;973.5939999999982;995.1072000000272;989.692300000007;993.5144000000361;989.692300000007;985.213600000001;985.213600000001;985.213600000001;985.213600000001;963.0315999999975;985.213600000001;972.7137999999982;989.692300000007;
3497.0000000001005;991.9216000000449;989.692300000007;973.5939999999982;973.5939999999982;995.1072000000272;989.692300000007;993.5144000000361;989.692300000007;985.213600000001;985.213600000001;985.213600000001;985.213600000001;963.0315999999975;985.213600000001;972.7137999999982;989.692300000007;
3498.0000000001005;991.9216000000449;989.692300000007;973.5939999999982;973.5939999999982;995.1072000000272;989.692300000007;993.5144000000361;989.692300000007;985.213600000001;985.213600000001;985.213600000001;985.213600000001;963.0315999999975;985.213600000001;972.7137999999982;989.692300000007;
3499.0000000001005;991.9216000000449;989.692300000007;973.5939999999982;973.5939999999982;995.1072000000272;989.692300000007;993.5144000000361;989.692300000007;985.213600000001;985.213600000001;985.213600000001;985.213600000001;963.0315999999975;985.213600000001;972.7137999999982;989.692300000007;
3500.0000000001005;991.9216000000449;989.692300000007;973.5939999999982;973.5939999999982;995.1072000000272;989.692300000007;993.5144000000361;989.692300000007;985.213600000001;985.213600000001;985.213600000001;985.213600000001;963.0315999999975;985.213600000001;972.7137999999982;989.692300000007;
3501.0000000001005;991.9216000000449;989.692300000007;973.5939999999982;973.5939999999982;995.1072000000272;989.692300000007;993.5144000000361;989.692300000007;985.213600000001;985.213600000001;985.213600000001;985.213600000001;963.0315999999975;985.213600000001;972.7137999999982;989.692300000007;
3502.0000000001005;991.9216000000449;989.692300000007;973.5939999999982;973.5939999999982;995.1072000000272;989.692300000007;993.5144000000361;989.692300000007;985.213600000001;985.213600000001;985.213600000001;985.213600000001;963.0315999999975;985.213600000001;972.7137999999982;989.692300000007;
3503.0000000001005;991.9216000000449;989.692300000007;973.5939999999982;973.5939999999982;995.1072000000272;989.692300000007;993.5144000000361;989.692300000007;985.213600000001;985.213600000001;985.213600000001;985.213600000001;963.0315999999975;985.213600000001;972.7137999999982;989.692300000007;
3504.0000000001005;991.9216000000449;989.692300000007;973.5939999999982;973.5939999999982;995.1072000000272;989.692300000007;993.5144000000361;989.692300000007;985.213600000001;985.213600000001;985.213600000001;985.213600000001;963.0315999999975;985.213600000001;972.7137999999982;989.692300000007;
3505.0000000001005;991.9216000000449;989.692300000007;973.5939999999982;973.5939999999982;995.1072000000272;989.692300000007;993.5144000000361;989.692300000007;985.213600000001;985.213600000001;985.213600000001;985.213600000001;963.0315999999975;985.213600000001;972.7137999999982;989.692300000007;
3506.0000000001005;991.9216000000449;989.692300000007;973.5939999999982;973.5939999999982;995.1072000000272;989.692300000007;993.5144000000361;989.692300000007;985.213600000001;985.213600000001;985.213600000001;985.213600000001;963.0315999999975;985.213600000001;972.7137999999982;989.692300000007;
3507.0000000001005;991.9216000000449;989.692300000007;973.5939999999982;973.5939999999982;995.1072000000272;989.692300000007;993.5144000000361;989.692300000007;985.213600000001;985.213600000001;985.213600000001;985.213600000001;963.0315999999975;985.213600000001;972.7137999999982;989.692300000007;
3508.0000000001005;991.9216000000449;989.692300000007;973.5939999999982;973.5939999999982;995.1072000000272;989.692300000007;993.5144000000361;989.692300000007;985.213600000001;985.213600000001;985.213600000001;985.213600000001;963.0315999999975;985.213600000001;972.7137999999982;989.692300000007;
3509.0000000001005;991.9216000000449;989.692300000007;973.5939999999982;973.5939999999982;995.1072000000272;989.692300000007;993.5144000000361;989.692300000007;985.213600000001;985.213600000001;985.213600000001;985.213600000001;963.0315999999975;985.213600000001;972.7137999999982;989.692300000007;
3509.7795388621157;991.9216000000449;989.692300000007;973.5939999999982;973.5939999999982;995.1072000000272;989.692200000007;993.5144000000361;989.692300000007;985.213600000001;985.213600000001;985.213600000001;985.213600000001;963.0315999999975;985.213600000001;972.7137999999982;989.692300000007;
3509.7795388621157;991.9216000000449;989.692300000007;973.5939999999982;973.5939999999982;995.1072000000272;989.604200000007;993.5144000000361;989.692300000007;985.213600000001;985.213600000001;985.213600000001;985.213600000001;963.0315999999975;985.213600000001;972.7137999999982;989.692300000007;
3509.784854862116;991.912800000045;989.692300000007;973.5939999999982;973.5939999999982;995.1072000000272;989.604200000007;993.5144000000361;989.692300000007;985.213600000001;985.213600000001;985.213600000001;985.213600000001;963.0315999999975;985.213600000001;972.7137999999982;989.692300000007;
3509.784854862116;991.904000000045;989.692300000007;973.5939999999982;973.5939999999982;995.1072000000272;989.604200000007;993.5144000000361;989.692300000007;985.213600000001;985.213600000001;985.213600000001;985.213600000001;963.0315999999975;985.213600000001;972.7137999999982;989.692300000007;
3509.790170862116;991.904000000045;989.692300000007;973.5939999999982;973.5939999999982;995.1072000000272;989.604200000007;993.5056000000361;989.692300000007;985.213600000001;985.213600000001;985.213600000001;985.213600000001;963.0315999999975;985.213600000001;972.7137999999982;989.692300000007;
3509.8105923760645;991.904000000045;989.692300000007;973.5938999999983;973.5939999999982;995.1072000000272;989.604200000007;993.5056000000361;989.692300000007;985.213600000001;985.213600000001;985.213600000001;985.213600000001;963.0315999999975;985.213600000001;972.7137999999982;989.692300000007;
3509.8105923760645;991.904000000045;989.692300000007;973.1538999999982;973.5939999999982;995.1072000000272;989.604200000007;993.5056000000361;989.692300000007;985.213600000001;985.213600000001;985.213600000001;985.213600000001;963.0315999999975;985.213600000001;972.7137999999982;989.692300000007;
3509.8159083760647;991.8952000000451;989.692300000007;973.1538999999982;973.5939999999982;995.1072000000272;989.604200000007;993.5056000000361;989.692300000007;985.213600000001;985.213600000001;985.213600000001;985.213600000001;963.0315999999975;985.213600000001;972.7137999999982;989.692300000007;
3509.9278823624454;991.8952000000451;989.692300000007;973.1538999999982;973.5938999999983;995.1072000000272;989.604200000007;993.5056000000361;989.692300000007;985.213600000001;985.213600000001;985.213600000001;985.213600000001;963.0315999999975;985.213600000001;972.7137999999982;989.692300000007;
3509.9278823624454;991.8952000000451;989.692300000007;973.1538999999982;973.1538999999982;995.1072000000272;989.604200000007;993.5056000000361;989.692300000007;985.213600000001;985.213600000001;985.213600000001;985.213600000001;963.0315999999975;985.213600000001;972.7137999999982;989.692300000007;
3509.9331983624456;991.8952000000451;989.692300000007;973.1538999999982;973.1538999999982;995.0984000000273;989.604200000007;993.5056000000361;989.692300000007;985.213600000001;985.213600000001;985.213600000001;985.213600000001;963.0315999999975;985.213600000001;972.7137999999982;989.692300000007;
3509.9331983624456;991.8952000000451;989.692300000007;973.1538999999982;973.1538999999982;995.0896000000273;989.604200000007;993.5056000000361;989.692300000007;985.213600000001;985.213600000001;985.213600000001;985.213600000001;963.0315999999975;985.213600000001;972.7137999999982;989.692300000007;
3509.938514362446;991.8952000000451;989.692300000007;973.1538999999982;973.1538999999982;995.0896000000273;989.604200000007;993.4968000000362;989.692300000007;985.213600000001;985.213600000001;985.213600000001;985.213600000001;963.0315999999975;985.213600000001;972.7137999999982;989.692300000007;
3510.7848782019705;991.8776000000452;989.604200000007;973.1538999999982;973.1538999999982;995.0808000000274;989.604200000007;993.4968000000362;989.604200000007;985.213600000001;985.213600000001;985.213600000001;985.213600000001;962.5914999999975;985.213600000001;972.7137999999982;989.604200000007;
3511.784901541824;991.8688000000452;989.604200000007;973.1538999999982;973.1538999999982;995.0720000000274;989.604200000007;993.4792000000363;989.604200000007;985.213600000001;985.213600000001;985.213600000001;985.213600000001;962.5914999999975;985.213600000001;972.7137999999982;989.604200000007;
3511.933234431465;991.8600000000453;989.604200000007;973.1538999999982;973.1538999999982;995.0720000000274;989.604200000007;993.4704000000363;989.604200000007;985.213600000001;985.213600000001;985.213600000001;985.213600000001;962.5914999999975;985.213600000001;972.7137999999982;989.604200000007;
3512.7849248816774;991.8600000000453;989.604200000007;973.1538999999982;973.1538999999982;995.0720000000274;989.604200000007;993.4704000000363;989.604200000007;985.213600000001;985.213600000001;985.213600000001;985.213600000001;962.5914999999975;985.213600000001;972.7137999999982;989.604200000007;
3513.7849482215306;991.8512000000453;989.604200000007;973.1538999999982;973.1538999999982;995.0720000000274;989.604200000007;993.4616000000364;989.604200000007;985.213600000001;985.213600000001;985.213600000001;985.213600000001;962.5914999999975;985.213600000001;972.7137999999982;989.604200000007;
3514.000000000103;991.8512000000453;989.604200000007;973.1538999999982;973.1538999999982;995.0720000000274;989.604200000007;993.4616000000364;989.604200000007;985.213600000001;985.213600000001;985.213600000001;985.213600000001;962.5914999999975;985.213600000001;972.7137999999982;989.604200000007;
3515.000000000103;991.8512000000453;989.604200000007;973.1538999999982;973.1538999999982;995.0720000000274;989.604200000007;993.4616000000364;989.604200000007;985.213600000001;985.213600000001;985.213600000001;985.213600000001;962.5914999999975;985.213600000001;972.7137999999982;989.604200000007;
3516.000000000103;991.8512000000453;989.604200000007;973.1538999999982;973.1538999999982;995.0720000000274;989.604200000007;993.4616000000364;989.604200000007;985.213600000001;985.213600000001;985.213600000001;985.213600000001;962.5914999999975;985.213600000001;972.7137999999982;989.604200000007;
3517.000000000103;991.8512000000453;989.604200000007;973.1538999999982;973.1538999999982;995.0720000000274;989.604200000007;993.4616000000364;989.604200000007;985.213600000001;985.213600000001;985.213600000001;985.213600000001;962.5914999999975;985.213600000001;972.7137999999982;989.604200000007;
3518.000000000103;991.8512000000453;989.604200000007;973.1538999999982;973.1538999999982;995.0720000000274;989.604200000007;993.4616000000364;989.604200000007;985.213600000001;985.213600000001;985.213600000001;985.213600000001;962.5914999999975;985.213600000001;972.7137999999982;989.604200000007;
3519.000000000103;991.8512000000453;989.604200000007;973.1538999999982;973.1538999999982;995.0720000000274;989.604200000007;993.4616000000364;989.604200000007;985.213600000001;985.213600000001;985.213600000001;985.213600000001;962.5914999999975;985.213600000001;972.7137999999982;989.604200000007;
3520.000000000103;991.8512000000453;989.604200000007;973.1538999999982;973.1538999999982;995.0720000000274;989.604200000007;993.4616000000364;989.604200000007;985.213600000001;985.213600000001;985.213600000001;985.213600000001;962.5914999999975;985.213600000001;972.7137999999982;989.604200000007;
3521.000000000103;991.8512000000453;989.604200000007;973.1538999999982;973.1538999999982;995.0720000000274;989.604200000007;993.4616000000364;989.604200000007;985.213600000001;985.213600000001;985.213600000001;985.213600000001;962.5914999999975;985.213600000001;972.7137999999982;989.604200000007;
3522.000000000103;991.8512000000453;989.604200000007;973.1538999999982;973.1538999999982;995.0720000000274;989.604200000007;993.4616000000364;989.604200000007;985.213600000001;985.213600000001;985.213600000001;985.213600000001;962.5914999999975;985.213600000001;972.7137999999982;989.604200000007;
3523.000000000103;991.8512000000453;989.604200000007;973.1538999999982;973.1538999999982;995.0720000000274;989.604200000007;993.4616000000364;989.604200000007;985.213600000001;985.213600000001;985.213600000001;985.213600000001;962.5914999999975;985.213600000001;972.7137999999982;989.604200000007;
3524.000000000103;991.8512000000453;989.604200000007;973.1538999999982;973.1538999999982;995.0720000000274;989.604200000007;993.4616000000364;989.604200000007;985.213600000001;985.213600000001;985.213600000001;985.213600000001;962.5914999999975;985.213600000001;972.7137999999982;989.604200000007;
3525.000000000103;991.8512000000453;989.604200000007;973.1538999999982;973.1538999999982;995.0720000000274;989.604200000007;993.4616000000364;989.604200000007;985.213600000001;985.213600000001;985.213600000001;985.213600000001;962.5914999999975;985.213600000001;972.7137999999982;989.604200000007;
3526.000000000103;991.8512000000453;989.604200000007;973.1538999999982;973.1538999999982;995.0720000000274;989.604200000007;993.4616000000364;989.604200000007;985.213600000001;985.213600000001;985.213600000001;985.213600000001;962.5914999999975;985.213600000001;972.7137999999982;989.604200000007;
3527.000000000103;991.8512000000453;989.604200000007;973.1538999999982;973.1538999999982;995.0720000000274;989.604200000007;993.4616000000364;989.604200000007;985.213600000001;985.213600000001;985.213600000001;985.213600000001;962.5914999999975;985.213600000001;972.7137999999982;989.604200000007;
3528.000000000103;991.8512000000453;989.604200000007;973.1538999999982;973.1538999999982;995.0720000000274;989.604200000007;993.4616000000364;989.604200000007;985.213600000001;985.213600000001;985.213600000001;985.213600000001;962.5914999999975;985.213600000001;972.7137999999982;989.604200000007;
3529.000000000103;991.8512000000453;989.604200000007;973.1538999999982;973.1538999999982;995.0720000000274;989.604200000007;993.4616000000364;989.604200000007;985.213600000001;985.213600000001;985.213600000001;985.213600000001;962.5914999999975;985.213600000001;972.7137999999982;989.604200000007;
3530.000000000103;991.8512000000453;989.604200000007;973.1538999999982;973.1538999999982;995.0720000000274;989.604200000007;993.4616000000364;989.604200000007;985.213600000001;985.213600000001;985.213600000001;985.213600000001;962.5914999999975;985.213600000001;972.7137999999982;989.604200000007;
3531.000000000103;991.8512000000453;989.604200000007;973.1538999999982;973.1538999999982;995.0720000000274;989.604200000007;993.4616000000364;989.604200000007;985.213600000001;985.213600000001;985.213600000001;985.213600000001;962.5914999999975;985.213600000001;972.7137999999982;989.604200000007;
3532.000000000103;991.8512000000453;989.604200000007;973.1538999999982;973.1538999999982;995.0720000000274;989.604200000007;993.4616000000364;989.604200000007;985.213600000001;985.213600000001;985.213600000001;985.213600000001;962.5914999999975;985.213600000001;972.7137999999982;989.604200000007;
3533.000000000103;991.8512000000453;989.604200000007;973.1538999999982;973.1538999999982;995.0720000000274;989.604200000007;993.4616000000364;989.604200000007;985.213600000001;985.213600000001;985.213600000001;985.213600000001;962.5914999999975;985.213600000001;972.7137999999982;989.604200000007;
3534.000000000103;991.8512000000453;989.604200000007;973.1538999999982;973.1538999999982;995.0720000000274;989.604200000007;993.4616000000364;989.604200000007;985.213600000001;985.213600000001;985.213600000001;985.213600000001;962.5914999999975;985.213600000001;972.7137999999982;989.604200000007;
3535.000000000103;991.8512000000453;989.604200000007;973.1538999999982;973.1538999999982;995.0720000000274;989.604200000007;993.4616000000364;989.604200000007;985.213600000001;985.213600000001;985.213600000001;985.213600000001;962.5914999999975;985.213600000001;972.7137999999982;989.604200000007;
3536.000000000103;991.8512000000453;989.604200000007;973.1538999999982;973.1538999999982;995.0720000000274;989.604200000007;993.4616000000364;989.604200000007;985.213600000001;985.213600000001;985.213600000001;985.213600000001;962.5914999999975;985.213600000001;972.7137999999982;989.604200000007;
3537.000000000103;991.8512000000453;989.604200000007;973.1538999999982;973.1538999999982;995.0720000000274;989.604200000007;993.4616000000364;989.604200000007;985.213600000001;985.213600000001;985.213600000001;985.213600000001;962.5914999999975;985.213600000001;972.7137999999982;989.604200000007;
3538.000000000103;991.8512000000453;989.604200000007;973.1538999999982;973.1538999999982;995.0720000000274;989.604200000007;993.4616000000364;989.604200000007;985.213600000001;985.213600000001;985.213600000001;985.213600000001;962.5914999999975;985.213600000001;972.7137999999982;989.604200000007;
3539.000000000103;991.8512000000453;989.604200000007;973.1538999999982;973.1538999999982;995.0720000000274;989.604200000007;993.4616000000364;989.604200000007;985.213600000001;985.213600000001;985.213600000001;985.213600000001;962.5914999999975;985.213600000001;972.7137999999982;989.604200000007;
3539.7776445519744;991.8512000000453;989.604200000007;973.1538999999982;973.1538999999982;995.0720000000274;989.6041000000071;993.4616000000364;989.604200000007;985.213600000001;985.213600000001;985.213600000001;985.213600000001;962.5914999999975;985.213600000001;972.7137999999982;989.604200000007;
3539.7776445519744;991.8512000000453;989.604200000007;973.1538999999982;973.1538999999982;995.0720000000274;989.5161000000071;993.4616000000364;989.604200000007;985.213600000001;985.213600000001;985.213600000001;985.213600000001;962.5914999999975;985.213600000001;972.7137999999982;989.604200000007;
3539.7829605519746;991.8424000000454;989.604200000007;973.1538999999982;973.1538999999982;995.0720000000274;989.5161000000071;993.4616000000364;989.604200000007;985.213600000001;985.213600000001;985.213600000001;985.213600000001;962.5914999999975;985.213600000001;972.7137999999982;989.604200000007;
3539.7829605519746;991.8336000000454;989.604200000007;973.1538999999982;973.1538999999982;995.0720000000274;989.5161000000071;993.4616000000364;989.604200000007;985.213600000001;985.213600000001;985.213600000001;985.213600000001;962.5914999999975;985.213600000001;972.7137999999982;989.604200000007;
3539.788276551975;991.8336000000454;989.604200000007;973.1538999999982;973.1538999999982;995.0720000000274;989.5161000000071;993.4528000000364;989.604200000007;985.213600000001;985.213600000001;985.213600000001;985.213600000001;962.5914999999975;985.213600000001;972.7137999999982;989.604200000007;
3539.808920037832;991.8336000000454;989.604200000007;973.1537999999982;973.1538999999982;995.0720000000274;989.5161000000071;993.4528000000364;989.604200000007;985.213600000001;985.213600000001;985.213600000001;985.213600000001;962.5914999999975;985.213600000001;972.7137999999982;989.604200000007;
3539.808920037832;991.8336000000454;989.604200000007;972.7137999999982;973.1538999999982;995.0720000000274;989.5161000000071;993.4528000000364;989.604200000007;985.213600000001;985.213600000001;985.213600000001;985.213600000001;962.5914999999975;985.213600000001;972.7137999999982;989.604200000007;
3539.8142360378324;991.8248000000455;989.604200000007;972.7137999999982;973.1538999999982;995.0720000000274;989.5161000000071;993.4528000000364;989.604200000007;985.213600000001;985.213600000001;985.213600000001;985.213600000001;962.5914999999975;985.213600000001;972.7137999999982;989.604200000007;
3539.939859778656;991.8248000000455;989.604200000007;972.7137999999982;973.1538999999982;995.0720000000274;989.5161000000071;993.4528000000364;989.6041000000071;985.213600000001;985.213600000001;985.213600000001;985.213600000001;962.5914999999975;985.213600000001;972.7137999999982;989.604200000007;
3539.939859778656;991.8248000000455;989.604200000007;972.7137999999982;973.1538999999982;995.0720000000274;989.5161000000071;993.4528000000364;989.5161000000071;985.213600000001;985.213600000001;985.213600000001;985.213600000001;962.5914999999975;985.213600000001;972.7137999999982;989.604200000007;
3539.945175778656;991.8160000000455;989.604200000007;972.7137999999982;973.1538999999982;995.0720000000274;989.5161000000071;993.4528000000364;989.5161000000071;985.213600000001;985.213600000001;985.213600000001;985.213600000001;962.5914999999975;985.213600000001;972.7137999999982;989.604200000007;
3540.0000000001032;991.8160000000455;989.604200000007;972.7137999999982;973.1538999999982;995.0720000000274;989.5161000000071;993.4528000000364;989.5161000000071;985.213600000001;985.213600000001;985.213600000001;985.213600000001;962.5914999999975;985.213600000001;972.7137999999982;989.604200000007;
3540.7829838918287;991.8072000000456;989.5161000000071;972.7137999999982;973.1538999999982;995.0544000000275;989.5161000000071;993.4440000000365;989.5161000000071;985.213600000001;985.213600000001;985.213600000001;985.213600000001;962.5914999999975;985.213600000001;972.2736999999981;989.5161000000071;
3541.783007231682;991.7984000000456;989.5161000000071;972.7137999999982;973.1538999999982;995.0544000000275;989.5161000000071;993.4352000000365;989.5161000000071;985.213600000001;985.213600000001;985.213600000001;985.213600000001;962.5914999999975;985.213600000001;972.2736999999981;989.5161000000071;
3542.000000000104;991.7896000000457;989.5161000000071;972.7137999999982;973.1538999999982;995.0544000000275;989.5161000000071;993.4264000000366;989.5161000000071;985.213600000001;985.213600000001;985.213600000001;985.213600000001;962.5914999999975;985.213600000001;972.2736999999981;989.5161000000071;
3542.783030571535;991.7896000000457;989.5161000000071;972.7137999999982;973.1538999999982;995.0544000000275;989.5161000000071;993.4264000000366;989.5161000000071;985.213600000001;985.213600000001;985.213600000001;985.213600000001;962.5914999999975;985.213600000001;972.2736999999981;989.5161000000071;
3543.7830539113884;991.7808000000457;989.5161000000071;972.7137999999982;973.1538999999982;995.0544000000275;989.5161000000071;993.4176000000366;989.5161000000071;985.213600000001;985.213600000001;985.213600000001;985.213600000001;962.5914999999975;985.213600000001;972.2736999999981;989.5161000000071;
3545.000000000104;991.7808000000457;989.5161000000071;972.7137999999982;973.1538999999982;995.0544000000275;989.5161000000071;993.4176000000366;989.5161000000071;985.213600000001;985.213600000001;985.213600000001;985.213600000001;962.5914999999975;985.213600000001;972.2736999999981;989.5161000000071;
3546.000000000104;991.7808000000457;989.5161000000071;972.7137999999982;973.1538999999982;995.0544000000275;989.5161000000071;993.4176000000366;989.5161000000071;985.213600000001;985.213600000001;985.213600000001;985.213600000001;962.5914999999975;985.213600000001;972.2736999999981;989.5161000000071;
3547.000000000104;991.7808000000457;989.5161000000071;972.7137999999982;973.1538999999982;995.0544000000275;989.5161000000071;993.4176000000366;989.5161000000071;985.213600000001;985.213600000001;985.213600000001;985.213600000001;962.5914999999975;985.213600000001;972.2736999999981;989.5161000000071;
3548.000000000104;991.7808000000457;989.5161000000071;972.7137999999982;973.1538999999982;995.0544000000275;989.5161000000071;993.4176000000366;989.5161000000071;985.213600000001;985.213600000001;985.213600000001;985.213600000001;962.5914999999975;985.213600000001;972.2736999999981;989.5161000000071;
3549.000000000104;991.7808000000457;989.5161000000071;972.7137999999982;973.1538999999982;995.0544000000275;989.5161000000071;993.4176000000366;989.5161000000071;985.213600000001;985.213600000001;985.213600000001;985.213600000001;962.5914999999975;985.213600000001;972.2736999999981;989.5161000000071;
3550.000000000104;991.7808000000457;989.5161000000071;972.7137999999982;973.1538999999982;995.0544000000275;989.5161000000071;993.4176000000366;989.5161000000071;985.213600000001;985.213600000001;985.213600000001;985.213600000001;962.5914999999975;985.213600000001;972.2736999999981;989.5161000000071;
3551.000000000104;991.7808000000457;989.5161000000071;972.7137999999982;973.1538999999982;995.0544000000275;989.5161000000071;993.4176000000366;989.5161000000071;985.213600000001;985.213600000001;985.213600000001;985.213600000001;962.5914999999975;985.213600000001;972.2736999999981;989.5161000000071;
3552.000000000104;991.7808000000457;989.5161000000071;972.7137999999982;973.1538999999982;995.0544000000275;989.5161000000071;993.4176000000366;989.5161000000071;985.213600000001;985.213600000001;985.213600000001;985.213600000001;962.5914999999975;985.213600000001;972.2736999999981;989.5161000000071;
3553.000000000104;991.7808000000457;989.5161000000071;972.7137999999982;973.1538999999982;995.0544000000275;989.5161000000071;993.4176000000366;989.5161000000071;985.213600000001;985.213600000001;985.213600000001;985.213600000001;962.5914999999975;985.213600000001;972.2736999999981;989.5161000000071;
3554.000000000104;991.7808000000457;989.5161000000071;972.7137999999982;973.1538999999982;995.0544000000275;989.5161000000071;993.4176000000366;989.5161000000071;985.213600000001;985.213600000001;985.213600000001;985.213600000001;962.5914999999975;985.213600000001;972.2736999999981;989.5161000000071;
3555.000000000104;991.7808000000457;989.5161000000071;972.7137999999982;973.1538999999982;995.0544000000275;989.5161000000071;993.4176000000366;989.5161000000071;985.213600000001;985.213600000001;985.213600000001;985.213600000001;962.5914999999975;985.213600000001;972.2736999999981;989.5161000000071;
3556.000000000104;991.7808000000457;989.5161000000071;972.7137999999982;973.1538999999982;995.0544000000275;989.5161000000071;993.4176000000366;989.5161000000071;985.213600000001;985.213600000001;985.213600000001;985.213600000001;962.5914999999975;985.213600000001;972.2736999999981;989.5161000000071;
3557.000000000104;991.7808000000457;989.5161000000071;972.7137999999982;973.1538999999982;995.0544000000275;989.5161000000071;993.4176000000366;989.5161000000071;985.213600000001;985.213600000001;985.213600000001;985.213600000001;962.5914999999975;985.213600000001;972.2736999999981;989.5161000000071;
3558.000000000104;991.7808000000457;989.5161000000071;972.7137999999982;973.1538999999982;995.0544000000275;989.5161000000071;993.4176000000366;989.5161000000071;985.213600000001;985.213600000001;985.213600000001;985.213600000001;962.5914999999975;985.213600000001;972.2736999999981;989.5161000000071;
3559.000000000104;991.7808000000457;989.5161000000071;972.7137999999982;973.1538999999982;995.0544000000275;989.5161000000071;993.4176000000366;989.5161000000071;985.213600000001;985.213600000001;985.213600000001;985.213600000001;962.5914999999975;985.213600000001;972.2736999999981;989.5161000000071;
3560.000000000104;991.7808000000457;989.5161000000071;972.7137999999982;973.1538999999982;995.0544000000275;989.5161000000071;993.4176000000366;989.5161000000071;985.213600000001;985.213600000001;985.213600000001;985.213600000001;962.5914999999975;985.213600000001;972.2736999999981;989.5161000000071;
3561.000000000104;991.7808000000457;989.5161000000071;972.7137999999982;973.1538999999982;995.0544000000275;989.5161000000071;993.4176000000366;989.5161000000071;985.213600000001;985.213600000001;985.213600000001;985.213600000001;962.5914999999975;985.213600000001;972.2736999999981;989.5161000000071;
3562.000000000104;991.7808000000457;989.5161000000071;972.7137999999982;973.1538999999982;995.0544000000275;989.5161000000071;993.4176000000366;989.5161000000071;985.213600000001;985.213600000001;985.213600000001;985.213600000001;962.5914999999975;985.213600000001;972.2736999999981;989.5161000000071;
3563.000000000104;991.7808000000457;989.5161000000071;972.7137999999982;973.1538999999982;995.0544000000275;989.5161000000071;993.4176000000366;989.5161000000071;985.213600000001;985.213600000001;985.213600000001;985.213600000001;962.5914999999975;985.213600000001;972.2736999999981;989.5161000000071;
3564.000000000104;991.7808000000457;989.5161000000071;972.7137999999982;973.1538999999982;995.0544000000275;989.5161000000071;993.4176000000366;989.5161000000071;985.213600000001;985.213600000001;985.213600000001;985.213600000001;962.5914999999975;985.213600000001;972.2736999999981;989.5161000000071;
3565.000000000104;991.7808000000457;989.5161000000071;972.7137999999982;973.1538999999982;995.0544000000275;989.5161000000071;993.4176000000366;989.5161000000071;985.213600000001;985.213600000001;985.213600000001;985.213600000001;962.5914999999975;985.213600000001;972.2736999999981;989.5161000000071;
3566.000000000104;991.7808000000457;989.5161000000071;972.7137999999982;973.1538999999982;995.0544000000275;989.5161000000071;993.4176000000366;989.5161000000071;985.213600000001;985.213600000001;985.213600000001;985.213600000001;962.5914999999975;985.213600000001;972.2736999999981;989.5161000000071;
3567.000000000104;991.7808000000457;989.5161000000071;972.7137999999982;973.1538999999982;995.0544000000275;989.5161000000071;993.4176000000366;989.5161000000071;985.213600000001;985.213600000001;985.213600000001;985.213600000001;962.5914999999975;985.213600000001;972.2736999999981;989.5161000000071;
3568.000000000104;991.7808000000457;989.5161000000071;972.7137999999982;973.1538999999982;995.0544000000275;989.5161000000071;993.4176000000366;989.5161000000071;985.213600000001;985.213600000001;985.213600000001;985.213600000001;962.5914999999975;985.213600000001;972.2736999999981;989.5161000000071;
3569.000000000104;991.7808000000457;989.5161000000071;972.7137999999982;973.1538999999982;995.0544000000275;989.5161000000071;993.4176000000366;989.5161000000071;985.213600000001;985.213600000001;985.213600000001;985.213600000001;962.5914999999975;985.213600000001;972.2736999999981;989.5161000000071;
3569.775750241832;991.7808000000457;989.5161000000071;972.7137999999982;973.1538999999982;995.0544000000275;989.5160000000071;993.4176000000366;989.5161000000071;985.213600000001;985.213600000001;985.213600000001;985.213600000001;962.5914999999975;985.213600000001;972.2736999999981;989.5161000000071;
3569.775750241832;991.7808000000457;989.5161000000071;972.7137999999982;973.1538999999982;995.0544000000275;989.4280000000072;993.4176000000366;989.5161000000071;985.213600000001;985.213600000001;985.213600000001;985.213600000001;962.5914999999975;985.213600000001;972.2736999999981;989.5161000000071;
3569.7810662418324;991.7720000000458;989.5161000000071;972.7137999999982;973.1538999999982;995.0544000000275;989.4280000000072;993.4176000000366;989.5161000000071;985.213600000001;985.213600000001;985.213600000001;985.213600000001;962.5914999999975;985.213600000001;972.2736999999981;989.5161000000071;
3569.7810662418324;991.7632000000458;989.5161000000071;972.7137999999982;973.1538999999982;995.0544000000275;989.4280000000072;993.4176000000366;989.5161000000071;985.213600000001;985.213600000001;985.213600000001;985.213600000001;962.5914999999975;985.213600000001;972.2736999999981;989.5161000000071;
3569.7863822418326;991.7632000000458;989.5161000000071;972.7137999999982;973.1538999999982;995.0544000000275;989.4280000000072;993.4088000000366;989.5161000000071;985.213600000001;985.213600000001;985.213600000001;985.213600000001;962.5914999999975;985.213600000001;972.2736999999981;989.5161000000071;
3569.8072476995994;991.7632000000458;989.5161000000071;972.7136999999982;973.1538999999982;995.0544000000275;989.4280000000072;993.4088000000366;989.5161000000071;985.213600000001;985.213600000001;985.213600000001;985.213600000001;962.5914999999975;985.213600000001;972.2736999999981;989.5161000000071;
3569.8072476995994;991.7632000000458;989.5161000000071;972.2736999999981;973.1538999999982;995.0544000000275;989.4280000000072;993.4088000000366;989.5161000000071;985.213600000001;985.213600000001;985.213600000001;985.213600000001;962.5914999999975;985.213600000001;972.2736999999981;989.5161000000071;
3569.8125636995997;991.7544000000458;989.5161000000071;972.2736999999981;973.1538999999982;995.0544000000275;989.4280000000072;993.4088000000366;989.5161000000071;985.213600000001;985.213600000001;985.213600000001;985.213600000001;962.5914999999975;985.213600000001;972.2736999999981;989.5161000000071;
3569.92664526475;991.7544000000458;989.5161000000071;972.2736999999981;973.1537999999982;995.0544000000275;989.4280000000072;993.4088000000366;989.5161000000071;985.213600000001;985.213600000001;985.213600000001;985.213600000001;962.5914999999975;985.213600000001;972.2736999999981;989.5161000000071;
3569.92664526475;991.7544000000458;989.5161000000071;972.2736999999981;972.7137999999982;995.0544000000275;989.4280000000072;993.4088000000366;989.5161000000071;985.213600000001;985.213600000001;985.213600000001;985.213600000001;962.5914999999975;985.213600000001;972.2736999999981;989.5161000000071;
3569.93196126475;991.7544000000458;989.5161000000071;972.2736999999981;972.7137999999982;995.0456000000275;989.4280000000072;993.4088000000366;989.5161000000071;985.213600000001;985.213600000001;985.213600000001;985.213600000001;962.5914999999975;985.213600000001;972.2736999999981;989.5161000000071;
3569.93196126475;991.7544000000458;989.5161000000071;972.2736999999981;972.7137999999982;995.0368000000276;989.4280000000072;993.4088000000366;989.5161000000071;985.213600000001;985.213600000001;985.213600000001;985.213600000001;962.5914999999975;985.213600000001;972.2736999999981;989.5161000000071;
3570.0000000001055;991.7456000000459;989.5161000000071;972.2736999999981;972.7137999999982;995.0280000000276;989.4280000000072;993.4000000000367;989.4280000000072;985.213600000001;985.213600000001;985.213600000001;985.213600000001;962.1513999999975;985.213600000001;972.2736999999981;989.5161000000071;
3570.781089581687;991.736800000046;989.4280000000072;972.2736999999981;972.7137999999982;995.0280000000276;989.4280000000072;993.4000000000367;989.4280000000072;985.213600000001;985.213600000001;985.213600000001;985.213600000001;962.1513999999975;985.213600000001;972.2736999999981;989.4280000000072;
3571.7811129215406;991.728000000046;989.4280000000072;972.2736999999981;972.7137999999982;995.0192000000277;989.4280000000072;993.3824000000368;989.4280000000072;985.213600000001;985.213600000001;985.213600000001;985.213600000001;962.1513999999975;985.213600000001;972.2736999999981;989.4280000000072;
3572.781136261394;991.719200000046;989.4280000000072;972.2736999999981;972.7137999999982;995.0192000000277;989.4280000000072;993.3736000000368;989.4280000000072;985.213600000001;985.213600000001;985.213600000001;985.213600000001;962.1513999999975;985.213600000001;972.2736999999981;989.4280000000072;
3573.0000000001064;991.7104000000461;989.4280000000072;972.2736999999981;972.7137999999982;995.0192000000277;989.4280000000072;993.3648000000369;989.4280000000072;985.213600000001;985.213600000001;985.213600000001;985.213600000001;962.1513999999975;985.213600000001;972.2736999999981;989.4280000000072;
3573.781159601247;991.7104000000461;989.4280000000072;972.2736999999981;972.7137999999982;995.0192000000277;989.4280000000072;993.3648000000369;989.4280000000072;985.213600000001;985.213600000001;985.213600000001;985.213600000001;962.1513999999975;985.213600000001;972.2736999999981;989.4280000000072;
3575.0000000001064;991.7104000000461;989.4280000000072;972.2736999999981;972.7137999999982;995.0192000000277;989.4280000000072;993.3648000000369;989.4280000000072;985.213600000001;985.213600000001;985.213600000001;985.213600000001;962.1513999999975;985.213600000001;972.2736999999981;989.4280000000072;
3576.0000000001064;991.7104000000461;989.4280000000072;972.2736999999981;972.7137999999982;995.0192000000277;989.4280000000072;993.3648000000369;989.4280000000072;985.213600000001;985.213600000001;985.213600000001;985.213600000001;962.1513999999975;985.213600000001;972.2736999999981;989.4280000000072;
3577.0000000001064;991.7104000000461;989.4280000000072;972.2736999999981;972.7137999999982;995.0192000000277;989.4280000000072;993.3648000000369;989.4280000000072;985.213600000001;985.213600000001;985.213600000001;985.213600000001;962.1513999999975;985.213600000001;972.2736999999981;989.4280000000072;
3578.0000000001064;991.7104000000461;989.4280000000072;972.2736999999981;972.7137999999982;995.0192000000277;989.4280000000072;993.3648000000369;989.4280000000072;985.213600000001;985.213600000001;985.213600000001;985.213600000001;962.1513999999975;985.213600000001;972.2736999999981;989.4280000000072;
3579.0000000001064;991.7104000000461;989.4280000000072;972.2736999999981;972.7137999999982;995.0192000000277;989.4280000000072;993.3648000000369;989.4280000000072;985.213600000001;985.213600000001;985.213600000001;985.213600000001;962.1513999999975;985.213600000001;972.2736999999981;989.4280000000072;
3580.0000000001064;991.7104000000461;989.4280000000072;972.2736999999981;972.7137999999982;995.0192000000277;989.4280000000072;993.3648000000369;989.4280000000072;985.213600000001;985.213600000001;985.213600000001;985.213600000001;962.1513999999975;985.213600000001;972.2736999999981;989.4280000000072;
3581.0000000001064;991.7104000000461;989.4280000000072;972.2736999999981;972.7137999999982;995.0192000000277;989.4280000000072;993.3648000000369;989.4280000000072;985.213600000001;985.213600000001;985.213600000001;985.213600000001;962.1513999999975;985.213600000001;972.2736999999981;989.4280000000072;
3582.0000000001064;991.7104000000461;989.4280000000072;972.2736999999981;972.7137999999982;995.0192000000277;989.4280000000072;993.3648000000369;989.4280000000072;985.213600000001;985.213600000001;985.213600000001;985.213600000001;962.1513999999975;985.213600000001;972.2736999999981;989.4280000000072;
3583.0000000001064;991.7104000000461;989.4280000000072;972.2736999999981;972.7137999999982;995.0192000000277;989.4280000000072;993.3648000000369;989.4280000000072;985.213600000001;985.213600000001;985.213600000001;985.213600000001;962.1513999999975;985.213600000001;972.2736999999981;989.4280000000072;
3584.0000000001064;991.7104000000461;989.4280000000072;972.2736999999981;972.7137999999982;995.0192000000277;989.4280000000072;993.3648000000369;989.4280000000072;985.213600000001;985.213600000001;985.213600000001;985.213600000001;962.1513999999975;985.213600000001;972.2736999999981;989.4280000000072;
3585.0000000001064;991.7104000000461;989.4280000000072;972.2736999999981;972.7137999999982;995.0192000000277;989.4280000000072;993.3648000000369;989.4280000000072;985.213600000001;985.213600000001;985.213600000001;985.213600000001;962.1513999999975;985.213600000001;972.2736999999981;989.4280000000072;
3586.0000000001064;991.7104000000461;989.4280000000072;972.2736999999981;972.7137999999982;995.0192000000277;989.4280000000072;993.3648000000369;989.4280000000072;985.213600000001;985.213600000001;985.213600000001;985.213600000001;962.1513999999975;985.213600000001;972.2736999999981;989.4280000000072;
3587.0000000001064;991.7104000000461;989.4280000000072;972.2736999999981;972.7137999999982;995.0192000000277;989.4280000000072;993.3648000000369;989.4280000000072;985.213600000001;985.213600000001;985.213600000001;985.213600000001;962.1513999999975;985.213600000001;972.2736999999981;989.4280000000072;
3588.0000000001064;991.7104000000461;989.4280000000072;972.2736999999981;972.7137999999982;995.0192000000277;989.4280000000072;993.3648000000369;989.4280000000072;985.213600000001;985.213600000001;985.213600000001;985.213600000001;962.1513999999975;985.213600000001;972.2736999999981;989.4280000000072;
3589.0000000001064;991.7104000000461;989.4280000000072;972.2736999999981;972.7137999999982;995.0192000000277;989.4280000000072;993.3648000000369;989.4280000000072;985.213600000001;985.213600000001;985.213600000001;985.213600000001;962.1513999999975;985.213600000001;972.2736999999981;989.4280000000072;
3590.0000000001064;991.7104000000461;989.4280000000072;972.2736999999981;972.7137999999982;995.0192000000277;989.4280000000072;993.3648000000369;989.4280000000072;985.213600000001;985.213600000001;985.213600000001;985.213600000001;962.1513999999975;985.213600000001;972.2736999999981;989.4280000000072;
3591.0000000001064;991.7104000000461;989.4280000000072;972.2736999999981;972.7137999999982;995.0192000000277;989.4280000000072;993.3648000000369;989.4280000000072;985.213600000001;985.213600000001;985.213600000001;985.213600000001;962.1513999999975;985.213600000001;972.2736999999981;989.4280000000072;
3592.0000000001064;991.7104000000461;989.4280000000072;972.2736999999981;972.7137999999982;995.0192000000277;989.4280000000072;993.3648000000369;989.4280000000072;985.213600000001;985.213600000001;985.213600000001;985.213600000001;962.1513999999975;985.213600000001;972.2736999999981;989.4280000000072;
3593.0000000001064;991.7104000000461;989.4280000000072;972.2736999999981;972.7137999999982;995.0192000000277;989.4280000000072;993.3648000000369;989.4280000000072;985.213600000001;985.213600000001;985.213600000001;985.213600000001;962.1513999999975;985.213600000001;972.2736999999981;989.4280000000072;
3594.0000000001064;991.7104000000461;989.4280000000072;972.2736999999981;972.7137999999982;995.0192000000277;989.4280000000072;993.3648000000369;989.4280000000072;985.213600000001;985.213600000001;985.213600000001;985.213600000001;962.1513999999975;985.213600000001;972.2736999999981;989.4280000000072;
3595.0000000001064;991.7104000000461;989.4280000000072;972.2736999999981;972.7137999999982;995.0192000000277;989.4280000000072;993.3648000000369;989.4280000000072;985.213600000001;985.213600000001;985.213600000001;985.213600000001;962.1513999999975;985.213600000001;972.2736999999981;989.4280000000072;
3596.0000000001064;991.7104000000461;989.4280000000072;972.2736999999981;972.7137999999982;995.0192000000277;989.4280000000072;993.3648000000369;989.4280000000072;985.213600000001;985.213600000001;985.213600000001;985.213600000001;962.1513999999975;985.213600000001;972.2736999999981;989.4280000000072;
3597.0000000001064;991.7104000000461;989.4280000000072;972.2736999999981;972.7137999999982;995.0192000000277;989.4280000000072;993.3648000000369;989.4280000000072;985.213600000001;985.213600000001;985.213600000001;985.213600000001;962.1513999999975;985.213600000001;972.2736999999981;989.4280000000072;
3598.0000000001064;991.7104000000461;989.4280000000072;972.2736999999981;972.7137999999982;995.0192000000277;989.4280000000072;993.3648000000369;989.4280000000072;985.213600000001;985.213600000001;985.213600000001;985.213600000001;962.1513999999975;985.213600000001;972.2736999999981;989.4280000000072;
3599.0000000001064;991.7104000000461;989.4280000000072;972.2736999999981;972.7137999999982;995.0192000000277;989.4280000000072;993.3648000000369;989.4280000000072;985.213600000001;985.213600000001;985.213600000001;985.213600000001;962.1513999999975;985.213600000001;972.2736999999981;989.4280000000072;
3599.773855931691;991.7104000000461;989.4280000000072;972.2736999999981;972.7137999999982;995.0192000000277;989.4279000000072;993.3648000000369;989.4280000000072;985.213600000001;985.213600000001;985.213600000001;985.213600000001;962.1513999999975;985.213600000001;972.2736999999981;989.4280000000072;
3599.773855931691;991.7104000000461;989.4280000000072;972.2736999999981;972.7137999999982;995.0192000000277;989.3399000000072;993.3648000000369;989.4280000000072;985.213600000001;985.213600000001;985.213600000001;985.213600000001;962.1513999999975;985.213600000001;972.2736999999981;989.4280000000072;
3599.779171931691;991.7016000000461;989.4280000000072;972.2736999999981;972.7137999999982;995.0192000000277;989.3399000000072;993.3648000000369;989.4280000000072;985.213600000001;985.213600000001;985.213600000001;985.213600000001;962.1513999999975;985.213600000001;972.2736999999981;989.4280000000072;
3599.779171931691;991.6928000000462;989.4280000000072;972.2736999999981;972.7137999999982;995.0192000000277;989.3399000000072;993.3648000000369;989.4280000000072;985.213600000001;985.213600000001;985.213600000001;985.213600000001;962.1513999999975;985.213600000001;972.2736999999981;989.4280000000072;
3599.7844879316913;991.6928000000462;989.4280000000072;972.2736999999981;972.7137999999982;995.0192000000277;989.3399000000072;993.3560000000369;989.4280000000072;985.213600000001;985.213600000001;985.213600000001;985.213600000001;962.1513999999975;985.213600000001;972.2736999999981;989.4280000000072;
3599.928573361855;991.6928000000462;989.4280000000072;972.2736999999981;972.7137999999982;995.0192000000277;989.3399000000072;993.3560000000369;989.4280000000072;985.213500000001;985.213600000001;985.213600000001;985.213600000001;962.1513999999975;985.213600000001;972.2736999999981;989.4280000000072;
3599.928573361855;991.6928000000462;989.4280000000072;972.2736999999981;972.7137999999982;995.0192000000277;989.3399000000072;993.3560000000369;989.4280000000072;984.597500000001;985.213600000001;985.213600000001;985.213600000001;962.1513999999975;985.213600000001;972.2736999999981;989.4280000000072;
3599.933889361855;991.6840000000462;989.4280000000072;972.2736999999981;972.7137999999982;995.0192000000277;989.3399000000072;993.3560000000369;989.4280000000072;984.597500000001;985.213600000001;985.213600000001;985.213600000001;962.1513999999975;985.213600000001;972.2736999999981;989.4280000000072;
3599.9388276219806;991.6840000000462;989.4280000000072;972.2736999999981;972.7137999999982;995.0192000000277;989.3399000000072;993.3560000000369;989.4279000000072;984.597500000001;985.213600000001;985.213600000001;985.213600000001;962.1513999999975;985.213600000001;972.2736999999981;989.4280000000072;
3599.9388276219806;991.6840000000462;989.4280000000072;972.2736999999981;972.7137999999982;995.0192000000277;989.3399000000072;993.3560000000369;989.3399000000072;984.597500000001;985.213600000001;985.213600000001;985.213600000001;962.1513999999975;985.213600000001;972.2736999999981;989.4280000000072;
3599.944143621981;991.6752000000463;989.4280000000072;972.2736999999981;972.7137999999982;995.0192000000277;989.3399000000072;993.3560000000369;989.3399000000072;984.597500000001;985.213600000001;985.213600000001;985.213600000001;962.1513999999975;985.213600000001;972.2736999999981;989.4280000000072;
3599.9443523637215;991.6752000000463;989.4280000000072;972.2736999999981;972.7137999999982;995.0192000000277;989.3399000000072;993.3560000000369;989.3399000000072;984.597500000001;985.213600000001;985.213600000001;985.213600000001;962.1512999999975;985.213600000001;972.2736999999981;989.4280000000072;
3600.2037565222713;991.6576000000464;989.3399000000072;972.2736999999981;972.7137999999982;994.9752000000279;989.3399000000072;993.347200000037;989.3399000000072;984.597500000001;984.597500000001;984.597500000001;984.597500000001;961.7112999999974;984.597500000001;972.2735999999982;989.3399000000072;
3600.949686398232;991.6488000000464;989.3399000000072;972.2736999999981;972.7137999999982;994.966400000028;989.3399000000072;993.338400000037;989.3399000000072;984.597500000001;984.597500000001;984.597500000001;984.597500000001;961.7112999999974;984.597500000001;971.8335999999981;989.3399000000072;
3601.7792186114;991.6488000000464;989.3399000000072;972.2736999999981;972.7137999999982;994.957600000028;989.3399000000072;993.3296000000371;989.3399000000072;984.597500000001;984.597500000001;984.597500000001;984.597500000001;961.7112999999974;984.597500000001;971.8335999999981;989.3399000000072;
3602.7792233877376;991.6400000000465;989.3399000000072;972.2736999999981;972.7137999999982;994.9488000000281;989.3399000000072;993.3120000000372;989.3399000000072;984.597500000001;984.597500000001;984.597500000001;984.597500000001;961.7112999999974;984.597500000001;971.8335999999981;989.3399000000072;
3602.9496942857195;991.6312000000465;989.3399000000072;972.2736999999981;972.7137999999982;994.9488000000281;989.3399000000072;993.3032000000372;989.3399000000072;984.597500000001;984.597500000001;984.597500000001;984.597500000001;961.7112999999974;984.597500000001;971.8335999999981;989.3399000000072;
3603.7792281640754;991.6312000000465;989.3399000000072;972.2736999999981;972.7137999999982;994.9400000000281;989.3399000000072;993.2944000000373;989.3399000000072;984.597500000001;984.597500000001;984.597500000001;984.597500000001;961.7112999999974;984.597500000001;971.8335999999981;989.3399000000072;
3604.7792329404133;991.6224000000466;989.3399000000072;972.2736999999981;972.7137999999982;994.9312000000282;989.3399000000072;993.2768000000374;989.3399000000072;984.597500000001;984.597500000001;984.597500000001;984.597500000001;961.7112999999974;984.597500000001;971.8335999999981;989.3399000000072;
3605.0000000001105;991.6224000000466;989.3399000000072;972.2736999999981;972.7137999999982;994.9312000000282;989.3399000000072;993.2768000000374;989.3399000000072;984.597500000001;984.597500000001;984.597500000001;984.597500000001;961.7112999999974;984.597500000001;971.8335999999981;989.3399000000072;
3606.0000000001105;991.6224000000466;989.3399000000072;972.2736999999981;972.7137999999982;994.9312000000282;989.3399000000072;993.2768000000374;989.3399000000072;984.597500000001;984.597500000001;984.597500000001;984.597500000001;961.7112999999974;984.597500000001;971.8335999999981;989.3399000000072;
3607.0000000001105;991.6224000000466;989.3399000000072;972.2736999999981;972.7137999999982;994.9312000000282;989.3399000000072;993.2768000000374;989.3399000000072;984.597500000001;984.597500000001;984.597500000001;984.597500000001;961.7112999999974;984.597500000001;971.8335999999981;989.3399000000072;
3608.0000000001105;991.6224000000466;989.3399000000072;972.2736999999981;972.7137999999982;994.9312000000282;989.3399000000072;993.2768000000374;989.3399000000072;984.597500000001;984.597500000001;984.597500000001;984.597500000001;961.7112999999974;984.597500000001;971.8335999999981;989.3399000000072;
3609.0000000001105;991.6224000000466;989.3399000000072;972.2736999999981;972.7137999999982;994.9312000000282;989.3399000000072;993.2768000000374;989.3399000000072;984.597500000001;984.597500000001;984.597500000001;984.597500000001;961.7112999999974;984.597500000001;971.8335999999981;989.3399000000072;
3610.0000000001105;991.6224000000466;989.3399000000072;972.2736999999981;972.7137999999982;994.9312000000282;989.3399000000072;993.2768000000374;989.3399000000072;984.597500000001;984.597500000001;984.597500000001;984.597500000001;961.7112999999974;984.597500000001;971.8335999999981;989.3399000000072;
3611.0000000001105;991.6224000000466;989.3399000000072;972.2736999999981;972.7137999999982;994.9312000000282;989.3399000000072;993.2768000000374;989.3399000000072;984.597500000001;984.597500000001;984.597500000001;984.597500000001;961.7112999999974;984.597500000001;971.8335999999981;989.3399000000072;
3612.0000000001105;991.6224000000466;989.3399000000072;972.2736999999981;972.7137999999982;994.9312000000282;989.3399000000072;993.2768000000374;989.3399000000072;984.597500000001;984.597500000001;984.597500000001;984.597500000001;961.7112999999974;984.597500000001;971.8335999999981;989.3399000000072;
3613.0000000001105;991.6224000000466;989.3399000000072;972.2736999999981;972.7137999999982;994.9312000000282;989.3399000000072;993.2768000000374;989.3399000000072;984.597500000001;984.597500000001;984.597500000001;984.597500000001;961.7112999999974;984.597500000001;971.8335999999981;989.3399000000072;
3614.0000000001105;991.6224000000466;989.3399000000072;972.2736999999981;972.7137999999982;994.9312000000282;989.3399000000072;993.2768000000374;989.3399000000072;984.597500000001;984.597500000001;984.597500000001;984.597500000001;961.7112999999974;984.597500000001;971.8335999999981;989.3399000000072;
3615.0000000001105;991.6224000000466;989.3399000000072;972.2736999999981;972.7137999999982;994.9312000000282;989.3399000000072;993.2768000000374;989.3399000000072;984.597500000001;984.597500000001;984.597500000001;984.597500000001;961.7112999999974;984.597500000001;971.8335999999981;989.3399000000072;
3616.0000000001105;991.6224000000466;989.3399000000072;972.2736999999981;972.7137999999982;994.9312000000282;989.3399000000072;993.2768000000374;989.3399000000072;984.597500000001;984.597500000001;984.597500000001;984.597500000001;961.7112999999974;984.597500000001;971.8335999999981;989.3399000000072;
3617.0000000001105;991.6224000000466;989.3399000000072;972.2736999999981;972.7137999999982;994.9312000000282;989.3399000000072;993.2768000000374;989.3399000000072;984.597500000001;984.597500000001;984.597500000001;984.597500000001;961.7112999999974;984.597500000001;971.8335999999981;989.3399000000072;
3618.0000000001105;991.6224000000466;989.3399000000072;972.2736999999981;972.7137999999982;994.9312000000282;989.3399000000072;993.2768000000374;989.3399000000072;984.597500000001;984.597500000001;984.597500000001;984.597500000001;961.7112999999974;984.597500000001;971.8335999999981;989.3399000000072;
3619.0000000001105;991.6224000000466;989.3399000000072;972.2736999999981;972.7137999999982;994.9312000000282;989.3399000000072;993.2768000000374;989.3399000000072;984.597500000001;984.597500000001;984.597500000001;984.597500000001;961.7112999999974;984.597500000001;971.8335999999981;989.3399000000072;
3620.0000000001105;991.6224000000466;989.3399000000072;972.2736999999981;972.7137999999982;994.9312000000282;989.3399000000072;993.2768000000374;989.3399000000072;984.597500000001;984.597500000001;984.597500000001;984.597500000001;961.7112999999974;984.597500000001;971.8335999999981;989.3399000000072;
3621.0000000001105;991.6224000000466;989.3399000000072;972.2736999999981;972.7137999999982;994.9312000000282;989.3399000000072;993.2768000000374;989.3399000000072;984.597500000001;984.597500000001;984.597500000001;984.597500000001;961.7112999999974;984.597500000001;971.8335999999981;989.3399000000072;
3622.0000000001105;991.6224000000466;989.3399000000072;972.2736999999981;972.7137999999982;994.9312000000282;989.3399000000072;993.2768000000374;989.3399000000072;984.597500000001;984.597500000001;984.597500000001;984.597500000001;961.7112999999974;984.597500000001;971.8335999999981;989.3399000000072;
3623.0000000001105;991.6224000000466;989.3399000000072;972.2736999999981;972.7137999999982;994.9312000000282;989.3399000000072;993.2768000000374;989.3399000000072;984.597500000001;984.597500000001;984.597500000001;984.597500000001;961.7112999999974;984.597500000001;971.8335999999981;989.3399000000072;
3624.0000000001105;991.6224000000466;989.3399000000072;972.2736999999981;972.7137999999982;994.9312000000282;989.3399000000072;993.2768000000374;989.3399000000072;984.597500000001;984.597500000001;984.597500000001;984.597500000001;961.7112999999974;984.597500000001;971.8335999999981;989.3399000000072;
3625.0000000001105;991.6224000000466;989.3399000000072;972.2736999999981;972.7137999999982;994.9312000000282;989.3399000000072;993.2768000000374;989.3399000000072;984.597500000001;984.597500000001;984.597500000001;984.597500000001;961.7112999999974;984.597500000001;971.8335999999981;989.3399000000072;
3626.0000000001105;991.6224000000466;989.3399000000072;972.2736999999981;972.7137999999982;994.9312000000282;989.3399000000072;993.2768000000374;989.3399000000072;984.597500000001;984.597500000001;984.597500000001;984.597500000001;961.7112999999974;984.597500000001;971.8335999999981;989.3399000000072;
3627.0000000001105;991.6224000000466;989.3399000000072;972.2736999999981;972.7137999999982;994.9312000000282;989.3399000000072;993.2768000000374;989.3399000000072;984.597500000001;984.597500000001;984.597500000001;984.597500000001;961.7112999999974;984.597500000001;971.8335999999981;989.3399000000072;
3628.0000000001105;991.6224000000466;989.3399000000072;972.2736999999981;972.7137999999982;994.9312000000282;989.3399000000072;993.2768000000374;989.3399000000072;984.597500000001;984.597500000001;984.597500000001;984.597500000001;961.7112999999974;984.597500000001;971.8335999999981;989.3399000000072;
3629.0000000001105;991.6224000000466;989.3399000000072;972.2736999999981;972.7137999999982;994.9312000000282;989.3399000000072;993.2768000000374;989.3399000000072;984.597500000001;984.597500000001;984.597500000001;984.597500000001;961.7112999999974;984.597500000001;971.8335999999981;989.3399000000072;
3629.7719616215513;991.6224000000466;989.3399000000072;972.2736999999981;972.7137999999982;994.9312000000282;989.3398000000072;993.2768000000374;989.3399000000072;984.597500000001;984.597500000001;984.597500000001;984.597500000001;961.7112999999974;984.597500000001;971.8335999999981;989.3399000000072;
3629.7719616215513;991.6224000000466;989.3399000000072;972.2736999999981;972.7137999999982;994.9312000000282;989.2518000000073;993.2768000000374;989.3399000000072;984.597500000001;984.597500000001;984.597500000001;984.597500000001;961.7112999999974;984.597500000001;971.8335999999981;989.3399000000072;
3629.7772776215515;991.6136000000466;989.3399000000072;972.2736999999981;972.7137999999982;994.9312000000282;989.2518000000073;993.2768000000374;989.3399000000072;984.597500000001;984.597500000001;984.597500000001;984.597500000001;961.7112999999974;984.597500000001;971.8335999999981;989.3399000000072;
3629.7772776215515;991.6048000000467;989.3399000000072;972.2736999999981;972.7137999999982;994.9312000000282;989.2518000000073;993.2768000000374;989.3399000000072;984.597500000001;984.597500000001;984.597500000001;984.597500000001;961.7112999999974;984.597500000001;971.8335999999981;989.3399000000072;
3629.7825936215518;991.6048000000467;989.3399000000072;972.2736999999981;972.7137999999982;994.9312000000282;989.2518000000073;993.2680000000374;989.3399000000072;984.597500000001;984.597500000001;984.597500000001;984.597500000001;961.7112999999974;984.597500000001;971.8335999999981;989.3399000000072;
3629.803903023137;991.6048000000467;989.3399000000072;972.2735999999982;972.7137999999982;994.9312000000282;989.2518000000073;993.2680000000374;989.3399000000072;984.597500000001;984.597500000001;984.597500000001;984.597500000001;961.7112999999974;984.597500000001;971.8335999999981;989.3399000000072;
3629.803903023137;991.6048000000467;989.3399000000072;971.8335999999981;972.7137999999982;994.9312000000282;989.2518000000073;993.2680000000374;989.3399000000072;984.597500000001;984.597500000001;984.597500000001;984.597500000001;961.7112999999974;984.597500000001;971.8335999999981;989.3399000000072;
3629.8092190231373;991.5960000000467;989.3399000000072;971.8335999999981;972.7137999999982;994.9312000000282;989.2518000000073;993.2680000000374;989.3399000000072;984.597500000001;984.597500000001;984.597500000001;984.597500000001;961.7112999999974;984.597500000001;971.8335999999981;989.3399000000072;
3629.9254081670574;991.5960000000467;989.3399000000072;971.8335999999981;972.7136999999982;994.9312000000282;989.2518000000073;993.2680000000374;989.3399000000072;984.597500000001;984.597500000001;984.597500000001;984.597500000001;961.7112999999974;984.597500000001;971.8335999999981;989.3399000000072;
3629.9254081670574;991.5960000000467;989.3399000000072;971.8335999999981;972.2736999999981;994.9312000000282;989.2518000000073;993.2680000000374;989.3399000000072;984.597500000001;984.597500000001;984.597500000001;984.597500000001;961.7112999999974;984.597500000001;971.8335999999981;989.3399000000072;
3629.9307241670576;991.5960000000467;989.3399000000072;971.8335999999981;972.2736999999981;994.9224000000282;989.2518000000073;993.2680000000374;989.3399000000072;984.597500000001;984.597500000001;984.597500000001;984.597500000001;961.7112999999974;984.597500000001;971.8335999999981;989.3399000000072;
3630.77728239789;991.5784000000468;989.2518000000073;971.8335999999981;972.2736999999981;994.9136000000283;989.2518000000073;993.2592000000375;989.2518000000073;984.597500000001;984.597500000001;984.597500000001;984.597500000001;961.7112999999974;984.597500000001;971.8335999999981;989.2518000000073;
3630.9307140200362;991.5696000000469;989.2518000000073;971.8335999999981;972.2736999999981;994.9136000000283;989.2518000000073;993.2504000000375;989.2518000000073;984.597500000001;984.597500000001;984.597500000001;984.597500000001;961.7112999999974;984.597500000001;971.8335999999981;989.2518000000073;
3631.7772871742277;991.5696000000469;989.2518000000073;971.8335999999981;972.2736999999981;994.9136000000283;989.2518000000073;993.2504000000375;989.2518000000073;984.597500000001;984.597500000001;984.597500000001;984.597500000001;961.7112999999974;984.597500000001;971.8335999999981;989.2518000000073;
3632.777291950565;991.5608000000469;989.2518000000073;971.8335999999981;972.2736999999981;994.9136000000283;989.2518000000073;993.2416000000376;989.2518000000073;984.597500000001;984.597500000001;984.597500000001;984.597500000001;961.7112999999974;984.597500000001;971.8335999999981;989.2518000000073;
3633.000000000113;991.552000000047;989.2518000000073;971.8335999999981;972.2736999999981;994.9136000000283;989.2518000000073;993.2328000000376;989.2518000000073;984.597500000001;984.597500000001;984.597500000001;984.597500000001;961.7112999999974;984.597500000001;971.8335999999981;989.2518000000073;
3633.777296726903;991.552000000047;989.2518000000073;971.8335999999981;972.2736999999981;994.9136000000283;989.2518000000073;993.2328000000376;989.2518000000073;984.597500000001;984.597500000001;984.597500000001;984.597500000001;961.7112999999974;984.597500000001;971.8335999999981;989.2518000000073;
3635.000000000113;991.552000000047;989.2518000000073;971.8335999999981;972.2736999999981;994.9136000000283;989.2518000000073;993.2328000000376;989.2518000000073;984.597500000001;984.597500000001;984.597500000001;984.597500000001;961.7112999999974;984.597500000001;971.8335999999981;989.2518000000073;
3636.000000000113;991.552000000047;989.2518000000073;971.8335999999981;972.2736999999981;994.9136000000283;989.2518000000073;993.2328000000376;989.2518000000073;984.597500000001;984.597500000001;984.597500000001;984.597500000001;961.7112999999974;984.597500000001;971.8335999999981;989.2518000000073;
3637.000000000113;991.552000000047;989.2518000000073;971.8335999999981;972.2736999999981;994.9136000000283;989.2518000000073;993.2328000000376;989.2518000000073;984.597500000001;984.597500000001;984.597500000001;984.597500000001;961.7112999999974;984.597500000001;971.8335999999981;989.2518000000073;
3638.000000000113;991.552000000047;989.2518000000073;971.8335999999981;972.2736999999981;994.9136000000283;989.2518000000073;993.2328000000376;989.2518000000073;984.597500000001;984.597500000001;984.597500000001;984.597500000001;961.7112999999974;984.597500000001;971.8335999999981;989.2518000000073;
3639.000000000113;991.552000000047;989.2518000000073;971.8335999999981;972.2736999999981;994.9136000000283;989.2518000000073;993.2328000000376;989.2518000000073;984.597500000001;984.597500000001;984.597500000001;984.597500000001;961.7112999999974;984.597500000001;971.8335999999981;989.2518000000073;
3640.000000000113;991.552000000047;989.2518000000073;971.8335999999981;972.2736999999981;994.9136000000283;989.2518000000073;993.2328000000376;989.2518000000073;984.597500000001;984.597500000001;984.597500000001;984.597500000001;961.7112999999974;984.597500000001;971.8335999999981;989.2518000000073;
3641.000000000113;991.552000000047;989.2518000000073;971.8335999999981;972.2736999999981;994.9136000000283;989.2518000000073;993.2328000000376;989.2518000000073;984.597500000001;984.597500000001;984.597500000001;984.597500000001;961.7112999999974;984.597500000001;971.8335999999981;989.2518000000073;
3642.000000000113;991.552000000047;989.2518000000073;971.8335999999981;972.2736999999981;994.9136000000283;989.2518000000073;993.2328000000376;989.2518000000073;984.597500000001;984.597500000001;984.597500000001;984.597500000001;961.7112999999974;984.597500000001;971.8335999999981;989.2518000000073;
3643.000000000113;991.552000000047;989.2518000000073;971.8335999999981;972.2736999999981;994.9136000000283;989.2518000000073;993.2328000000376;989.2518000000073;984.597500000001;984.597500000001;984.597500000001;984.597500000001;961.7112999999974;984.597500000001;971.8335999999981;989.2518000000073;
3644.000000000113;991.552000000047;989.2518000000073;971.8335999999981;972.2736999999981;994.9136000000283;989.2518000000073;993.2328000000376;989.2518000000073;984.597500000001;984.597500000001;984.597500000001;984.597500000001;961.7112999999974;984.597500000001;971.8335999999981;989.2518000000073;
3645.000000000113;991.552000000047;989.2518000000073;971.8335999999981;972.2736999999981;994.9136000000283;989.2518000000073;993.2328000000376;989.2518000000073;984.597500000001;984.597500000001;984.597500000001;984.597500000001;961.7112999999974;984.597500000001;971.8335999999981;989.2518000000073;
3646.000000000113;991.552000000047;989.2518000000073;971.8335999999981;972.2736999999981;994.9136000000283;989.2518000000073;993.2328000000376;989.2518000000073;984.597500000001;984.597500000001;984.597500000001;984.597500000001;961.7112999999974;984.597500000001;971.8335999999981;989.2518000000073;
3647.000000000113;991.552000000047;989.2518000000073;971.8335999999981;972.2736999999981;994.9136000000283;989.2518000000073;993.2328000000376;989.2518000000073;984.597500000001;984.597500000001;984.597500000001;984.597500000001;961.7112999999974;984.597500000001;971.8335999999981;989.2518000000073;
3648.000000000113;991.552000000047;989.2518000000073;971.8335999999981;972.2736999999981;994.9136000000283;989.2518000000073;993.2328000000376;989.2518000000073;984.597500000001;984.597500000001;984.597500000001;984.597500000001;961.7112999999974;984.597500000001;971.8335999999981;989.2518000000073;
3649.000000000113;991.552000000047;989.2518000000073;971.8335999999981;972.2736999999981;994.9136000000283;989.2518000000073;993.2328000000376;989.2518000000073;984.597500000001;984.597500000001;984.597500000001;984.597500000001;961.7112999999974;984.597500000001;971.8335999999981;989.2518000000073;
3650.000000000113;991.552000000047;989.2518000000073;971.8335999999981;972.2736999999981;994.9136000000283;989.2518000000073;993.2328000000376;989.2518000000073;984.597500000001;984.597500000001;984.597500000001;984.597500000001;961.7112999999974;984.597500000001;971.8335999999981;989.2518000000073;
3651.000000000113;991.552000000047;989.2518000000073;971.8335999999981;972.2736999999981;994.9136000000283;989.2518000000073;993.2328000000376;989.2518000000073;984.597500000001;984.597500000001;984.597500000001;984.597500000001;961.7112999999974;984.597500000001;971.8335999999981;989.2518000000073;
3652.000000000113;991.552000000047;989.2518000000073;971.8335999999981;972.2736999999981;994.9136000000283;989.2518000000073;993.2328000000376;989.2518000000073;984.597500000001;984.597500000001;984.597500000001;984.597500000001;961.7112999999974;984.597500000001;971.8335999999981;989.2518000000073;
3653.000000000113;991.552000000047;989.2518000000073;971.8335999999981;972.2736999999981;994.9136000000283;989.2518000000073;993.2328000000376;989.2518000000073;984.597500000001;984.597500000001;984.597500000001;984.597500000001;961.7112999999974;984.597500000001;971.8335999999981;989.2518000000073;
3654.000000000113;991.552000000047;989.2518000000073;971.8335999999981;972.2736999999981;994.9136000000283;989.2518000000073;993.2328000000376;989.2518000000073;984.597500000001;984.597500000001;984.597500000001;984.597500000001;961.7112999999974;984.597500000001;971.8335999999981;989.2518000000073;
3655.000000000113;991.552000000047;989.2518000000073;971.8335999999981;972.2736999999981;994.9136000000283;989.2518000000073;993.2328000000376;989.2518000000073;984.597500000001;984.597500000001;984.597500000001;984.597500000001;961.7112999999974;984.597500000001;971.8335999999981;989.2518000000073;
3656.000000000113;991.552000000047;989.2518000000073;971.8335999999981;972.2736999999981;994.9136000000283;989.2518000000073;993.2328000000376;989.2518000000073;984.597500000001;984.597500000001;984.597500000001;984.597500000001;961.7112999999974;984.597500000001;971.8335999999981;989.2518000000073;
3657.000000000113;991.552000000047;989.2518000000073;971.8335999999981;972.2736999999981;994.9136000000283;989.2518000000073;993.2328000000376;989.2518000000073;984.597500000001;984.597500000001;984.597500000001;984.597500000001;961.7112999999974;984.597500000001;971.8335999999981;989.2518000000073;
3658.000000000113;991.552000000047;989.2518000000073;971.8335999999981;972.2736999999981;994.9136000000283;989.2518000000073;993.2328000000376;989.2518000000073;984.597500000001;984.597500000001;984.597500000001;984.597500000001;961.7112999999974;984.597500000001;971.8335999999981;989.2518000000073;
3659.000000000113;991.552000000047;989.2518000000073;971.8335999999981;972.2736999999981;994.9136000000283;989.2518000000073;993.2328000000376;989.2518000000073;984.597500000001;984.597500000001;984.597500000001;984.597500000001;961.7112999999974;984.597500000001;971.8335999999981;989.2518000000073;
3659.771934359287;991.552000000047;989.2518000000073;971.8335999999981;972.2736999999981;994.9136000000283;989.2517000000073;993.2328000000376;989.2518000000073;984.597500000001;984.597500000001;984.597500000001;984.597500000001;961.7112999999974;984.597500000001;971.8335999999981;989.2518000000073;
3659.771934359287;991.552000000047;989.2518000000073;971.8335999999981;972.2736999999981;994.9136000000283;989.1637000000073;993.2328000000376;989.2518000000073;984.597500000001;984.597500000001;984.597500000001;984.597500000001;961.7112999999974;984.597500000001;971.8335999999981;989.2518000000073;
3659.7772503592873;991.543200000047;989.2518000000073;971.8335999999981;972.2736999999981;994.9136000000283;989.1637000000073;993.2328000000376;989.2518000000073;984.597500000001;984.597500000001;984.597500000001;984.597500000001;961.7112999999974;984.597500000001;971.8335999999981;989.2518000000073;
3659.7772503592873;991.5344000000471;989.2518000000073;971.8335999999981;972.2736999999981;994.9136000000283;989.1637000000073;993.2328000000376;989.2518000000073;984.597500000001;984.597500000001;984.597500000001;984.597500000001;961.7112999999974;984.597500000001;971.8335999999981;989.2518000000073;
3659.7825663592876;991.5344000000471;989.2518000000073;971.8335999999981;972.2736999999981;994.9136000000283;989.1637000000073;993.2240000000377;989.2518000000073;984.597500000001;984.597500000001;984.597500000001;984.597500000001;961.7112999999974;984.597500000001;971.8335999999981;989.2518000000073;
3659.938354852583;991.5344000000471;989.2518000000073;971.8335999999981;972.2736999999981;994.9136000000283;989.1637000000073;993.2240000000377;989.2517000000073;984.597500000001;984.597500000001;984.597500000001;984.597500000001;961.7112999999974;984.597500000001;971.8335999999981;989.2518000000073;
3659.938354852583;991.5344000000471;989.2518000000073;971.8335999999981;972.2736999999981;994.9136000000283;989.1637000000073;993.2240000000377;989.1637000000073;984.597500000001;984.597500000001;984.597500000001;984.597500000001;961.7112999999974;984.597500000001;971.8335999999981;989.2518000000073;
3659.9433996125504;991.5344000000471;989.2518000000073;971.8335999999981;972.2736999999981;994.9136000000283;989.1637000000073;993.2240000000377;989.1637000000073;984.597500000001;984.597500000001;984.597500000001;984.597500000001;961.7111999999975;984.597500000001;971.8335999999981;989.2518000000073;
3659.9433996125504;991.5344000000471;989.2518000000073;971.8335999999981;972.2736999999981;994.9136000000283;989.1637000000073;993.2240000000377;989.1637000000073;984.597500000001;984.597500000001;984.597500000001;984.597500000001;961.2711999999974;984.597500000001;971.8335999999981;989.2518000000073;
3659.9436708525827;991.5256000000471;989.2518000000073;971.8335999999981;972.2736999999981;994.9136000000283;989.1637000000073;993.2240000000377;989.1637000000073;984.597500000001;984.597500000001;984.597500000001;984.597500000001;961.2711999999974;984.597500000001;971.8335999999981;989.2518000000073;
3659.94871561255;991.5256000000471;989.2518000000073;971.8335999999981;972.2736999999981;994.9048000000283;989.1637000000073;993.2240000000377;989.1637000000073;984.597500000001;984.597500000001;984.597500000001;984.597500000001;961.2711999999974;984.597500000001;971.8335999999981;989.2518000000073;
3659.94871561255;991.5256000000471;989.2518000000073;971.8335999999981;972.2736999999981;994.8960000000284;989.1637000000073;993.2240000000377;989.1637000000073;984.597500000001;984.597500000001;984.597500000001;984.597500000001;961.2711999999974;984.597500000001;971.8335999999981;989.2518000000073;
3660.777255135625;991.5168000000472;989.1637000000073;971.8335999999981;972.2736999999981;994.8872000000284;989.1637000000073;993.2152000000377;989.1637000000073;984.597500000001;984.597500000001;984.597500000001;984.597500000001;961.2711999999974;984.597500000001;971.3934999999981;989.1637000000073;
3661.000000000114;991.5080000000472;989.1637000000073;971.8335999999981;972.2736999999981;994.8784000000285;989.1637000000073;993.1976000000378;989.1637000000073;984.597500000001;984.597500000001;984.597500000001;984.597500000001;961.2711999999974;984.597500000001;971.3934999999981;989.1637000000073;
3661.777259911963;991.5080000000472;989.1637000000073;971.8335999999981;972.2736999999981;994.8784000000285;989.1637000000073;993.1976000000378;989.1637000000073;984.597500000001;984.597500000001;984.597500000001;984.597500000001;961.2711999999974;984.597500000001;971.3934999999981;989.1637000000073;
3662.7772646883004;991.4992000000473;989.1637000000073;971.8335999999981;972.2736999999981;994.8784000000285;989.1637000000073;993.1888000000379;989.1637000000073;984.597500000001;984.597500000001;984.597500000001;984.597500000001;961.2711999999974;984.597500000001;971.3934999999981;989.1637000000073;
3664.000000000114;991.4992000000473;989.1637000000073;971.8335999999981;972.2736999999981;994.8784000000285;989.1637000000073;993.1888000000379;989.1637000000073;984.597500000001;984.597500000001;984.597500000001;984.597500000001;961.2711999999974;984.597500000001;971.3934999999981;989.1637000000073;
3665.000000000114;991.4992000000473;989.1637000000073;971.8335999999981;972.2736999999981;994.8784000000285;989.1637000000073;993.1888000000379;989.1637000000073;984.597500000001;984.597500000001;984.597500000001;984.597500000001;961.2711999999974;984.597500000001;971.3934999999981;989.1637000000073;
3666.000000000114;991.4992000000473;989.1637000000073;971.8335999999981;972.2736999999981;994.8784000000285;989.1637000000073;993.1888000000379;989.1637000000073;984.597500000001;984.597500000001;984.597500000001;984.597500000001;961.2711999999974;984.597500000001;971.3934999999981;989.1637000000073;
3667.000000000114;991.4992000000473;989.1637000000073;971.8335999999981;972.2736999999981;994.8784000000285;989.1637000000073;993.1888000000379;989.1637000000073;984.597500000001;984.597500000001;984.597500000001;984.597500000001;961.2711999999974;984.597500000001;971.3934999999981;989.1637000000073;
3668.000000000114;991.4992000000473;989.1637000000073;971.8335999999981;972.2736999999981;994.8784000000285;989.1637000000073;993.1888000000379;989.1637000000073;984.597500000001;984.597500000001;984.597500000001;984.597500000001;961.2711999999974;984.597500000001;971.3934999999981;989.1637000000073;
3669.000000000114;991.4992000000473;989.1637000000073;971.8335999999981;972.2736999999981;994.8784000000285;989.1637000000073;993.1888000000379;989.1637000000073;984.597500000001;984.597500000001;984.597500000001;984.597500000001;961.2711999999974;984.597500000001;971.3934999999981;989.1637000000073;
3670.000000000114;991.4992000000473;989.1637000000073;971.8335999999981;972.2736999999981;994.8784000000285;989.1637000000073;993.1888000000379;989.1637000000073;984.597500000001;984.597500000001;984.597500000001;984.597500000001;961.2711999999974;984.597500000001;971.3934999999981;989.1637000000073;
3671.000000000114;991.4992000000473;989.1637000000073;971.8335999999981;972.2736999999981;994.8784000000285;989.1637000000073;993.1888000000379;989.1637000000073;984.597500000001;984.597500000001;984.597500000001;984.597500000001;961.2711999999974;984.597500000001;971.3934999999981;989.1637000000073;
3672.000000000114;991.4992000000473;989.1637000000073;971.8335999999981;972.2736999999981;994.8784000000285;989.1637000000073;993.1888000000379;989.1637000000073;984.597500000001;984.597500000001;984.597500000001;984.597500000001;961.2711999999974;984.597500000001;971.3934999999981;989.1637000000073;
3673.000000000114;991.4992000000473;989.1637000000073;971.8335999999981;972.2736999999981;994.8784000000285;989.1637000000073;993.1888000000379;989.1637000000073;984.597500000001;984.597500000001;984.597500000001;984.597500000001;961.2711999999974;984.597500000001;971.3934999999981;989.1637000000073;
3674.000000000114;991.4992000000473;989.1637000000073;971.8335999999981;972.2736999999981;994.8784000000285;989.1637000000073;993.1888000000379;989.1637000000073;984.597500000001;984.597500000001;984.597500000001;984.597500000001;961.2711999999974;984.597500000001;971.3934999999981;989.1637000000073;
3675.000000000114;991.4992000000473;989.1637000000073;971.8335999999981;972.2736999999981;994.8784000000285;989.1637000000073;993.1888000000379;989.1637000000073;984.597500000001;984.597500000001;984.597500000001;984.597500000001;961.2711999999974;984.597500000001;971.3934999999981;989.1637000000073;
3676.000000000114;991.4992000000473;989.1637000000073;971.8335999999981;972.2736999999981;994.8784000000285;989.1637000000073;993.1888000000379;989.1637000000073;984.597500000001;984.597500000001;984.597500000001;984.597500000001;961.2711999999974;984.597500000001;971.3934999999981;989.1637000000073;
3677.000000000114;991.4992000000473;989.1637000000073;971.8335999999981;972.2736999999981;994.8784000000285;989.1637000000073;993.1888000000379;989.1637000000073;984.597500000001;984.597500000001;984.597500000001;984.597500000001;961.2711999999974;984.597500000001;971.3934999999981;989.1637000000073;
3678.000000000114;991.4992000000473;989.1637000000073;971.8335999999981;972.2736999999981;994.8784000000285;989.1637000000073;993.1888000000379;989.1637000000073;984.597500000001;984.597500000001;984.597500000001;984.597500000001;961.2711999999974;984.597500000001;971.3934999999981;989.1637000000073;
3679.000000000114;991.4992000000473;989.1637000000073;971.8335999999981;972.2736999999981;994.8784000000285;989.1637000000073;993.1888000000379;989.1637000000073;984.597500000001;984.597500000001;984.597500000001;984.597500000001;961.2711999999974;984.597500000001;971.3934999999981;989.1637000000073;
3680.000000000114;991.4992000000473;989.1637000000073;971.8335999999981;972.2736999999981;994.8784000000285;989.1637000000073;993.1888000000379;989.1637000000073;984.597500000001;984.597500000001;984.597500000001;984.597500000001;961.2711999999974;984.597500000001;971.3934999999981;989.1637000000073;
3681.000000000114;991.4992000000473;989.1637000000073;971.8335999999981;972.2736999999981;994.8784000000285;989.1637000000073;993.1888000000379;989.1637000000073;984.597500000001;984.597500000001;984.597500000001;984.597500000001;961.2711999999974;984.597500000001;971.3934999999981;989.1637000000073;
3682.000000000114;991.4992000000473;989.1637000000073;971.8335999999981;972.2736999999981;994.8784000000285;989.1637000000073;993.1888000000379;989.1637000000073;984.597500000001;984.597500000001;984.597500000001;984.597500000001;961.2711999999974;984.597500000001;971.3934999999981;989.1637000000073;
3683.000000000114;991.4992000000473;989.1637000000073;971.8335999999981;972.2736999999981;994.8784000000285;989.1637000000073;993.1888000000379;989.1637000000073;984.597500000001;984.597500000001;984.597500000001;984.597500000001;961.2711999999974;984.597500000001;971.3934999999981;989.1637000000073;
3684.000000000114;991.4992000000473;989.1637000000073;971.8335999999981;972.2736999999981;994.8784000000285;989.1637000000073;993.1888000000379;989.1637000000073;984.597500000001;984.597500000001;984.597500000001;984.597500000001;961.2711999999974;984.597500000001;971.3934999999981;989.1637000000073;
3685.000000000114;991.4992000000473;989.1637000000073;971.8335999999981;972.2736999999981;994.8784000000285;989.1637000000073;993.1888000000379;989.1637000000073;984.597500000001;984.597500000001;984.597500000001;984.597500000001;961.2711999999974;984.597500000001;971.3934999999981;989.1637000000073;
3686.000000000114;991.4992000000473;989.1637000000073;971.8335999999981;972.2736999999981;994.8784000000285;989.1637000000073;993.1888000000379;989.1637000000073;984.597500000001;984.597500000001;984.597500000001;984.597500000001;961.2711999999974;984.597500000001;971.3934999999981;989.1637000000073;
3687.000000000114;991.4992000000473;989.1637000000073;971.8335999999981;972.2736999999981;994.8784000000285;989.1637000000073;993.1888000000379;989.1637000000073;984.597500000001;984.597500000001;984.597500000001;984.597500000001;961.2711999999974;984.597500000001;971.3934999999981;989.1637000000073;
3688.000000000114;991.4992000000473;989.1637000000073;971.8335999999981;972.2736999999981;994.8784000000285;989.1637000000073;993.1888000000379;989.1637000000073;984.597500000001;984.597500000001;984.597500000001;984.597500000001;961.2711999999974;984.597500000001;971.3934999999981;989.1637000000073;
3689.000000000114;991.4992000000473;989.1637000000073;971.8335999999981;972.2736999999981;994.8784000000285;989.1637000000073;993.1888000000379;989.1637000000073;984.597500000001;984.597500000001;984.597500000001;984.597500000001;961.2711999999974;984.597500000001;971.3934999999981;989.1637000000073;
3689.771907097022;991.4992000000473;989.1637000000073;971.8335999999981;972.2736999999981;994.8784000000285;989.1636000000074;993.1888000000379;989.1637000000073;984.597500000001;984.597500000001;984.597500000001;984.597500000001;961.2711999999974;984.597500000001;971.3934999999981;989.1637000000073;
3689.771907097022;991.4992000000473;989.1637000000073;971.8335999999981;972.2736999999981;994.8784000000285;989.0756000000074;993.1888000000379;989.1637000000073;984.597500000001;984.597500000001;984.597500000001;984.597500000001;961.2711999999974;984.597500000001;971.3934999999981;989.1637000000073;
3689.777223097022;991.4904000000473;989.1637000000073;971.8335999999981;972.2736999999981;994.8784000000285;989.0756000000074;993.1888000000379;989.1637000000073;984.597500000001;984.597500000001;984.597500000001;984.597500000001;961.2711999999974;984.597500000001;971.3934999999981;989.1637000000073;
3689.777223097022;991.4816000000474;989.1637000000073;971.8335999999981;972.2736999999981;994.8784000000285;989.0756000000074;993.1888000000379;989.1637000000073;984.597500000001;984.597500000001;984.597500000001;984.597500000001;961.2711999999974;984.597500000001;971.3934999999981;989.1637000000073;
3689.7825390970224;991.4816000000474;989.1637000000073;971.8335999999981;972.2736999999981;994.8784000000285;989.0756000000074;993.1800000000379;989.1637000000073;984.597500000001;984.597500000001;984.597500000001;984.597500000001;961.2711999999974;984.597500000001;971.3934999999981;989.1637000000073;
3689.8039104572863;991.4816000000474;989.1637000000073;971.8334999999981;972.2736999999981;994.8784000000285;989.0756000000074;993.1800000000379;989.1637000000073;984.597500000001;984.597500000001;984.597500000001;984.597500000001;961.2711999999974;984.597500000001;971.3934999999981;989.1637000000073;
3689.8039104572863;991.4816000000474;989.1637000000073;971.3934999999981;972.2736999999981;994.8784000000285;989.0756000000074;993.1800000000379;989.1637000000073;984.597500000001;984.597500000001;984.597500000001;984.597500000001;961.2711999999974;984.597500000001;971.3934999999981;989.1637000000073;
3689.8092264572865;991.4728000000474;989.1637000000073;971.3934999999981;972.2736999999981;994.8784000000285;989.0756000000074;993.1800000000379;989.1637000000073;984.597500000001;984.597500000001;984.597500000001;984.597500000001;961.2711999999974;984.597500000001;971.3934999999981;989.1637000000073;
3689.9260106653273;991.4728000000474;989.1637000000073;971.3934999999981;972.2735999999982;994.8784000000285;989.0756000000074;993.1800000000379;989.1637000000073;984.597500000001;984.597500000001;984.597500000001;984.597500000001;961.2711999999974;984.597500000001;971.3934999999981;989.1637000000073;
3689.9260106653273;991.4728000000474;989.1637000000073;971.3934999999981;971.8335999999981;994.8784000000285;989.0756000000074;993.1800000000379;989.1637000000073;984.597500000001;984.597500000001;984.597500000001;984.597500000001;961.2711999999974;984.597500000001;971.3934999999981;989.1637000000073;
3689.9313266653276;991.4728000000474;989.1637000000073;971.3934999999981;971.8335999999981;994.8696000000285;989.0756000000074;993.1800000000379;989.1637000000073;984.597500000001;984.597500000001;984.597500000001;984.597500000001;961.2711999999974;984.597500000001;971.3934999999981;989.1637000000073;
3689.9313266653276;991.4728000000474;989.1637000000073;971.3934999999981;971.8335999999981;994.8608000000286;989.0756000000074;993.1800000000379;989.1637000000073;984.597500000001;984.597500000001;984.597500000001;984.597500000001;961.2711999999974;984.597500000001;971.3934999999981;989.1637000000073;
3689.936642665328;991.4728000000474;989.1637000000073;971.3934999999981;971.8335999999981;994.8608000000286;989.0756000000074;993.171200000038;989.1637000000073;984.597500000001;984.597500000001;984.597500000001;984.597500000001;961.2711999999974;984.597500000001;971.3934999999981;989.1637000000073;
3690.7772278733605;991.4552000000475;989.0756000000074;971.3934999999981;971.8335999999981;994.8608000000286;989.0756000000074;993.171200000038;989.0756000000074;984.597500000001;984.597500000001;984.597500000001;984.597500000001;961.2711999999974;984.597500000001;971.3934999999981;989.0756000000074;
3691.777232649698;991.4464000000476;989.0756000000074;971.3934999999981;971.8335999999981;994.8608000000286;989.0756000000074;993.162400000038;989.0756000000074;984.597500000001;984.597500000001;984.597500000001;984.597500000001;961.2711999999974;984.597500000001;971.3934999999981;989.0756000000074;
3692.0000000001155;991.4376000000476;989.0756000000074;971.3934999999981;971.8335999999981;994.8608000000286;989.0756000000074;993.1536000000381;989.0756000000074;984.597500000001;984.597500000001;984.597500000001;984.597500000001;961.2711999999974;984.597500000001;971.3934999999981;989.0756000000074;
3692.7772374260353;991.4376000000476;989.0756000000074;971.3934999999981;971.8335999999981;994.8608000000286;989.0756000000074;993.1536000000381;989.0756000000074;984.597500000001;984.597500000001;984.597500000001;984.597500000001;961.2711999999974;984.597500000001;971.3934999999981;989.0756000000074;
3693.7772422023727;991.4288000000477;989.0756000000074;971.3934999999981;971.8335999999981;994.8608000000286;989.0756000000074;993.1448000000381;989.0756000000074;984.597500000001;984.597500000001;984.597500000001;984.597500000001;961.2711999999974;984.597500000001;971.3934999999981;989.0756000000074;
3694.0000000001155;991.4288000000477;989.0756000000074;971.3934999999981;971.8335999999981;994.8608000000286;989.0756000000074;993.1448000000381;989.0756000000074;984.597500000001;984.597500000001;984.597500000001;984.597500000001;961.2711999999974;984.597500000001;971.3934999999981;989.0756000000074;
3695.0000000001155;991.4288000000477;989.0756000000074;971.3934999999981;971.8335999999981;994.8608000000286;989.0756000000074;993.1448000000381;989.0756000000074;984.597500000001;984.597500000001;984.597500000001;984.597500000001;961.2711999999974;984.597500000001;971.3934999999981;989.0756000000074;
3696.0000000001155;991.4288000000477;989.0756000000074;971.3934999999981;971.8335999999981;994.8608000000286;989.0756000000074;993.1448000000381;989.0756000000074;984.597500000001;984.597500000001;984.597500000001;984.597500000001;961.2711999999974;984.597500000001;971.3934999999981;989.0756000000074;
3697.0000000001155;991.4288000000477;989.0756000000074;971.3934999999981;971.8335999999981;994.8608000000286;989.0756000000074;993.1448000000381;989.0756000000074;984.597500000001;984.597500000001;984.597500000001;984.597500000001;961.2711999999974;984.597500000001;971.3934999999981;989.0756000000074;
3698.0000000001155;991.4288000000477;989.0756000000074;971.3934999999981;971.8335999999981;994.8608000000286;989.0756000000074;993.1448000000381;989.0756000000074;984.597500000001;984.597500000001;984.597500000001;984.597500000001;961.2711999999974;984.597500000001;971.3934999999981;989.0756000000074;
3699.0000000001155;991.4288000000477;989.0756000000074;971.3934999999981;971.8335999999981;994.8608000000286;989.0756000000074;993.1448000000381;989.0756000000074;984.597500000001;984.597500000001;984.597500000001;984.597500000001;961.2711999999974;984.597500000001;971.3934999999981;989.0756000000074;
3700.0000000001155;991.4288000000477;989.0756000000074;971.3934999999981;971.8335999999981;994.8608000000286;989.0756000000074;993.1448000000381;989.0756000000074;984.597500000001;984.597500000001;984.597500000001;984.597500000001;961.2711999999974;984.597500000001;971.3934999999981;989.0756000000074;
3701.0000000001155;991.4288000000477;989.0756000000074;971.3934999999981;971.8335999999981;994.8608000000286;989.0756000000074;993.1448000000381;989.0756000000074;984.597500000001;984.597500000001;984.597500000001;984.597500000001;961.2711999999974;984.597500000001;971.3934999999981;989.0756000000074;
3702.0000000001155;991.4288000000477;989.0756000000074;971.3934999999981;971.8335999999981;994.8608000000286;989.0756000000074;993.1448000000381;989.0756000000074;984.597500000001;984.597500000001;984.597500000001;984.597500000001;961.2711999999974;984.597500000001;971.3934999999981;989.0756000000074;
3703.0000000001155;991.4288000000477;989.0756000000074;971.3934999999981;971.8335999999981;994.8608000000286;989.0756000000074;993.1448000000381;989.0756000000074;984.597500000001;984.597500000001;984.597500000001;984.597500000001;961.2711999999974;984.597500000001;971.3934999999981;989.0756000000074;
3704.0000000001155;991.4288000000477;989.0756000000074;971.3934999999981;971.8335999999981;994.8608000000286;989.0756000000074;993.1448000000381;989.0756000000074;984.597500000001;984.597500000001;984.597500000001;984.597500000001;961.2711999999974;984.597500000001;971.3934999999981;989.0756000000074;
3705.0000000001155;991.4288000000477;989.0756000000074;971.3934999999981;971.8335999999981;994.8608000000286;989.0756000000074;993.1448000000381;989.0756000000074;984.597500000001;984.597500000001;984.597500000001;984.597500000001;961.2711999999974;984.597500000001;971.3934999999981;989.0756000000074;
3706.0000000001155;991.4288000000477;989.0756000000074;971.3934999999981;971.8335999999981;994.8608000000286;989.0756000000074;993.1448000000381;989.0756000000074;984.597500000001;984.597500000001;984.597500000001;984.597500000001;961.2711999999974;984.597500000001;971.3934999999981;989.0756000000074;
3707.0000000001155;991.4288000000477;989.0756000000074;971.3934999999981;971.8335999999981;994.8608000000286;989.0756000000074;993.1448000000381;989.0756000000074;984.597500000001;984.597500000001;984.597500000001;984.597500000001;961.2711999999974;984.597500000001;971.3934999999981;989.0756000000074;
3708.0000000001155;991.4288000000477;989.0756000000074;971.3934999999981;971.8335999999981;994.8608000000286;989.0756000000074;993.1448000000381;989.0756000000074;984.597500000001;984.597500000001;984.597500000001;984.597500000001;961.2711999999974;984.597500000001;971.3934999999981;989.0756000000074;
3709.0000000001155;991.4288000000477;989.0756000000074;971.3934999999981;971.8335999999981;994.8608000000286;989.0756000000074;993.1448000000381;989.0756000000074;984.597500000001;984.597500000001;984.597500000001;984.597500000001;961.2711999999974;984.597500000001;971.3934999999981;989.0756000000074;
3710.0000000001155;991.4288000000477;989.0756000000074;971.3934999999981;971.8335999999981;994.8608000000286;989.0756000000074;993.1448000000381;989.0756000000074;984.597500000001;984.597500000001;984.597500000001;984.597500000001;961.2711999999974;984.597500000001;971.3934999999981;989.0756000000074;
3711.0000000001155;991.4288000000477;989.0756000000074;971.3934999999981;971.8335999999981;994.8608000000286;989.0756000000074;993.1448000000381;989.0756000000074;984.597500000001;984.597500000001;984.597500000001;984.597500000001;961.2711999999974;984.597500000001;971.3934999999981;989.0756000000074;
3712.0000000001155;991.4288000000477;989.0756000000074;971.3934999999981;971.8335999999981;994.8608000000286;989.0756000000074;993.1448000000381;989.0756000000074;984.597500000001;984.597500000001;984.597500000001;984.597500000001;961.2711999999974;984.597500000001;971.3934999999981;989.0756000000074;
3713.0000000001155;991.4288000000477;989.0756000000074;971.3934999999981;971.8335999999981;994.8608000000286;989.0756000000074;993.1448000000381;989.0756000000074;984.597500000001;984.597500000001;984.597500000001;984.597500000001;961.2711999999974;984.597500000001;971.3934999999981;989.0756000000074;
3714.0000000001155;991.4288000000477;989.0756000000074;971.3934999999981;971.8335999999981;994.8608000000286;989.0756000000074;993.1448000000381;989.0756000000074;984.597500000001;984.597500000001;984.597500000001;984.597500000001;961.2711999999974;984.597500000001;971.3934999999981;989.0756000000074;
3715.0000000001155;991.4288000000477;989.0756000000074;971.3934999999981;971.8335999999981;994.8608000000286;989.0756000000074;993.1448000000381;989.0756000000074;984.597500000001;984.597500000001;984.597500000001;984.597500000001;961.2711999999974;984.597500000001;971.3934999999981;989.0756000000074;
3716.0000000001155;991.4288000000477;989.0756000000074;971.3934999999981;971.8335999999981;994.8608000000286;989.0756000000074;993.1448000000381;989.0756000000074;984.597500000001;984.597500000001;984.597500000001;984.597500000001;961.2711999999974;984.597500000001;971.3934999999981;989.0756000000074;
3717.0000000001155;991.4288000000477;989.0756000000074;971.3934999999981;971.8335999999981;994.8608000000286;989.0756000000074;993.1448000000381;989.0756000000074;984.597500000001;984.597500000001;984.597500000001;984.597500000001;961.2711999999974;984.597500000001;971.3934999999981;989.0756000000074;
3718.0000000001155;991.4288000000477;989.0756000000074;971.3934999999981;971.8335999999981;994.8608000000286;989.0756000000074;993.1448000000381;989.0756000000074;984.597500000001;984.597500000001;984.597500000001;984.597500000001;961.2711999999974;984.597500000001;971.3934999999981;989.0756000000074;
3719.0000000001155;991.4288000000477;989.0756000000074;971.3934999999981;971.8335999999981;994.8608000000286;989.0756000000074;993.1448000000381;989.0756000000074;984.597500000001;984.597500000001;984.597500000001;984.597500000001;961.2711999999974;984.597500000001;971.3934999999981;989.0756000000074;
3719.771879834757;991.4288000000477;989.0756000000074;971.3934999999981;971.8335999999981;994.8608000000286;989.0755000000074;993.1448000000381;989.0756000000074;984.597500000001;984.597500000001;984.597500000001;984.597500000001;961.2711999999974;984.597500000001;971.3934999999981;989.0756000000074;
3719.771879834757;991.4288000000477;989.0756000000074;971.3934999999981;971.8335999999981;994.8608000000286;988.9875000000075;993.1448000000381;989.0756000000074;984.597500000001;984.597500000001;984.597500000001;984.597500000001;961.2711999999974;984.597500000001;971.3934999999981;989.0756000000074;
3719.777195834757;991.4200000000477;989.0756000000074;971.3934999999981;971.8335999999981;994.8608000000286;988.9875000000075;993.1448000000381;989.0756000000074;984.597500000001;984.597500000001;984.597500000001;984.597500000001;961.2711999999974;984.597500000001;971.3934999999981;989.0756000000074;
3719.777195834757;991.4112000000478;989.0756000000074;971.3934999999981;971.8335999999981;994.8608000000286;988.9875000000075;993.1448000000381;989.0756000000074;984.597500000001;984.597500000001;984.597500000001;984.597500000001;961.2711999999974;984.597500000001;971.3934999999981;989.0756000000074;
3719.7825118347573;991.4112000000478;989.0756000000074;971.3934999999981;971.8335999999981;994.8608000000286;988.9875000000075;993.1360000000382;989.0756000000074;984.597500000001;984.597500000001;984.597500000001;984.597500000001;961.2711999999974;984.597500000001;971.3934999999981;989.0756000000074;
3719.9384414704573;991.4112000000478;989.0756000000074;971.3934999999981;971.8335999999981;994.8608000000286;988.9875000000075;993.1360000000382;989.0755000000074;984.597500000001;984.597500000001;984.597500000001;984.597500000001;961.2711999999974;984.597500000001;971.3934999999981;989.0756000000074;
3719.9384414704573;991.4112000000478;989.0756000000074;971.3934999999981;971.8335999999981;994.8608000000286;988.9875000000075;993.1360000000382;988.9875000000075;984.597500000001;984.597500000001;984.597500000001;984.597500000001;961.2711999999974;984.597500000001;971.3934999999981;989.0756000000074;
3719.939944392295;991.4112000000478;989.0756000000074;971.3934999999981;971.8335999999981;994.8608000000286;988.9875000000075;993.1360000000382;988.9875000000075;984.597500000001;984.597500000001;984.597500000001;984.597500000001;961.2710999999974;984.597500000001;971.3934999999981;989.0756000000074;
3719.939944392295;991.4112000000478;989.0756000000074;971.3934999999981;971.8335999999981;994.8608000000286;988.9875000000075;993.1360000000382;988.9875000000075;984.597500000001;984.597500000001;984.597500000001;984.597500000001;960.8310999999974;984.597500000001;971.3934999999981;989.0756000000074;
3719.943757470457;991.4024000000478;989.0756000000074;971.3934999999981;971.8335999999981;994.8608000000286;988.9875000000075;993.1360000000382;988.9875000000075;984.597500000001;984.597500000001;984.597500000001;984.597500000001;960.8310999999974;984.597500000001;971.3934999999981;989.0756000000074;
3719.9452603922946;991.4024000000478;989.0756000000074;971.3934999999981;971.8335999999981;994.8520000000286;988.9875000000075;993.1360000000382;988.9875000000075;984.597500000001;984.597500000001;984.597500000001;984.597500000001;960.8310999999974;984.597500000001;971.3934999999981;989.0756000000074;
3719.9452603922946;991.4024000000478;989.0756000000074;971.3934999999981;971.8335999999981;994.8432000000287;988.9875000000075;993.1360000000382;988.9875000000075;984.597500000001;984.597500000001;984.597500000001;984.597500000001;960.8310999999974;984.597500000001;971.3934999999981;989.0756000000074;
3720.7772006110954;991.3936000000479;988.9875000000075;971.3934999999981;971.8335999999981;994.8344000000287;988.9875000000075;993.1272000000382;988.9875000000075;984.597500000001;984.597500000001;984.597500000001;984.597500000001;960.8310999999974;984.597500000001;970.953399999998;988.9875000000075;
3721.777205387433;991.3848000000479;988.9875000000075;971.3934999999981;971.8335999999981;994.8256000000288;988.9875000000075;993.1096000000383;988.9875000000075;984.597500000001;984.597500000001;984.597500000001;984.597500000001;960.8310999999974;984.597500000001;970.953399999998;988.9875000000075;
3721.945240098252;991.376000000048;988.9875000000075;971.3934999999981;971.8335999999981;994.8256000000288;988.9875000000075;993.1008000000384;988.9875000000075;984.597500000001;984.597500000001;984.597500000001;984.597500000001;960.8310999999974;984.597500000001;970.953399999998;988.9875000000075;
3722.77721016377;991.376000000048;988.9875000000075;971.3934999999981;971.8335999999981;994.8256000000288;988.9875000000075;993.1008000000384;988.9875000000075;984.597500000001;984.597500000001;984.597500000001;984.597500000001;960.8310999999974;984.597500000001;970.953399999998;988.9875000000075;
3724.000000000117;991.376000000048;988.9875000000075;971.3934999999981;971.8335999999981;994.8256000000288;988.9875000000075;993.1008000000384;988.9875000000075;984.597500000001;984.597500000001;984.597500000001;984.597500000001;960.8310999999974;984.597500000001;970.953399999998;988.9875000000075;
3725.000000000117;991.376000000048;988.9875000000075;971.3934999999981;971.8335999999981;994.8256000000288;988.9875000000075;993.1008000000384;988.9875000000075;984.597500000001;984.597500000001;984.597500000001;984.597500000001;960.8310999999974;984.597500000001;970.953399999998;988.9875000000075;
3726.000000000117;991.376000000048;988.9875000000075;971.3934999999981;971.8335999999981;994.8256000000288;988.9875000000075;993.1008000000384;988.9875000000075;984.597500000001;984.597500000001;984.597500000001;984.597500000001;960.8310999999974;984.597500000001;970.953399999998;988.9875000000075;
3727.000000000117;991.376000000048;988.9875000000075;971.3934999999981;971.8335999999981;994.8256000000288;988.9875000000075;993.1008000000384;988.9875000000075;984.597500000001;984.597500000001;984.597500000001;984.597500000001;960.8310999999974;984.597500000001;970.953399999998;988.9875000000075;
3728.000000000117;991.376000000048;988.9875000000075;971.3934999999981;971.8335999999981;994.8256000000288;988.9875000000075;993.1008000000384;988.9875000000075;984.597500000001;984.597500000001;984.597500000001;984.597500000001;960.8310999999974;984.597500000001;970.953399999998;988.9875000000075;
3729.000000000117;991.376000000048;988.9875000000075;971.3934999999981;971.8335999999981;994.8256000000288;988.9875000000075;993.1008000000384;988.9875000000075;984.597500000001;984.597500000001;984.597500000001;984.597500000001;960.8310999999974;984.597500000001;970.953399999998;988.9875000000075;
3730.000000000117;991.376000000048;988.9875000000075;971.3934999999981;971.8335999999981;994.8256000000288;988.9875000000075;993.1008000000384;988.9875000000075;984.597500000001;984.597500000001;984.597500000001;984.597500000001;960.8310999999974;984.597500000001;970.953399999998;988.9875000000075;
3731.000000000117;991.376000000048;988.9875000000075;971.3934999999981;971.8335999999981;994.8256000000288;988.9875000000075;993.1008000000384;988.9875000000075;984.597500000001;984.597500000001;984.597500000001;984.597500000001;960.8310999999974;984.597500000001;970.953399999998;988.9875000000075;
3732.000000000117;991.376000000048;988.9875000000075;971.3934999999981;971.8335999999981;994.8256000000288;988.9875000000075;993.1008000000384;988.9875000000075;984.597500000001;984.597500000001;984.597500000001;984.597500000001;960.8310999999974;984.597500000001;970.953399999998;988.9875000000075;
3733.000000000117;991.376000000048;988.9875000000075;971.3934999999981;971.8335999999981;994.8256000000288;988.9875000000075;993.1008000000384;988.9875000000075;984.597500000001;984.597500000001;984.597500000001;984.597500000001;960.8310999999974;984.597500000001;970.953399999998;988.9875000000075;
3734.000000000117;991.376000000048;988.9875000000075;971.3934999999981;971.8335999999981;994.8256000000288;988.9875000000075;993.1008000000384;988.9875000000075;984.597500000001;984.597500000001;984.597500000001;984.597500000001;960.8310999999974;984.597500000001;970.953399999998;988.9875000000075;
3735.000000000117;991.376000000048;988.9875000000075;971.3934999999981;971.8335999999981;994.8256000000288;988.9875000000075;993.1008000000384;988.9875000000075;984.597500000001;984.597500000001;984.597500000001;984.597500000001;960.8310999999974;984.597500000001;970.953399999998;988.9875000000075;
3736.000000000117;991.376000000048;988.9875000000075;971.3934999999981;971.8335999999981;994.8256000000288;988.9875000000075;993.1008000000384;988.9875000000075;984.597500000001;984.597500000001;984.597500000001;984.597500000001;960.8310999999974;984.597500000001;970.953399999998;988.9875000000075;
3737.000000000117;991.376000000048;988.9875000000075;971.3934999999981;971.8335999999981;994.8256000000288;988.9875000000075;993.1008000000384;988.9875000000075;984.597500000001;984.597500000001;984.597500000001;984.597500000001;960.8310999999974;984.597500000001;970.953399999998;988.9875000000075;
3738.000000000117;991.376000000048;988.9875000000075;971.3934999999981;971.8335999999981;994.8256000000288;988.9875000000075;993.1008000000384;988.9875000000075;984.597500000001;984.597500000001;984.597500000001;984.597500000001;960.8310999999974;984.597500000001;970.953399999998;988.9875000000075;
3739.000000000117;991.376000000048;988.9875000000075;971.3934999999981;971.8335999999981;994.8256000000288;988.9875000000075;993.1008000000384;988.9875000000075;984.597500000001;984.597500000001;984.597500000001;984.597500000001;960.8310999999974;984.597500000001;970.953399999998;988.9875000000075;
3740.000000000117;991.376000000048;988.9875000000075;971.3934999999981;971.8335999999981;994.8256000000288;988.9875000000075;993.1008000000384;988.9875000000075;984.597500000001;984.597500000001;984.597500000001;984.597500000001;960.8310999999974;984.597500000001;970.953399999998;988.9875000000075;
3741.000000000117;991.376000000048;988.9875000000075;971.3934999999981;971.8335999999981;994.8256000000288;988.9875000000075;993.1008000000384;988.9875000000075;984.597500000001;984.597500000001;984.597500000001;984.597500000001;960.8310999999974;984.597500000001;970.953399999998;988.9875000000075;
3742.000000000117;991.376000000048;988.9875000000075;971.3934999999981;971.8335999999981;994.8256000000288;988.9875000000075;993.1008000000384;988.9875000000075;984.597500000001;984.597500000001;984.597500000001;984.597500000001;960.8310999999974;984.597500000001;970.953399999998;988.9875000000075;
3743.000000000117;991.376000000048;988.9875000000075;971.3934999999981;971.8335999999981;994.8256000000288;988.9875000000075;993.1008000000384;988.9875000000075;984.597500000001;984.597500000001;984.597500000001;984.597500000001;960.8310999999974;984.597500000001;970.953399999998;988.9875000000075;
3744.000000000117;991.376000000048;988.9875000000075;971.3934999999981;971.8335999999981;994.8256000000288;988.9875000000075;993.1008000000384;988.9875000000075;984.597500000001;984.597500000001;984.597500000001;984.597500000001;960.8310999999974;984.597500000001;970.953399999998;988.9875000000075;
3745.000000000117;991.376000000048;988.9875000000075;971.3934999999981;971.8335999999981;994.8256000000288;988.9875000000075;993.1008000000384;988.9875000000075;984.597500000001;984.597500000001;984.597500000001;984.597500000001;960.8310999999974;984.597500000001;970.953399999998;988.9875000000075;
3746.000000000117;991.376000000048;988.9875000000075;971.3934999999981;971.8335999999981;994.8256000000288;988.9875000000075;993.1008000000384;988.9875000000075;984.597500000001;984.597500000001;984.597500000001;984.597500000001;960.8310999999974;984.597500000001;970.953399999998;988.9875000000075;
3747.000000000117;991.376000000048;988.9875000000075;971.3934999999981;971.8335999999981;994.8256000000288;988.9875000000075;993.1008000000384;988.9875000000075;984.597500000001;984.597500000001;984.597500000001;984.597500000001;960.8310999999974;984.597500000001;970.953399999998;988.9875000000075;
3748.000000000117;991.376000000048;988.9875000000075;971.3934999999981;971.8335999999981;994.8256000000288;988.9875000000075;993.1008000000384;988.9875000000075;984.597500000001;984.597500000001;984.597500000001;984.597500000001;960.8310999999974;984.597500000001;970.953399999998;988.9875000000075;
3749.000000000117;991.376000000048;988.9875000000075;971.3934999999981;971.8335999999981;994.8256000000288;988.9875000000075;993.1008000000384;988.9875000000075;984.597500000001;984.597500000001;984.597500000001;984.597500000001;960.8310999999974;984.597500000001;970.953399999998;988.9875000000075;
3749.7718525724918;991.376000000048;988.9875000000075;971.3934999999981;971.8335999999981;994.8256000000288;988.9874000000075;993.1008000000384;988.9875000000075;984.597500000001;984.597500000001;984.597500000001;984.597500000001;960.8310999999974;984.597500000001;970.953399999998;988.9875000000075;
3749.7718525724918;991.376000000048;988.9875000000075;971.3934999999981;971.8335999999981;994.8256000000288;988.8994000000075;993.1008000000384;988.9875000000075;984.597500000001;984.597500000001;984.597500000001;984.597500000001;960.8310999999974;984.597500000001;970.953399999998;988.9875000000075;
3749.777168572492;991.367200000048;988.9875000000075;971.3934999999981;971.8335999999981;994.8256000000288;988.8994000000075;993.1008000000384;988.9875000000075;984.597500000001;984.597500000001;984.597500000001;984.597500000001;960.8310999999974;984.597500000001;970.953399999998;988.9875000000075;
3749.777168572492;991.358400000048;988.9875000000075;971.3934999999981;971.8335999999981;994.8256000000288;988.8994000000075;993.1008000000384;988.9875000000075;984.597500000001;984.597500000001;984.597500000001;984.597500000001;960.8310999999974;984.597500000001;970.953399999998;988.9875000000075;
3749.782484572492;991.358400000048;988.9875000000075;971.3934999999981;971.8335999999981;994.8256000000288;988.8994000000075;993.0920000000384;988.9875000000075;984.597500000001;984.597500000001;984.597500000001;984.597500000001;960.8310999999974;984.597500000001;970.953399999998;988.9875000000075;
3749.8039178914346;991.358400000048;988.9875000000075;971.3933999999981;971.8335999999981;994.8256000000288;988.8994000000075;993.0920000000384;988.9875000000075;984.597500000001;984.597500000001;984.597500000001;984.597500000001;960.8310999999974;984.597500000001;970.953399999998;988.9875000000075;
3749.8039178914346;991.358400000048;988.9875000000075;970.953399999998;971.8335999999981;994.8256000000288;988.8994000000075;993.0920000000384;988.9875000000075;984.597500000001;984.597500000001;984.597500000001;984.597500000001;960.8310999999974;984.597500000001;970.953399999998;988.9875000000075;
3749.809233891435;991.3496000000481;988.9875000000075;970.953399999998;971.8335999999981;994.8256000000288;988.8994000000075;993.0920000000384;988.9875000000075;984.597500000001;984.597500000001;984.597500000001;984.597500000001;960.8310999999974;984.597500000001;970.953399999998;988.9875000000075;
3749.925674388239;991.3496000000481;988.9875000000075;970.953399999998;971.8335999999981;994.8256000000288;988.8994000000075;993.0920000000384;988.9875000000075;984.597400000001;984.597500000001;984.597500000001;984.597500000001;960.8310999999974;984.597500000001;970.953399999998;988.9875000000075;
3749.925674388239;991.3496000000481;988.9875000000075;970.953399999998;971.8335999999981;994.8256000000288;988.8994000000075;993.0920000000384;988.9875000000075;983.981400000001;984.597500000001;984.597500000001;984.597500000001;960.8310999999974;984.597500000001;970.953399999998;988.9875000000075;
3749.926613163597;991.3496000000481;988.9875000000075;970.953399999998;971.8334999999981;994.8256000000288;988.8994000000075;993.0920000000384;988.9875000000075;983.981400000001;984.597500000001;984.597500000001;984.597500000001;960.8310999999974;984.597500000001;970.953399999998;988.9875000000075;
3749.926613163597;991.3496000000481;988.9875000000075;970.953399999998;971.3934999999981;994.8256000000288;988.8994000000075;993.0920000000384;988.9875000000075;983.981400000001;984.597500000001;984.597500000001;984.597500000001;960.8310999999974;984.597500000001;970.953399999998;988.9875000000075;
3749.9309903882386;991.3408000000481;988.9875000000075;970.953399999998;971.3934999999981;994.8256000000288;988.8994000000075;993.0920000000384;988.9875000000075;983.981400000001;984.597500000001;984.597500000001;984.597500000001;960.8310999999974;984.597500000001;970.953399999998;988.9875000000075;
3750.7771733488303;991.3144000000483;988.8994000000075;970.953399999998;971.3934999999981;994.7728000000291;988.8994000000075;993.0832000000385;988.8994000000075;983.981400000001;983.981400000001;983.981400000001;983.981400000001;960.3909999999973;983.981400000001;970.953399999998;988.8994000000075;
3751.777178125168;991.3056000000483;988.8994000000075;970.953399999998;971.3934999999981;994.7640000000291;988.8994000000075;993.0656000000386;988.8994000000075;983.981400000001;983.981400000001;983.981400000001;983.981400000001;960.3909999999973;983.981400000001;970.953399999998;988.8994000000075;
3752.0000000001187;991.2968000000484;988.8994000000075;970.953399999998;971.3934999999981;994.7552000000292;988.8994000000075;993.0480000000387;988.8994000000075;983.981400000001;983.981400000001;983.981400000001;983.981400000001;960.3909999999973;983.981400000001;970.953399999998;988.8994000000075;
3752.7771829015055;991.2968000000484;988.8994000000075;970.953399999998;971.3934999999981;994.7552000000292;988.8994000000075;993.0480000000387;988.8994000000075;983.981400000001;983.981400000001;983.981400000001;983.981400000001;960.3909999999973;983.981400000001;970.953399999998;988.8994000000075;
3753.7771876778434;991.2880000000484;988.8994000000075;970.953399999998;971.3934999999981;994.7464000000292;988.8994000000075;993.0304000000388;988.8994000000075;983.981400000001;983.981400000001;983.981400000001;983.981400000001;960.3909999999973;983.981400000001;970.953399999998;988.8994000000075;
3754.777192454181;991.2792000000485;988.8994000000075;970.953399999998;971.3934999999981;994.7376000000293;988.8994000000075;993.0128000000389;988.8994000000075;983.981400000001;983.981400000001;983.981400000001;983.981400000001;960.3909999999973;983.981400000001;970.953399999998;988.8994000000075;
3754.931878428489;991.2704000000485;988.8994000000075;970.953399999998;971.3934999999981;994.7376000000293;988.8994000000075;993.0040000000389;988.8994000000075;983.981400000001;983.981400000001;983.981400000001;983.981400000001;960.3909999999973;983.981400000001;970.953399999998;988.8994000000075;
3755.777197230519;991.2704000000485;988.8994000000075;970.953399999998;971.3934999999981;994.7376000000293;988.8994000000075;993.0040000000389;988.8994000000075;983.981400000001;983.981400000001;983.981400000001;983.981400000001;960.3909999999973;983.981400000001;970.953399999998;988.8994000000075;
3757.00000000012;991.2704000000485;988.8994000000075;970.953399999998;971.3934999999981;994.7376000000293;988.8994000000075;993.0040000000389;988.8994000000075;983.981400000001;983.981400000001;983.981400000001;983.981400000001;960.3909999999973;983.981400000001;970.953399999998;988.8994000000075;
3758.00000000012;991.2704000000485;988.8994000000075;970.953399999998;971.3934999999981;994.7376000000293;988.8994000000075;993.0040000000389;988.8994000000075;983.981400000001;983.981400000001;983.981400000001;983.981400000001;960.3909999999973;983.981400000001;970.953399999998;988.8994000000075;
3759.00000000012;991.2704000000485;988.8994000000075;970.953399999998;971.3934999999981;994.7376000000293;988.8994000000075;993.0040000000389;988.8994000000075;983.981400000001;983.981400000001;983.981400000001;983.981400000001;960.3909999999973;983.981400000001;970.953399999998;988.8994000000075;
3760.00000000012;991.2704000000485;988.8994000000075;970.953399999998;971.3934999999981;994.7376000000293;988.8994000000075;993.0040000000389;988.8994000000075;983.981400000001;983.981400000001;983.981400000001;983.981400000001;960.3909999999973;983.981400000001;970.953399999998;988.8994000000075;
3761.00000000012;991.2704000000485;988.8994000000075;970.953399999998;971.3934999999981;994.7376000000293;988.8994000000075;993.0040000000389;988.8994000000075;983.981400000001;983.981400000001;983.981400000001;983.981400000001;960.3909999999973;983.981400000001;970.953399999998;988.8994000000075;
3762.00000000012;991.2704000000485;988.8994000000075;970.953399999998;971.3934999999981;994.7376000000293;988.8994000000075;993.0040000000389;988.8994000000075;983.981400000001;983.981400000001;983.981400000001;983.981400000001;960.3909999999973;983.981400000001;970.953399999998;988.8994000000075;
3763.00000000012;991.2704000000485;988.8994000000075;970.953399999998;971.3934999999981;994.7376000000293;988.8994000000075;993.0040000000389;988.8994000000075;983.981400000001;983.981400000001;983.981400000001;983.981400000001;960.3909999999973;983.981400000001;970.953399999998;988.8994000000075;
3764.00000000012;991.2704000000485;988.8994000000075;970.953399999998;971.3934999999981;994.7376000000293;988.8994000000075;993.0040000000389;988.8994000000075;983.981400000001;983.981400000001;983.981400000001;983.981400000001;960.3909999999973;983.981400000001;970.953399999998;988.8994000000075;
3765.00000000012;991.2704000000485;988.8994000000075;970.953399999998;971.3934999999981;994.7376000000293;988.8994000000075;993.0040000000389;988.8994000000075;983.981400000001;983.981400000001;983.981400000001;983.981400000001;960.3909999999973;983.981400000001;970.953399999998;988.8994000000075;
3766.00000000012;991.2704000000485;988.8994000000075;970.953399999998;971.3934999999981;994.7376000000293;988.8994000000075;993.0040000000389;988.8994000000075;983.981400000001;983.981400000001;983.981400000001;983.981400000001;960.3909999999973;983.981400000001;970.953399999998;988.8994000000075;
3767.00000000012;991.2704000000485;988.8994000000075;970.953399999998;971.3934999999981;994.7376000000293;988.8994000000075;993.0040000000389;988.8994000000075;983.981400000001;983.981400000001;983.981400000001;983.981400000001;960.3909999999973;983.981400000001;970.953399999998;988.8994000000075;
3768.00000000012;991.2704000000485;988.8994000000075;970.953399999998;971.3934999999981;994.7376000000293;988.8994000000075;993.0040000000389;988.8994000000075;983.981400000001;983.981400000001;983.981400000001;983.981400000001;960.3909999999973;983.981400000001;970.953399999998;988.8994000000075;
3769.00000000012;991.2704000000485;988.8994000000075;970.953399999998;971.3934999999981;994.7376000000293;988.8994000000075;993.0040000000389;988.8994000000075;983.981400000001;983.981400000001;983.981400000001;983.981400000001;960.3909999999973;983.981400000001;970.953399999998;988.8994000000075;
3770.00000000012;991.2704000000485;988.8994000000075;970.953399999998;971.3934999999981;994.7376000000293;988.8994000000075;993.0040000000389;988.8994000000075;983.981400000001;983.981400000001;983.981400000001;983.981400000001;960.3909999999973;983.981400000001;970.953399999998;988.8994000000075;
3771.00000000012;991.2704000000485;988.8994000000075;970.953399999998;971.3934999999981;994.7376000000293;988.8994000000075;993.0040000000389;988.8994000000075;983.981400000001;983.981400000001;983.981400000001;983.981400000001;960.3909999999973;983.981400000001;970.953399999998;988.8994000000075;
3772.00000000012;991.2704000000485;988.8994000000075;970.953399999998;971.3934999999981;994.7376000000293;988.8994000000075;993.0040000000389;988.8994000000075;983.981400000001;983.981400000001;983.981400000001;983.981400000001;960.3909999999973;983.981400000001;970.953399999998;988.8994000000075;
3773.00000000012;991.2704000000485;988.8994000000075;970.953399999998;971.3934999999981;994.7376000000293;988.8994000000075;993.0040000000389;988.8994000000075;983.981400000001;983.981400000001;983.981400000001;983.981400000001;960.3909999999973;983.981400000001;970.953399999998;988.8994000000075;
3774.00000000012;991.2704000000485;988.8994000000075;970.953399999998;971.3934999999981;994.7376000000293;988.8994000000075;993.0040000000389;988.8994000000075;983.981400000001;983.981400000001;983.981400000001;983.981400000001;960.3909999999973;983.981400000001;970.953399999998;988.8994000000075;
3775.00000000012;991.2704000000485;988.8994000000075;970.953399999998;971.3934999999981;994.7376000000293;988.8994000000075;993.0040000000389;988.8994000000075;983.981400000001;983.981400000001;983.981400000001;983.981400000001;960.3909999999973;983.981400000001;970.953399999998;988.8994000000075;
3776.00000000012;991.2704000000485;988.8994000000075;970.953399999998;971.3934999999981;994.7376000000293;988.8994000000075;993.0040000000389;988.8994000000075;983.981400000001;983.981400000001;983.981400000001;983.981400000001;960.3909999999973;983.981400000001;970.953399999998;988.8994000000075;
3777.00000000012;991.2704000000485;988.8994000000075;970.953399999998;971.3934999999981;994.7376000000293;988.8994000000075;993.0040000000389;988.8994000000075;983.981400000001;983.981400000001;983.981400000001;983.981400000001;960.3909999999973;983.981400000001;970.953399999998;988.8994000000075;
3778.00000000012;991.2704000000485;988.8994000000075;970.953399999998;971.3934999999981;994.7376000000293;988.8994000000075;993.0040000000389;988.8994000000075;983.981400000001;983.981400000001;983.981400000001;983.981400000001;960.3909999999973;983.981400000001;970.953399999998;988.8994000000075;
3779.00000000012;991.2704000000485;988.8994000000075;970.953399999998;971.3934999999981;994.7376000000293;988.8994000000075;993.0040000000389;988.8994000000075;983.981400000001;983.981400000001;983.981400000001;983.981400000001;960.3909999999973;983.981400000001;970.953399999998;988.8994000000075;
3779.771825310229;991.2704000000485;988.8994000000075;970.953399999998;971.3934999999981;994.7376000000293;988.8993000000075;993.0040000000389;988.8994000000075;983.981400000001;983.981400000001;983.981400000001;983.981400000001;960.3909999999973;983.981400000001;970.953399999998;988.8994000000075;
3779.771825310229;991.2704000000485;988.8994000000075;970.953399999998;971.3934999999981;994.7376000000293;988.8113000000076;993.0040000000389;988.8994000000075;983.981400000001;983.981400000001;983.981400000001;983.981400000001;960.3909999999973;983.981400000001;970.953399999998;988.8994000000075;
3779.777141310229;991.2616000000486;988.8994000000075;970.953399999998;971.3934999999981;994.7376000000293;988.8113000000076;993.0040000000389;988.8994000000075;983.981400000001;983.981400000001;983.981400000001;983.981400000001;960.3909999999973;983.981400000001;970.953399999998;988.8994000000075;
3779.777141310229;991.2528000000486;988.8994000000075;970.953399999998;971.3934999999981;994.7376000000293;988.8113000000076;993.0040000000389;988.8994000000075;983.981400000001;983.981400000001;983.981400000001;983.981400000001;960.3909999999973;983.981400000001;970.953399999998;988.8994000000075;
3779.7824573102293;991.2528000000486;988.8994000000075;970.953399999998;971.3934999999981;994.7376000000293;988.8113000000076;992.995200000039;988.8994000000075;983.981400000001;983.981400000001;983.981400000001;983.981400000001;960.3909999999973;983.981400000001;970.953399999998;988.8994000000075;
3779.9364891720415;991.2528000000486;988.8994000000075;970.953399999998;971.3934999999981;994.7376000000293;988.8113000000076;992.995200000039;988.8994000000075;983.981400000001;983.981400000001;983.981400000001;983.981400000001;960.3908999999974;983.981400000001;970.953399999998;988.8994000000075;
3779.9364891720415;991.2528000000486;988.8994000000075;970.953399999998;971.3934999999981;994.7376000000293;988.8113000000076;992.995200000039;988.8994000000075;983.981400000001;983.981400000001;983.981400000001;983.981400000001;959.9508999999973;983.981400000001;970.953399999998;988.8994000000075;
3779.938528088334;991.2528000000486;988.8994000000075;970.953399999998;971.3934999999981;994.7376000000293;988.8113000000076;992.995200000039;988.8993000000075;983.981400000001;983.981400000001;983.981400000001;983.981400000001;959.9508999999973;983.981400000001;970.953399999998;988.8994000000075;
3779.938528088334;991.2528000000486;988.8994000000075;970.953399999998;971.3934999999981;994.7376000000293;988.8113000000076;992.995200000039;988.8113000000076;983.981400000001;983.981400000001;983.981400000001;983.981400000001;959.9508999999973;983.981400000001;970.953399999998;988.8994000000075;
3779.9418051720418;991.2528000000486;988.8994000000075;970.953399999998;971.3934999999981;994.7288000000293;988.8113000000076;992.995200000039;988.8113000000076;983.981400000001;983.981400000001;983.981400000001;983.981400000001;959.9508999999973;983.981400000001;970.953399999998;988.8994000000075;
3779.9418051720418;991.2528000000486;988.8994000000075;970.953399999998;971.3934999999981;994.7200000000294;988.8113000000076;992.995200000039;988.8113000000076;983.981400000001;983.981400000001;983.981400000001;983.981400000001;959.9508999999973;983.981400000001;970.953399999998;988.8994000000075;
3780.000000000121;991.2440000000487;988.8994000000075;970.953399999998;971.3934999999981;994.7200000000294;988.8113000000076;992.986400000039;988.8113000000076;983.981400000001;983.981400000001;983.981400000001;983.981400000001;959.9508999999973;983.981400000001;970.953399999998;988.8994000000075;
3780.7771460865674;991.2352000000487;988.8113000000076;970.953399999998;971.3934999999981;994.7112000000294;988.8113000000076;992.986400000039;988.8113000000076;983.981400000001;983.981400000001;983.981400000001;983.981400000001;959.9508999999973;983.981400000001;970.513299999998;988.8113000000076;
3781.7771508629053;991.2264000000488;988.8113000000076;970.953399999998;971.3934999999981;994.7024000000295;988.8113000000076;992.9688000000391;988.8113000000076;983.981400000001;983.981400000001;983.981400000001;983.981400000001;959.9508999999973;983.981400000001;970.513299999998;988.8113000000076;
3782.7771556392427;991.2176000000488;988.8113000000076;970.953399999998;971.3934999999981;994.7024000000295;988.8113000000076;992.9600000000391;988.8113000000076;983.981400000001;983.981400000001;983.981400000001;983.981400000001;959.9508999999973;983.981400000001;970.513299999998;988.8113000000076;
3783.0000000001223;991.2176000000488;988.8113000000076;970.953399999998;971.3934999999981;994.7024000000295;988.8113000000076;992.9600000000391;988.8113000000076;983.981400000001;983.981400000001;983.981400000001;983.981400000001;959.9508999999973;983.981400000001;970.513299999998;988.8113000000076;
3784.0000000001223;991.2176000000488;988.8113000000076;970.953399999998;971.3934999999981;994.7024000000295;988.8113000000076;992.9600000000391;988.8113000000076;983.981400000001;983.981400000001;983.981400000001;983.981400000001;959.9508999999973;983.981400000001;970.513299999998;988.8113000000076;
3785.0000000001223;991.2176000000488;988.8113000000076;970.953399999998;971.3934999999981;994.7024000000295;988.8113000000076;992.9600000000391;988.8113000000076;983.981400000001;983.981400000001;983.981400000001;983.981400000001;959.9508999999973;983.981400000001;970.513299999998;988.8113000000076;
3786.0000000001223;991.2176000000488;988.8113000000076;970.953399999998;971.3934999999981;994.7024000000295;988.8113000000076;992.9600000000391;988.8113000000076;983.981400000001;983.981400000001;983.981400000001;983.981400000001;959.9508999999973;983.981400000001;970.513299999998;988.8113000000076;
3787.0000000001223;991.2176000000488;988.8113000000076;970.953399999998;971.3934999999981;994.7024000000295;988.8113000000076;992.9600000000391;988.8113000000076;983.981400000001;983.981400000001;983.981400000001;983.981400000001;959.9508999999973;983.981400000001;970.513299999998;988.8113000000076;
3788.0000000001223;991.2176000000488;988.8113000000076;970.953399999998;971.3934999999981;994.7024000000295;988.8113000000076;992.9600000000391;988.8113000000076;983.981400000001;983.981400000001;983.981400000001;983.981400000001;959.9508999999973;983.981400000001;970.513299999998;988.8113000000076;
3789.0000000001223;991.2176000000488;988.8113000000076;970.953399999998;971.3934999999981;994.7024000000295;988.8113000000076;992.9600000000391;988.8113000000076;983.981400000001;983.981400000001;983.981400000001;983.981400000001;959.9508999999973;983.981400000001;970.513299999998;988.8113000000076;
3790.0000000001223;991.2176000000488;988.8113000000076;970.953399999998;971.3934999999981;994.7024000000295;988.8113000000076;992.9600000000391;988.8113000000076;983.981400000001;983.981400000001;983.981400000001;983.981400000001;959.9508999999973;983.981400000001;970.513299999998;988.8113000000076;
3791.0000000001223;991.2176000000488;988.8113000000076;970.953399999998;971.3934999999981;994.7024000000295;988.8113000000076;992.9600000000391;988.8113000000076;983.981400000001;983.981400000001;983.981400000001;983.981400000001;959.9508999999973;983.981400000001;970.513299999998;988.8113000000076;
3792.0000000001223;991.2176000000488;988.8113000000076;970.953399999998;971.3934999999981;994.7024000000295;988.8113000000076;992.9600000000391;988.8113000000076;983.981400000001;983.981400000001;983.981400000001;983.981400000001;959.9508999999973;983.981400000001;970.513299999998;988.8113000000076;
3793.0000000001223;991.2176000000488;988.8113000000076;970.953399999998;971.3934999999981;994.7024000000295;988.8113000000076;992.9600000000391;988.8113000000076;983.981400000001;983.981400000001;983.981400000001;983.981400000001;959.9508999999973;983.981400000001;970.513299999998;988.8113000000076;
3794.0000000001223;991.2176000000488;988.8113000000076;970.953399999998;971.3934999999981;994.7024000000295;988.8113000000076;992.9600000000391;988.8113000000076;983.981400000001;983.981400000001;983.981400000001;983.981400000001;959.9508999999973;983.981400000001;970.513299999998;988.8113000000076;
3795.0000000001223;991.2176000000488;988.8113000000076;970.953399999998;971.3934999999981;994.7024000000295;988.8113000000076;992.9600000000391;988.8113000000076;983.981400000001;983.981400000001;983.981400000001;983.981400000001;959.9508999999973;983.981400000001;970.513299999998;988.8113000000076;
3796.0000000001223;991.2176000000488;988.8113000000076;970.953399999998;971.3934999999981;994.7024000000295;988.8113000000076;992.9600000000391;988.8113000000076;983.981400000001;983.981400000001;983.981400000001;983.981400000001;959.9508999999973;983.981400000001;970.513299999998;988.8113000000076;
3797.0000000001223;991.2176000000488;988.8113000000076;970.953399999998;971.3934999999981;994.7024000000295;988.8113000000076;992.9600000000391;988.8113000000076;983.981400000001;983.981400000001;983.981400000001;983.981400000001;959.9508999999973;983.981400000001;970.513299999998;988.8113000000076;
3798.0000000001223;991.2176000000488;988.8113000000076;970.953399999998;971.3934999999981;994.7024000000295;988.8113000000076;992.9600000000391;988.8113000000076;983.981400000001;983.981400000001;983.981400000001;983.981400000001;959.9508999999973;983.981400000001;970.513299999998;988.8113000000076;
3799.0000000001223;991.2176000000488;988.8113000000076;970.953399999998;971.3934999999981;994.7024000000295;988.8113000000076;992.9600000000391;988.8113000000076;983.981400000001;983.981400000001;983.981400000001;983.981400000001;959.9508999999973;983.981400000001;970.513299999998;988.8113000000076;
3800.0000000001223;991.2176000000488;988.8113000000076;970.953399999998;971.3934999999981;994.7024000000295;988.8113000000076;992.9600000000391;988.8113000000076;983.981400000001;983.981400000001;983.981400000001;983.981400000001;959.9508999999973;983.981400000001;970.513299999998;988.8113000000076;
3801.0000000001223;991.2176000000488;988.8113000000076;970.953399999998;971.3934999999981;994.7024000000295;988.8113000000076;992.9600000000391;988.8113000000076;983.981400000001;983.981400000001;983.981400000001;983.981400000001;959.9508999999973;983.981400000001;970.513299999998;988.8113000000076;
3802.0000000001223;991.2176000000488;988.8113000000076;970.953399999998;971.3934999999981;994.7024000000295;988.8113000000076;992.9600000000391;988.8113000000076;983.981400000001;983.981400000001;983.981400000001;983.981400000001;959.9508999999973;983.981400000001;970.513299999998;988.8113000000076;
3803.0000000001223;991.2176000000488;988.8113000000076;970.953399999998;971.3934999999981;994.7024000000295;988.8113000000076;992.9600000000391;988.8113000000076;983.981400000001;983.981400000001;983.981400000001;983.981400000001;959.9508999999973;983.981400000001;970.513299999998;988.8113000000076;
3804.0000000001223;991.2176000000488;988.8113000000076;970.953399999998;971.3934999999981;994.7024000000295;988.8113000000076;992.9600000000391;988.8113000000076;983.981400000001;983.981400000001;983.981400000001;983.981400000001;959.9508999999973;983.981400000001;970.513299999998;988.8113000000076;
3805.0000000001223;991.2176000000488;988.8113000000076;970.953399999998;971.3934999999981;994.7024000000295;988.8113000000076;992.9600000000391;988.8113000000076;983.981400000001;983.981400000001;983.981400000001;983.981400000001;959.9508999999973;983.981400000001;970.513299999998;988.8113000000076;
3806.0000000001223;991.2176000000488;988.8113000000076;970.953399999998;971.3934999999981;994.7024000000295;988.8113000000076;992.9600000000391;988.8113000000076;983.981400000001;983.981400000001;983.981400000001;983.981400000001;959.9508999999973;983.981400000001;970.513299999998;988.8113000000076;
3807.0000000001223;991.2176000000488;988.8113000000076;970.953399999998;971.3934999999981;994.7024000000295;988.8113000000076;992.9600000000391;988.8113000000076;983.981400000001;983.981400000001;983.981400000001;983.981400000001;959.9508999999973;983.981400000001;970.513299999998;988.8113000000076;
3808.0000000001223;991.2176000000488;988.8113000000076;970.953399999998;971.3934999999981;994.7024000000295;988.8113000000076;992.9600000000391;988.8113000000076;983.981400000001;983.981400000001;983.981400000001;983.981400000001;959.9508999999973;983.981400000001;970.513299999998;988.8113000000076;
3809.0000000001223;991.2176000000488;988.8113000000076;970.953399999998;971.3934999999981;994.7024000000295;988.8113000000076;992.9600000000391;988.8113000000076;983.981400000001;983.981400000001;983.981400000001;983.981400000001;959.9508999999973;983.981400000001;970.513299999998;988.8113000000076;
3809.7717980479647;991.2176000000488;988.8113000000076;970.953399999998;971.3934999999981;994.7024000000295;988.8112000000076;992.9600000000391;988.8113000000076;983.981400000001;983.981400000001;983.981400000001;983.981400000001;959.9508999999973;983.981400000001;970.513299999998;988.8113000000076;
3809.7717980479647;991.2176000000488;988.8113000000076;970.953399999998;971.3934999999981;994.7024000000295;988.7232000000076;992.9600000000391;988.8113000000076;983.981400000001;983.981400000001;983.981400000001;983.981400000001;959.9508999999973;983.981400000001;970.513299999998;988.8113000000076;
3809.777114047965;991.2088000000489;988.8113000000076;970.953399999998;971.3934999999981;994.7024000000295;988.7232000000076;992.9600000000391;988.8113000000076;983.981400000001;983.981400000001;983.981400000001;983.981400000001;959.9508999999973;983.981400000001;970.513299999998;988.8113000000076;
3809.777114047965;991.2000000000489;988.8113000000076;970.953399999998;971.3934999999981;994.7024000000295;988.7232000000076;992.9600000000391;988.8113000000076;983.981400000001;983.981400000001;983.981400000001;983.981400000001;959.9508999999973;983.981400000001;970.513299999998;988.8113000000076;
3809.782430047965;991.2000000000489;988.8113000000076;970.953399999998;971.3934999999981;994.7024000000295;988.7232000000076;992.9512000000392;988.8113000000076;983.981400000001;983.981400000001;983.981400000001;983.981400000001;959.9508999999973;983.981400000001;970.513299999998;988.8113000000076;
3809.803925325586;991.2000000000489;988.8113000000076;970.9532999999981;971.3934999999981;994.7024000000295;988.7232000000076;992.9512000000392;988.8113000000076;983.981400000001;983.981400000001;983.981400000001;983.981400000001;959.9508999999973;983.981400000001;970.513299999998;988.8113000000076;
3809.803925325586;991.2000000000489;988.8113000000076;970.513299999998;971.3934999999981;994.7024000000295;988.7232000000076;992.9512000000392;988.8113000000076;983.981400000001;983.981400000001;983.981400000001;983.981400000001;959.9508999999973;983.981400000001;970.513299999998;988.8113000000076;
3809.8092413255863;991.191200000049;988.8113000000076;970.513299999998;971.3934999999981;994.7024000000295;988.7232000000076;992.9512000000392;988.8113000000076;983.981400000001;983.981400000001;983.981400000001;983.981400000001;959.9508999999973;983.981400000001;970.513299999998;988.8113000000076;
3809.927215661869;991.191200000049;988.8113000000076;970.513299999998;971.3933999999981;994.7024000000295;988.7232000000076;992.9512000000392;988.8113000000076;983.981400000001;983.981400000001;983.981400000001;983.981400000001;959.9508999999973;983.981400000001;970.513299999998;988.8113000000076;
3809.927215661869;991.191200000049;988.8113000000076;970.513299999998;970.953399999998;994.7024000000295;988.7232000000076;992.9512000000392;988.8113000000076;983.981400000001;983.981400000001;983.981400000001;983.981400000001;959.9508999999973;983.981400000001;970.513299999998;988.8113000000076;
3809.9325316618692;991.191200000049;988.8113000000076;970.513299999998;970.953399999998;994.6936000000295;988.7232000000076;992.9512000000392;988.8113000000076;983.981400000001;983.981400000001;983.981400000001;983.981400000001;959.9508999999973;983.981400000001;970.513299999998;988.8113000000076;
3809.9325316618692;991.191200000049;988.8113000000076;970.513299999998;970.953399999998;994.6848000000296;988.7232000000076;992.9512000000392;988.8113000000076;983.981400000001;983.981400000001;983.981400000001;983.981400000001;959.9508999999973;983.981400000001;970.513299999998;988.8113000000076;
3810.777118824303;991.1736000000491;988.7232000000076;970.513299999998;970.953399999998;994.6760000000296;988.7232000000076;992.9424000000392;988.7232000000076;983.981400000001;983.981400000001;983.981400000001;983.981400000001;959.5107999999973;983.981400000001;970.513299999998;988.7232000000076;
3810.932521514848;991.1648000000491;988.7232000000076;970.513299999998;970.953399999998;994.6760000000296;988.7232000000076;992.9336000000393;988.7232000000076;983.981400000001;983.981400000001;983.981400000001;983.981400000001;959.5107999999973;983.981400000001;970.513299999998;988.7232000000076;
3811.777123600641;991.1648000000491;988.7232000000076;970.513299999998;970.953399999998;994.6672000000297;988.7232000000076;992.9248000000393;988.7232000000076;983.981400000001;983.981400000001;983.981400000001;983.981400000001;959.5107999999973;983.981400000001;970.513299999998;988.7232000000076;
3812.777128376979;991.1560000000492;988.7232000000076;970.513299999998;970.953399999998;994.6672000000297;988.7232000000076;992.9160000000394;988.7232000000076;983.981400000001;983.981400000001;983.981400000001;983.981400000001;959.5107999999973;983.981400000001;970.513299999998;988.7232000000076;
3813.000000000125;991.1472000000492;988.7232000000076;970.513299999998;970.953399999998;994.6672000000297;988.7232000000076;992.9072000000394;988.7232000000076;983.981400000001;983.981400000001;983.981400000001;983.981400000001;959.5107999999973;983.981400000001;970.513299999998;988.7232000000076;
3813.7771331533163;991.1472000000492;988.7232000000076;970.513299999998;970.953399999998;994.6672000000297;988.7232000000076;992.9072000000394;988.7232000000076;983.981400000001;983.981400000001;983.981400000001;983.981400000001;959.5107999999973;983.981400000001;970.513299999998;988.7232000000076;
3815.000000000125;991.1472000000492;988.7232000000076;970.513299999998;970.953399999998;994.6672000000297;988.7232000000076;992.9072000000394;988.7232000000076;983.981400000001;983.981400000001;983.981400000001;983.981400000001;959.5107999999973;983.981400000001;970.513299999998;988.7232000000076;
3816.000000000125;991.1472000000492;988.7232000000076;970.513299999998;970.953399999998;994.6672000000297;988.7232000000076;992.9072000000394;988.7232000000076;983.981400000001;983.981400000001;983.981400000001;983.981400000001;959.5107999999973;983.981400000001;970.513299999998;988.7232000000076;
3817.000000000125;991.1472000000492;988.7232000000076;970.513299999998;970.953399999998;994.6672000000297;988.7232000000076;992.9072000000394;988.7232000000076;983.981400000001;983.981400000001;983.981400000001;983.981400000001;959.5107999999973;983.981400000001;970.513299999998;988.7232000000076;
3818.000000000125;991.1472000000492;988.7232000000076;970.513299999998;970.953399999998;994.6672000000297;988.7232000000076;992.9072000000394;988.7232000000076;983.981400000001;983.981400000001;983.981400000001;983.981400000001;959.5107999999973;983.981400000001;970.513299999998;988.7232000000076;
3819.000000000125;991.1472000000492;988.7232000000076;970.513299999998;970.953399999998;994.6672000000297;988.7232000000076;992.9072000000394;988.7232000000076;983.981400000001;983.981400000001;983.981400000001;983.981400000001;959.5107999999973;983.981400000001;970.513299999998;988.7232000000076;
3820.000000000125;991.1472000000492;988.7232000000076;970.513299999998;970.953399999998;994.6672000000297;988.7232000000076;992.9072000000394;988.7232000000076;983.981400000001;983.981400000001;983.981400000001;983.981400000001;959.5107999999973;983.981400000001;970.513299999998;988.7232000000076;
3821.000000000125;991.1472000000492;988.7232000000076;970.513299999998;970.953399999998;994.6672000000297;988.7232000000076;992.9072000000394;988.7232000000076;983.981400000001;983.981400000001;983.981400000001;983.981400000001;959.5107999999973;983.981400000001;970.513299999998;988.7232000000076;
3822.000000000125;991.1472000000492;988.7232000000076;970.513299999998;970.953399999998;994.6672000000297;988.7232000000076;992.9072000000394;988.7232000000076;983.981400000001;983.981400000001;983.981400000001;983.981400000001;959.5107999999973;983.981400000001;970.513299999998;988.7232000000076;
3823.000000000125;991.1472000000492;988.7232000000076;970.513299999998;970.953399999998;994.6672000000297;988.7232000000076;992.9072000000394;988.7232000000076;983.981400000001;983.981400000001;983.981400000001;983.981400000001;959.5107999999973;983.981400000001;970.513299999998;988.7232000000076;
3824.000000000125;991.1472000000492;988.7232000000076;970.513299999998;970.953399999998;994.6672000000297;988.7232000000076;992.9072000000394;988.7232000000076;983.981400000001;983.981400000001;983.981400000001;983.981400000001;959.5107999999973;983.981400000001;970.513299999998;988.7232000000076;
3825.000000000125;991.1472000000492;988.7232000000076;970.513299999998;970.953399999998;994.6672000000297;988.7232000000076;992.9072000000394;988.7232000000076;983.981400000001;983.981400000001;983.981400000001;983.981400000001;959.5107999999973;983.981400000001;970.513299999998;988.7232000000076;
3826.000000000125;991.1472000000492;988.7232000000076;970.513299999998;970.953399999998;994.6672000000297;988.7232000000076;992.9072000000394;988.7232000000076;983.981400000001;983.981400000001;983.981400000001;983.981400000001;959.5107999999973;983.981400000001;970.513299999998;988.7232000000076;
3827.000000000125;991.1472000000492;988.7232000000076;970.513299999998;970.953399999998;994.6672000000297;988.7232000000076;992.9072000000394;988.7232000000076;983.981400000001;983.981400000001;983.981400000001;983.981400000001;959.5107999999973;983.981400000001;970.513299999998;988.7232000000076;
3828.000000000125;991.1472000000492;988.7232000000076;970.513299999998;970.953399999998;994.6672000000297;988.7232000000076;992.9072000000394;988.7232000000076;983.981400000001;983.981400000001;983.981400000001;983.981400000001;959.5107999999973;983.981400000001;970.513299999998;988.7232000000076;
3829.000000000125;991.1472000000492;988.7232000000076;970.513299999998;970.953399999998;994.6672000000297;988.7232000000076;992.9072000000394;988.7232000000076;983.981400000001;983.981400000001;983.981400000001;983.981400000001;959.5107999999973;983.981400000001;970.513299999998;988.7232000000076;
3830.000000000125;991.1472000000492;988.7232000000076;970.513299999998;970.953399999998;994.6672000000297;988.7232000000076;992.9072000000394;988.7232000000076;983.981400000001;983.981400000001;983.981400000001;983.981400000001;959.5107999999973;983.981400000001;970.513299999998;988.7232000000076;
3831.000000000125;991.1472000000492;988.7232000000076;970.513299999998;970.953399999998;994.6672000000297;988.7232000000076;992.9072000000394;988.7232000000076;983.981400000001;983.981400000001;983.981400000001;983.981400000001;959.5107999999973;983.981400000001;970.513299999998;988.7232000000076;
3832.000000000125;991.1472000000492;988.7232000000076;970.513299999998;970.953399999998;994.6672000000297;988.7232000000076;992.9072000000394;988.7232000000076;983.981400000001;983.981400000001;983.981400000001;983.981400000001;959.5107999999973;983.981400000001;970.513299999998;988.7232000000076;
3833.000000000125;991.1472000000492;988.7232000000076;970.513299999998;970.953399999998;994.6672000000297;988.7232000000076;992.9072000000394;988.7232000000076;983.981400000001;983.981400000001;983.981400000001;983.981400000001;959.5107999999973;983.981400000001;970.513299999998;988.7232000000076;
3834.000000000125;991.1472000000492;988.7232000000076;970.513299999998;970.953399999998;994.6672000000297;988.7232000000076;992.9072000000394;988.7232000000076;983.981400000001;983.981400000001;983.981400000001;983.981400000001;959.5107999999973;983.981400000001;970.513299999998;988.7232000000076;
3835.000000000125;991.1472000000492;988.7232000000076;970.513299999998;970.953399999998;994.6672000000297;988.7232000000076;992.9072000000394;988.7232000000076;983.981400000001;983.981400000001;983.981400000001;983.981400000001;959.5107999999973;983.981400000001;970.513299999998;988.7232000000076;
3836.000000000125;991.1472000000492;988.7232000000076;970.513299999998;970.953399999998;994.6672000000297;988.7232000000076;992.9072000000394;988.7232000000076;983.981400000001;983.981400000001;983.981400000001;983.981400000001;959.5107999999973;983.981400000001;970.513299999998;988.7232000000076;
3837.000000000125;991.1472000000492;988.7232000000076;970.513299999998;970.953399999998;994.6672000000297;988.7232000000076;992.9072000000394;988.7232000000076;983.981400000001;983.981400000001;983.981400000001;983.981400000001;959.5107999999973;983.981400000001;970.513299999998;988.7232000000076;
3838.000000000125;991.1472000000492;988.7232000000076;970.513299999998;970.953399999998;994.6672000000297;988.7232000000076;992.9072000000394;988.7232000000076;983.981400000001;983.981400000001;983.981400000001;983.981400000001;959.5107999999973;983.981400000001;970.513299999998;988.7232000000076;
3839.000000000125;991.1472000000492;988.7232000000076;970.513299999998;970.953399999998;994.6672000000297;988.7232000000076;992.9072000000394;988.7232000000076;983.981400000001;983.981400000001;983.981400000001;983.981400000001;959.5107999999973;983.981400000001;970.513299999998;988.7232000000076;
3839.771770785701;991.1472000000492;988.7232000000076;970.513299999998;970.953399999998;994.6672000000297;988.7231000000077;992.9072000000394;988.7232000000076;983.981400000001;983.981400000001;983.981400000001;983.981400000001;959.5107999999973;983.981400000001;970.513299999998;988.7232000000076;
3839.771770785701;991.1472000000492;988.7232000000076;970.513299999998;970.953399999998;994.6672000000297;988.6351000000077;992.9072000000394;988.7232000000076;983.981400000001;983.981400000001;983.981400000001;983.981400000001;959.5107999999973;983.981400000001;970.513299999998;988.7232000000076;
3839.777086785701;991.1384000000493;988.7232000000076;970.513299999998;970.953399999998;994.6672000000297;988.6351000000077;992.9072000000394;988.7232000000076;983.981400000001;983.981400000001;983.981400000001;983.981400000001;959.5107999999973;983.981400000001;970.513299999998;988.7232000000076;
3839.777086785701;991.1296000000493;988.7232000000076;970.513299999998;970.953399999998;994.6672000000297;988.6351000000077;992.9072000000394;988.7232000000076;983.981400000001;983.981400000001;983.981400000001;983.981400000001;959.5107999999973;983.981400000001;970.513299999998;988.7232000000076;
3839.7824027857014;991.1296000000493;988.7232000000076;970.513299999998;970.953399999998;994.6672000000297;988.6351000000077;992.8984000000395;988.7232000000076;983.981400000001;983.981400000001;983.981400000001;983.981400000001;959.5107999999973;983.981400000001;970.513299999998;988.7232000000076;
3839.9386147062105;991.1296000000493;988.7232000000076;970.513299999998;970.953399999998;994.6672000000297;988.6351000000077;992.8984000000395;988.7231000000077;983.981400000001;983.981400000001;983.981400000001;983.981400000001;959.5107999999973;983.981400000001;970.513299999998;988.7232000000076;
3839.9386147062105;991.1296000000493;988.7232000000076;970.513299999998;970.953399999998;994.6672000000297;988.6351000000077;992.8984000000395;988.6351000000077;983.981400000001;983.981400000001;983.981400000001;983.981400000001;959.5107999999973;983.981400000001;970.513299999998;988.7232000000076;
3839.9439307062107;991.1208000000494;988.7232000000076;970.513299999998;970.953399999998;994.6672000000297;988.6351000000077;992.8984000000395;988.6351000000077;983.981400000001;983.981400000001;983.981400000001;983.981400000001;959.5107999999973;983.981400000001;970.513299999998;988.7232000000076;
3840.0000000001255;991.1208000000494;988.7232000000076;970.513299999998;970.953399999998;994.6672000000297;988.6351000000077;992.8984000000395;988.6351000000077;983.981400000001;983.981400000001;983.981400000001;983.981400000001;959.5107999999973;983.981400000001;970.513299999998;988.7232000000076;
3840.0383453110985;991.1208000000494;988.7232000000076;970.513299999998;970.953399999998;994.6672000000297;988.6351000000077;992.8984000000395;988.6351000000077;983.981400000001;983.981400000001;983.981400000001;983.981400000001;959.5107999999973;983.981400000001;970.513299999998;988.7231000000077;
3840.0383453110985;991.1208000000494;988.7232000000076;970.513299999998;970.953399999998;994.6672000000297;988.6351000000077;992.8984000000395;988.6351000000077;983.981400000001;983.981400000001;983.981400000001;983.981400000001;959.5107999999973;983.981400000001;970.513299999998;988.6351000000077;
3840.065457404606;991.1208000000494;988.7231000000077;970.513299999998;970.953399999998;994.6672000000297;988.6351000000077;992.8984000000395;988.6351000000077;983.981400000001;983.981400000001;983.981400000001;983.981400000001;959.5107999999973;983.981400000001;970.513299999998;988.6351000000077;
3840.2092183816167;991.1120000000494;988.6351000000077;970.513299999998;970.953399999998;994.6672000000297;988.6351000000077;992.8984000000395;988.6351000000077;983.981400000001;983.981400000001;983.981400000001;983.981400000001;959.5107999999973;983.981400000001;970.513199999998;988.6351000000077;
3841.0000000001264;991.1032000000495;988.6351000000077;970.513299999998;970.953399999998;994.6496000000297;988.6351000000077;992.8808000000396;988.6351000000077;983.981400000001;983.981400000001;983.981400000001;983.981400000001;959.5107999999973;983.981400000001;970.073199999998;988.6351000000077;
3841.777096338377;991.1032000000495;988.6351000000077;970.513299999998;970.953399999998;994.6496000000297;988.6351000000077;992.8808000000396;988.6351000000077;983.981400000001;983.981400000001;983.981400000001;983.981400000001;959.5107999999973;983.981400000001;970.073199999998;988.6351000000077;
3842.7771011147147;991.0944000000495;988.6351000000077;970.513299999998;970.953399999998;994.6496000000297;988.6351000000077;992.8720000000396;988.6351000000077;983.981400000001;983.981400000001;983.981400000001;983.981400000001;959.5107999999973;983.981400000001;970.073199999998;988.6351000000077;
3843.000000000127;991.0944000000495;988.6351000000077;970.513299999998;970.953399999998;994.6496000000297;988.6351000000077;992.8720000000396;988.6351000000077;983.981400000001;983.981400000001;983.981400000001;983.981400000001;959.5107999999973;983.981400000001;970.073199999998;988.6351000000077;
3844.000000000127;991.0944000000495;988.6351000000077;970.513299999998;970.953399999998;994.6496000000297;988.6351000000077;992.8720000000396;988.6351000000077;983.981400000001;983.981400000001;983.981400000001;983.981400000001;959.5107999999973;983.981400000001;970.073199999998;988.6351000000077;
3845.000000000127;991.0944000000495;988.6351000000077;970.513299999998;970.953399999998;994.6496000000297;988.6351000000077;992.8720000000396;988.6351000000077;983.981400000001;983.981400000001;983.981400000001;983.981400000001;959.5107999999973;983.981400000001;970.073199999998;988.6351000000077;
3846.000000000127;991.0944000000495;988.6351000000077;970.513299999998;970.953399999998;994.6496000000297;988.6351000000077;992.8720000000396;988.6351000000077;983.981400000001;983.981400000001;983.981400000001;983.981400000001;959.5107999999973;983.981400000001;970.073199999998;988.6351000000077;
3847.000000000127;991.0944000000495;988.6351000000077;970.513299999998;970.953399999998;994.6496000000297;988.6351000000077;992.8720000000396;988.6351000000077;983.981400000001;983.981400000001;983.981400000001;983.981400000001;959.5107999999973;983.981400000001;970.073199999998;988.6351000000077;
3848.000000000127;991.0944000000495;988.6351000000077;970.513299999998;970.953399999998;994.6496000000297;988.6351000000077;992.8720000000396;988.6351000000077;983.981400000001;983.981400000001;983.981400000001;983.981400000001;959.5107999999973;983.981400000001;970.073199999998;988.6351000000077;
3849.000000000127;991.0944000000495;988.6351000000077;970.513299999998;970.953399999998;994.6496000000297;988.6351000000077;992.8720000000396;988.6351000000077;983.981400000001;983.981400000001;983.981400000001;983.981400000001;959.5107999999973;983.981400000001;970.073199999998;988.6351000000077;
3850.000000000127;991.0944000000495;988.6351000000077;970.513299999998;970.953399999998;994.6496000000297;988.6351000000077;992.8720000000396;988.6351000000077;983.981400000001;983.981400000001;983.981400000001;983.981400000001;959.5107999999973;983.981400000001;970.073199999998;988.6351000000077;
3851.000000000127;991.0944000000495;988.6351000000077;970.513299999998;970.953399999998;994.6496000000297;988.6351000000077;992.8720000000396;988.6351000000077;983.981400000001;983.981400000001;983.981400000001;983.981400000001;959.5107999999973;983.981400000001;970.073199999998;988.6351000000077;
3852.000000000127;991.0944000000495;988.6351000000077;970.513299999998;970.953399999998;994.6496000000297;988.6351000000077;992.8720000000396;988.6351000000077;983.981400000001;983.981400000001;983.981400000001;983.981400000001;959.5107999999973;983.981400000001;970.073199999998;988.6351000000077;
3853.000000000127;991.0944000000495;988.6351000000077;970.513299999998;970.953399999998;994.6496000000297;988.6351000000077;992.8720000000396;988.6351000000077;983.981400000001;983.981400000001;983.981400000001;983.981400000001;959.5107999999973;983.981400000001;970.073199999998;988.6351000000077;
3854.000000000127;991.0944000000495;988.6351000000077;970.513299999998;970.953399999998;994.6496000000297;988.6351000000077;992.8720000000396;988.6351000000077;983.981400000001;983.981400000001;983.981400000001;983.981400000001;959.5107999999973;983.981400000001;970.073199999998;988.6351000000077;
3855.000000000127;991.0944000000495;988.6351000000077;970.513299999998;970.953399999998;994.6496000000297;988.6351000000077;992.8720000000396;988.6351000000077;983.981400000001;983.981400000001;983.981400000001;983.981400000001;959.5107999999973;983.981400000001;970.073199999998;988.6351000000077;
3856.000000000127;991.0944000000495;988.6351000000077;970.513299999998;970.953399999998;994.6496000000297;988.6351000000077;992.8720000000396;988.6351000000077;983.981400000001;983.981400000001;983.981400000001;983.981400000001;959.5107999999973;983.981400000001;970.073199999998;988.6351000000077;
3857.000000000127;991.0944000000495;988.6351000000077;970.513299999998;970.953399999998;994.6496000000297;988.6351000000077;992.8720000000396;988.6351000000077;983.981400000001;983.981400000001;983.981400000001;983.981400000001;959.5107999999973;983.981400000001;970.073199999998;988.6351000000077;
3858.000000000127;991.0944000000495;988.6351000000077;970.513299999998;970.953399999998;994.6496000000297;988.6351000000077;992.8720000000396;988.6351000000077;983.981400000001;983.981400000001;983.981400000001;983.981400000001;959.5107999999973;983.981400000001;970.073199999998;988.6351000000077;
3859.000000000127;991.0944000000495;988.6351000000077;970.513299999998;970.953399999998;994.6496000000297;988.6351000000077;992.8720000000396;988.6351000000077;983.981400000001;983.981400000001;983.981400000001;983.981400000001;959.5107999999973;983.981400000001;970.073199999998;988.6351000000077;
3860.000000000127;991.0944000000495;988.6351000000077;970.513299999998;970.953399999998;994.6496000000297;988.6351000000077;992.8720000000396;988.6351000000077;983.981400000001;983.981400000001;983.981400000001;983.981400000001;959.5107999999973;983.981400000001;970.073199999998;988.6351000000077;
3861.000000000127;991.0944000000495;988.6351000000077;970.513299999998;970.953399999998;994.6496000000297;988.6351000000077;992.8720000000396;988.6351000000077;983.981400000001;983.981400000001;983.981400000001;983.981400000001;959.5107999999973;983.981400000001;970.073199999998;988.6351000000077;
3862.000000000127;991.0944000000495;988.6351000000077;970.513299999998;970.953399999998;994.6496000000297;988.6351000000077;992.8720000000396;988.6351000000077;983.981400000001;983.981400000001;983.981400000001;983.981400000001;959.5107999999973;983.981400000001;970.073199999998;988.6351000000077;
3863.000000000127;991.0944000000495;988.6351000000077;970.513299999998;970.953399999998;994.6496000000297;988.6351000000077;992.8720000000396;988.6351000000077;983.981400000001;983.981400000001;983.981400000001;983.981400000001;959.5107999999973;983.981400000001;970.073199999998;988.6351000000077;
3864.000000000127;991.0944000000495;988.6351000000077;970.513299999998;970.953399999998;994.6496000000297;988.6351000000077;992.8720000000396;988.6351000000077;983.981400000001;983.981400000001;983.981400000001;983.981400000001;959.5107999999973;983.981400000001;970.073199999998;988.6351000000077;
3865.000000000127;991.0944000000495;988.6351000000077;970.513299999998;970.953399999998;994.6496000000297;988.6351000000077;992.8720000000396;988.6351000000077;983.981400000001;983.981400000001;983.981400000001;983.981400000001;959.5107999999973;983.981400000001;970.073199999998;988.6351000000077;
3866.000000000127;991.0944000000495;988.6351000000077;970.513299999998;970.953399999998;994.6496000000297;988.6351000000077;992.8720000000396;988.6351000000077;983.981400000001;983.981400000001;983.981400000001;983.981400000001;959.5107999999973;983.981400000001;970.073199999998;988.6351000000077;
3867.000000000127;991.0944000000495;988.6351000000077;970.513299999998;970.953399999998;994.6496000000297;988.6351000000077;992.8720000000396;988.6351000000077;983.981400000001;983.981400000001;983.981400000001;983.981400000001;959.5107999999973;983.981400000001;970.073199999998;988.6351000000077;
3868.000000000127;991.0944000000495;988.6351000000077;970.513299999998;970.953399999998;994.6496000000297;988.6351000000077;992.8720000000396;988.6351000000077;983.981400000001;983.981400000001;983.981400000001;983.981400000001;959.5107999999973;983.981400000001;970.073199999998;988.6351000000077;
3869.000000000127;991.0944000000495;988.6351000000077;970.513299999998;970.953399999998;994.6496000000297;988.6351000000077;992.8720000000396;988.6351000000077;983.981400000001;983.981400000001;983.981400000001;983.981400000001;959.5107999999973;983.981400000001;970.073199999998;988.6351000000077;
3869.7717435234363;991.0944000000495;988.6351000000077;970.513299999998;970.953399999998;994.6496000000297;988.6350000000077;992.8720000000396;988.6351000000077;983.981400000001;983.981400000001;983.981400000001;983.981400000001;959.5107999999973;983.981400000001;970.073199999998;988.6351000000077;
3869.7717435234363;991.0944000000495;988.6351000000077;970.513299999998;970.953399999998;994.6496000000297;988.5470000000078;992.8720000000396;988.6351000000077;983.981400000001;983.981400000001;983.981400000001;983.981400000001;959.5107999999973;983.981400000001;970.073199999998;988.6351000000077;
3869.7770595234365;991.0856000000496;988.6351000000077;970.513299999998;970.953399999998;994.6496000000297;988.5470000000078;992.8720000000396;988.6351000000077;983.981400000001;983.981400000001;983.981400000001;983.981400000001;959.5107999999973;983.981400000001;970.073199999998;988.6351000000077;
3869.7770595234365;991.0768000000496;988.6351000000077;970.513299999998;970.953399999998;994.6496000000297;988.5470000000078;992.8720000000396;988.6351000000077;983.981400000001;983.981400000001;983.981400000001;983.981400000001;959.5107999999973;983.981400000001;970.073199999998;988.6351000000077;
3869.7823755234367;991.0768000000496;988.6351000000077;970.513299999998;970.953399999998;994.6496000000297;988.5470000000078;992.8632000000397;988.6351000000077;983.981400000001;983.981400000001;983.981400000001;983.981400000001;959.5107999999973;983.981400000001;970.073199999998;988.6351000000077;
3869.803932759736;991.0768000000496;988.6351000000077;970.513199999998;970.953399999998;994.6496000000297;988.5470000000078;992.8632000000397;988.6351000000077;983.981400000001;983.981400000001;983.981400000001;983.981400000001;959.5107999999973;983.981400000001;970.073199999998;988.6351000000077;
3869.803932759736;991.0768000000496;988.6351000000077;970.073199999998;970.953399999998;994.6496000000297;988.5470000000078;992.8632000000397;988.6351000000077;983.981400000001;983.981400000001;983.981400000001;983.981400000001;959.5107999999973;983.981400000001;970.073199999998;988.6351000000077;
3869.8092487597364;991.0680000000497;988.6351000000077;970.073199999998;970.953399999998;994.6496000000297;988.5470000000078;992.8632000000397;988.6351000000077;983.981400000001;983.981400000001;983.981400000001;983.981400000001;959.5107999999973;983.981400000001;970.073199999998;988.6351000000077;
3869.92781816014;991.0680000000497;988.6351000000077;970.073199999998;970.9532999999981;994.6496000000297;988.5470000000078;992.8632000000397;988.6351000000077;983.981400000001;983.981400000001;983.981400000001;983.981400000001;959.5107999999973;983.981400000001;970.073199999998;988.6351000000077;
3869.92781816014;991.0680000000497;988.6351000000077;970.073199999998;970.513299999998;994.6496000000297;988.5470000000078;992.8632000000397;988.6351000000077;983.981400000001;983.981400000001;983.981400000001;983.981400000001;959.5107999999973;983.981400000001;970.073199999998;988.6351000000077;
3869.931306341661;991.0680000000497;988.6351000000077;970.073199999998;970.513299999998;994.6496000000297;988.5470000000078;992.8632000000397;988.6351000000077;983.981400000001;983.981400000001;983.981400000001;983.981400000001;959.5106999999973;983.981400000001;970.073199999998;988.6351000000077;
3869.931306341661;991.0680000000497;988.6351000000077;970.073199999998;970.513299999998;994.6496000000297;988.5470000000078;992.8632000000397;988.6351000000077;983.981400000001;983.981400000001;983.981400000001;983.981400000001;959.0706999999973;983.981400000001;970.073199999998;988.6351000000077;
3870.777064299775;991.0504000000498;988.5470000000078;970.073199999998;970.513299999998;994.6232000000299;988.5470000000078;992.8544000000397;988.5470000000078;983.981400000001;983.981400000001;983.981400000001;983.981400000001;959.0706999999973;983.981400000001;970.073199999998;988.5470000000078;
3871.0000000001287;991.0416000000498;988.5470000000078;970.073199999998;970.513299999998;994.61440000003;988.5470000000078;992.8368000000398;988.5470000000078;983.981400000001;983.981400000001;983.981400000001;983.981400000001;959.0706999999973;983.981400000001;970.073199999998;988.5470000000078;
3871.7770690761126;991.0416000000498;988.5470000000078;970.073199999998;970.513299999998;994.61440000003;988.5470000000078;992.8368000000398;988.5470000000078;983.981400000001;983.981400000001;983.981400000001;983.981400000001;959.0706999999973;983.981400000001;970.073199999998;988.5470000000078;
3872.77707385245;991.0328000000499;988.5470000000078;970.073199999998;970.513299999998;994.61440000003;988.5470000000078;992.8280000000399;988.5470000000078;983.981400000001;983.981400000001;983.981400000001;983.981400000001;959.0706999999973;983.981400000001;970.073199999998;988.5470000000078;
3873.777078628788;991.0240000000499;988.5470000000078;970.073199999998;970.513299999998;994.61440000003;988.5470000000078;992.8192000000399;988.5470000000078;983.981400000001;983.981400000001;983.981400000001;983.981400000001;959.0706999999973;983.981400000001;970.073199999998;988.5470000000078;
3874.000000000129;991.0240000000499;988.5470000000078;970.073199999998;970.513299999998;994.61440000003;988.5470000000078;992.8192000000399;988.5470000000078;983.981400000001;983.981400000001;983.981400000001;983.981400000001;959.0706999999973;983.981400000001;970.073199999998;988.5470000000078;
3875.000000000129;991.0240000000499;988.5470000000078;970.073199999998;970.513299999998;994.61440000003;988.5470000000078;992.8192000000399;988.5470000000078;983.981400000001;983.981400000001;983.981400000001;983.981400000001;959.0706999999973;983.981400000001;970.073199999998;988.5470000000078;
3876.000000000129;991.0240000000499;988.5470000000078;970.073199999998;970.513299999998;994.61440000003;988.5470000000078;992.8192000000399;988.5470000000078;983.981400000001;983.981400000001;983.981400000001;983.981400000001;959.0706999999973;983.981400000001;970.073199999998;988.5470000000078;
3877.000000000129;991.0240000000499;988.5470000000078;970.073199999998;970.513299999998;994.61440000003;988.5470000000078;992.8192000000399;988.5470000000078;983.981400000001;983.981400000001;983.981400000001;983.981400000001;959.0706999999973;983.981400000001;970.073199999998;988.5470000000078;
3878.000000000129;991.0240000000499;988.5470000000078;970.073199999998;970.513299999998;994.61440000003;988.5470000000078;992.8192000000399;988.5470000000078;983.981400000001;983.981400000001;983.981400000001;983.981400000001;959.0706999999973;983.981400000001;970.073199999998;988.5470000000078;
3879.000000000129;991.0240000000499;988.5470000000078;970.073199999998;970.513299999998;994.61440000003;988.5470000000078;992.8192000000399;988.5470000000078;983.981400000001;983.981400000001;983.981400000001;983.981400000001;959.0706999999973;983.981400000001;970.073199999998;988.5470000000078;
3880.000000000129;991.0240000000499;988.5470000000078;970.073199999998;970.513299999998;994.61440000003;988.5470000000078;992.8192000000399;988.5470000000078;983.981400000001;983.981400000001;983.981400000001;983.981400000001;959.0706999999973;983.981400000001;970.073199999998;988.5470000000078;
3881.000000000129;991.0240000000499;988.5470000000078;970.073199999998;970.513299999998;994.61440000003;988.5470000000078;992.8192000000399;988.5470000000078;983.981400000001;983.981400000001;983.981400000001;983.981400000001;959.0706999999973;983.981400000001;970.073199999998;988.5470000000078;
3882.000000000129;991.0240000000499;988.5470000000078;970.073199999998;970.513299999998;994.61440000003;988.5470000000078;992.8192000000399;988.5470000000078;983.981400000001;983.981400000001;983.981400000001;983.981400000001;959.0706999999973;983.981400000001;970.073199999998;988.5470000000078;
3883.000000000129;991.0240000000499;988.5470000000078;970.073199999998;970.513299999998;994.61440000003;988.5470000000078;992.8192000000399;988.5470000000078;983.981400000001;983.981400000001;983.981400000001;983.981400000001;959.0706999999973;983.981400000001;970.073199999998;988.5470000000078;
3884.000000000129;991.0240000000499;988.5470000000078;970.073199999998;970.513299999998;994.61440000003;988.5470000000078;992.8192000000399;988.5470000000078;983.981400000001;983.981400000001;983.981400000001;983.981400000001;959.0706999999973;983.981400000001;970.073199999998;988.5470000000078;
3885.000000000129;991.0240000000499;988.5470000000078;970.073199999998;970.513299999998;994.61440000003;988.5470000000078;992.8192000000399;988.5470000000078;983.981400000001;983.981400000001;983.981400000001;983.981400000001;959.0706999999973;983.981400000001;970.073199999998;988.5470000000078;
3886.000000000129;991.0240000000499;988.5470000000078;970.073199999998;970.513299999998;994.61440000003;988.5470000000078;992.8192000000399;988.5470000000078;983.981400000001;983.981400000001;983.981400000001;983.981400000001;959.0706999999973;983.981400000001;970.073199999998;988.5470000000078;
3887.000000000129;991.0240000000499;988.5470000000078;970.073199999998;970.513299999998;994.61440000003;988.5470000000078;992.8192000000399;988.5470000000078;983.981400000001;983.981400000001;983.981400000001;983.981400000001;959.0706999999973;983.981400000001;970.073199999998;988.5470000000078;
3888.000000000129;991.0240000000499;988.5470000000078;970.073199999998;970.513299999998;994.61440000003;988.5470000000078;992.8192000000399;988.5470000000078;983.981400000001;983.981400000001;983.981400000001;983.981400000001;959.0706999999973;983.981400000001;970.073199999998;988.5470000000078;
3889.000000000129;991.0240000000499;988.5470000000078;970.073199999998;970.513299999998;994.61440000003;988.5470000000078;992.8192000000399;988.5470000000078;983.981400000001;983.981400000001;983.981400000001;983.981400000001;959.0706999999973;983.981400000001;970.073199999998;988.5470000000078;
3890.000000000129;991.0240000000499;988.5470000000078;970.073199999998;970.513299999998;994.61440000003;988.5470000000078;992.8192000000399;988.5470000000078;983.981400000001;983.981400000001;983.981400000001;983.981400000001;959.0706999999973;983.981400000001;970.073199999998;988.5470000000078;
3891.000000000129;991.0240000000499;988.5470000000078;970.073199999998;970.513299999998;994.61440000003;988.5470000000078;992.8192000000399;988.5470000000078;983.981400000001;983.981400000001;983.981400000001;983.981400000001;959.0706999999973;983.981400000001;970.073199999998;988.5470000000078;
3892.000000000129;991.0240000000499;988.5470000000078;970.073199999998;970.513299999998;994.61440000003;988.5470000000078;992.8192000000399;988.5470000000078;983.981400000001;983.981400000001;983.981400000001;983.981400000001;959.0706999999973;983.981400000001;970.073199999998;988.5470000000078;
3893.000000000129;991.0240000000499;988.5470000000078;970.073199999998;970.513299999998;994.61440000003;988.5470000000078;992.8192000000399;988.5470000000078;983.981400000001;983.981400000001;983.981400000001;983.981400000001;959.0706999999973;983.981400000001;970.073199999998;988.5470000000078;
3894.000000000129;991.0240000000499;988.5470000000078;970.073199999998;970.513299999998;994.61440000003;988.5470000000078;992.8192000000399;988.5470000000078;983.981400000001;983.981400000001;983.981400000001;983.981400000001;959.0706999999973;983.981400000001;970.073199999998;988.5470000000078;
3895.000000000129;991.0240000000499;988.5470000000078;970.073199999998;970.513299999998;994.61440000003;988.5470000000078;992.8192000000399;988.5470000000078;983.981400000001;983.981400000001;983.981400000001;983.981400000001;959.0706999999973;983.981400000001;970.073199999998;988.5470000000078;
3896.000000000129;991.0240000000499;988.5470000000078;970.073199999998;970.513299999998;994.61440000003;988.5470000000078;992.8192000000399;988.5470000000078;983.981400000001;983.981400000001;983.981400000001;983.981400000001;959.0706999999973;983.981400000001;970.073199999998;988.5470000000078;
3897.000000000129;991.0240000000499;988.5470000000078;970.073199999998;970.513299999998;994.61440000003;988.5470000000078;992.8192000000399;988.5470000000078;983.981400000001;983.981400000001;983.981400000001;983.981400000001;959.0706999999973;983.981400000001;970.073199999998;988.5470000000078;
3898.000000000129;991.0240000000499;988.5470000000078;970.073199999998;970.513299999998;994.61440000003;988.5470000000078;992.8192000000399;988.5470000000078;983.981400000001;983.981400000001;983.981400000001;983.981400000001;959.0706999999973;983.981400000001;970.073199999998;988.5470000000078;
3899.000000000129;991.0240000000499;988.5470000000078;970.073199999998;970.513299999998;994.61440000003;988.5470000000078;992.8192000000399;988.5470000000078;983.981400000001;983.981400000001;983.981400000001;983.981400000001;959.0706999999973;983.981400000001;970.073199999998;988.5470000000078;
3899.771716261172;991.0240000000499;988.5470000000078;970.073199999998;970.513299999998;994.61440000003;988.5469000000078;992.8192000000399;988.5470000000078;983.981400000001;983.981400000001;983.981400000001;983.981400000001;959.0706999999973;983.981400000001;970.073199999998;988.5470000000078;
3899.771716261172;991.0240000000499;988.5470000000078;970.073199999998;970.513299999998;994.61440000003;988.4589000000078;992.8192000000399;988.5470000000078;983.981400000001;983.981400000001;983.981400000001;983.981400000001;959.0706999999973;983.981400000001;970.073199999998;988.5470000000078;
3899.7770322611723;991.01520000005;988.5470000000078;970.073199999998;970.513299999998;994.61440000003;988.4589000000078;992.8192000000399;988.5470000000078;983.981400000001;983.981400000001;983.981400000001;983.981400000001;959.0706999999973;983.981400000001;970.073199999998;988.5470000000078;
3899.7770322611723;991.00640000005;988.5470000000078;970.073199999998;970.513299999998;994.61440000003;988.4589000000078;992.8192000000399;988.5470000000078;983.981400000001;983.981400000001;983.981400000001;983.981400000001;959.0706999999973;983.981400000001;970.073199999998;988.5470000000078;
3899.7823482611725;991.00640000005;988.5470000000078;970.073199999998;970.513299999998;994.61440000003;988.4589000000078;992.81040000004;988.5470000000078;983.981400000001;983.981400000001;983.981400000001;983.981400000001;959.0706999999973;983.981400000001;970.073199999998;988.5470000000078;
3899.9177772987277;991.00640000005;988.5470000000078;970.073199999998;970.513299999998;994.61440000003;988.4589000000078;992.81040000004;988.5470000000078;983.981300000001;983.981400000001;983.981400000001;983.981400000001;959.0706999999973;983.981400000001;970.073199999998;988.5470000000078;
3899.9177772987277;991.00640000005;988.5470000000078;970.073199999998;970.513299999998;994.61440000003;988.4589000000078;992.81040000004;988.5470000000078;983.3653000000011;983.981400000001;983.981400000001;983.981400000001;959.0706999999973;983.981400000001;970.073199999998;988.5470000000078;
3899.923093298728;990.99760000005;988.5470000000078;970.073199999998;970.513299999998;994.61440000003;988.4589000000078;992.81040000004;988.5470000000078;983.3653000000011;983.981400000001;983.981400000001;983.981400000001;959.0706999999973;983.981400000001;970.073199999998;988.5470000000078;
3899.9387013240867;990.99760000005;988.5470000000078;970.073199999998;970.513299999998;994.61440000003;988.4589000000078;992.81040000004;988.5469000000078;983.3653000000011;983.981400000001;983.981400000001;983.981400000001;959.0706999999973;983.981400000001;970.073199999998;988.5470000000078;
3899.9387013240867;990.99760000005;988.5470000000078;970.073199999998;970.513299999998;994.61440000003;988.4589000000078;992.81040000004;988.4589000000078;983.3653000000011;983.981400000001;983.981400000001;983.981400000001;959.0706999999973;983.981400000001;970.073199999998;988.5470000000078;
3899.944017324087;990.9888000000501;988.5470000000078;970.073199999998;970.513299999998;994.61440000003;988.4589000000078;992.81040000004;988.4589000000078;983.3653000000011;983.981400000001;983.981400000001;983.981400000001;959.0706999999973;983.981400000001;970.073199999998;988.5470000000078;
3899.9552117260782;990.9888000000501;988.5470000000078;970.073199999998;970.513299999998;994.61440000003;988.4589000000078;992.81040000004;988.4589000000078;983.3653000000011;983.981400000001;983.981400000001;983.981400000001;959.0706999999973;983.981300000001;970.073199999998;988.5470000000078;
3900.777037037512;990.9712000000502;988.4589000000078;970.073199999998;970.513299999998;994.5704000000302;988.4589000000078;992.80160000004;988.4589000000078;983.3653000000011;983.3653000000011;983.3653000000011;983.3653000000011;959.0706999999973;983.3653000000011;969.633099999998;988.4589000000078;
3901.77704181385;990.9624000000503;988.4589000000078;970.073199999998;970.513299999998;994.5616000000302;988.4589000000078;992.7840000000401;988.4589000000078;983.3653000000011;983.3653000000011;983.3653000000011;983.3653000000011;959.0706999999973;983.3653000000011;969.633099999998;988.4589000000078;
3901.9605074320366;990.9536000000503;988.4589000000078;970.073199999998;970.513299999998;994.5616000000302;988.4589000000078;992.7752000000402;988.4589000000078;983.3653000000011;983.3653000000011;983.3653000000011;983.3653000000011;959.0706999999973;983.3653000000011;969.633099999998;988.4589000000078;
3902.7770465901876;990.9536000000503;988.4589000000078;970.073199999998;970.513299999998;994.5528000000303;988.4589000000078;992.7664000000402;988.4589000000078;983.3653000000011;983.3653000000011;983.3653000000011;983.3653000000011;959.0706999999973;983.3653000000011;969.633099999998;988.4589000000078;
3903.7770513665255;990.9448000000503;988.4589000000078;970.073199999998;970.513299999998;994.5440000000303;988.4589000000078;992.7488000000403;988.4589000000078;983.3653000000011;983.3653000000011;983.3653000000011;983.3653000000011;959.0706999999973;983.3653000000011;969.633099999998;988.4589000000078;
3903.9604871379934;990.9360000000504;988.4589000000078;970.073199999998;970.513299999998;994.5440000000303;988.4589000000078;992.7400000000404;988.4589000000078;983.3653000000011;983.3653000000011;983.3653000000011;983.3653000000011;959.0706999999973;983.3653000000011;969.633099999998;988.4589000000078;
3904.777056142863;990.9360000000504;988.4589000000078;970.073199999998;970.513299999998;994.5440000000303;988.4589000000078;992.7400000000404;988.4589000000078;983.3653000000011;983.3653000000011;983.3653000000011;983.3653000000011;959.0706999999973;983.3653000000011;969.633099999998;988.4589000000078;
3906.0000000001332;990.9360000000504;988.4589000000078;970.073199999998;970.513299999998;994.5440000000303;988.4589000000078;992.7400000000404;988.4589000000078;983.3653000000011;983.3653000000011;983.3653000000011;983.3653000000011;959.0706999999973;983.3653000000011;969.633099999998;988.4589000000078;
3907.0000000001332;990.9360000000504;988.4589000000078;970.073199999998;970.513299999998;994.5440000000303;988.4589000000078;992.7400000000404;988.4589000000078;983.3653000000011;983.3653000000011;983.3653000000011;983.3653000000011;959.0706999999973;983.3653000000011;969.633099999998;988.4589000000078;
3908.0000000001332;990.9360000000504;988.4589000000078;970.073199999998;970.513299999998;994.5440000000303;988.4589000000078;992.7400000000404;988.4589000000078;983.3653000000011;983.3653000000011;983.3653000000011;983.3653000000011;959.0706999999973;983.3653000000011;969.633099999998;988.4589000000078;
3909.0000000001332;990.9360000000504;988.4589000000078;970.073199999998;970.513299999998;994.5440000000303;988.4589000000078;992.7400000000404;988.4589000000078;983.3653000000011;983.3653000000011;983.3653000000011;983.3653000000011;959.0706999999973;983.3653000000011;969.633099999998;988.4589000000078;
3910.0000000001332;990.9360000000504;988.4589000000078;970.073199999998;970.513299999998;994.5440000000303;988.4589000000078;992.7400000000404;988.4589000000078;983.3653000000011;983.3653000000011;983.3653000000011;983.3653000000011;959.0706999999973;983.3653000000011;969.633099999998;988.4589000000078;
3911.0000000001332;990.9360000000504;988.4589000000078;970.073199999998;970.513299999998;994.5440000000303;988.4589000000078;992.7400000000404;988.4589000000078;983.3653000000011;983.3653000000011;983.3653000000011;983.3653000000011;959.0706999999973;983.3653000000011;969.633099999998;988.4589000000078;
3912.0000000001332;990.9360000000504;988.4589000000078;970.073199999998;970.513299999998;994.5440000000303;988.4589000000078;992.7400000000404;988.4589000000078;983.3653000000011;983.3653000000011;983.3653000000011;983.3653000000011;959.0706999999973;983.3653000000011;969.633099999998;988.4589000000078;
3913.0000000001332;990.9360000000504;988.4589000000078;970.073199999998;970.513299999998;994.5440000000303;988.4589000000078;992.7400000000404;988.4589000000078;983.3653000000011;983.3653000000011;983.3653000000011;983.3653000000011;959.0706999999973;983.3653000000011;969.633099999998;988.4589000000078;
3914.0000000001332;990.9360000000504;988.4589000000078;970.073199999998;970.513299999998;994.5440000000303;988.4589000000078;992.7400000000404;988.4589000000078;983.3653000000011;983.3653000000011;983.3653000000011;983.3653000000011;959.0706999999973;983.3653000000011;969.633099999998;988.4589000000078;
3915.0000000001332;990.9360000000504;988.4589000000078;970.073199999998;970.513299999998;994.5440000000303;988.4589000000078;992.7400000000404;988.4589000000078;983.3653000000011;983.3653000000011;983.3653000000011;983.3653000000011;959.0706999999973;983.3653000000011;969.633099999998;988.4589000000078;
3916.0000000001332;990.9360000000504;988.4589000000078;970.073199999998;970.513299999998;994.5440000000303;988.4589000000078;992.7400000000404;988.4589000000078;983.3653000000011;983.3653000000011;983.3653000000011;983.3653000000011;959.0706999999973;983.3653000000011;969.633099999998;988.4589000000078;
3917.0000000001332;990.9360000000504;988.4589000000078;970.073199999998;970.513299999998;994.5440000000303;988.4589000000078;992.7400000000404;988.4589000000078;983.3653000000011;983.3653000000011;983.3653000000011;983.3653000000011;959.0706999999973;983.3653000000011;969.633099999998;988.4589000000078;
3918.0000000001332;990.9360000000504;988.4589000000078;970.073199999998;970.513299999998;994.5440000000303;988.4589000000078;992.7400000000404;988.4589000000078;983.3653000000011;983.3653000000011;983.3653000000011;983.3653000000011;959.0706999999973;983.3653000000011;969.633099999998;988.4589000000078;
3919.0000000001332;990.9360000000504;988.4589000000078;970.073199999998;970.513299999998;994.5440000000303;988.4589000000078;992.7400000000404;988.4589000000078;983.3653000000011;983.3653000000011;983.3653000000011;983.3653000000011;959.0706999999973;983.3653000000011;969.633099999998;988.4589000000078;
3920.0000000001332;990.9360000000504;988.4589000000078;970.073199999998;970.513299999998;994.5440000000303;988.4589000000078;992.7400000000404;988.4589000000078;983.3653000000011;983.3653000000011;983.3653000000011;983.3653000000011;959.0706999999973;983.3653000000011;969.633099999998;988.4589000000078;
3921.0000000001332;990.9360000000504;988.4589000000078;970.073199999998;970.513299999998;994.5440000000303;988.4589000000078;992.7400000000404;988.4589000000078;983.3653000000011;983.3653000000011;983.3653000000011;983.3653000000011;959.0706999999973;983.3653000000011;969.633099999998;988.4589000000078;
3922.0000000001332;990.9360000000504;988.4589000000078;970.073199999998;970.513299999998;994.5440000000303;988.4589000000078;992.7400000000404;988.4589000000078;983.3653000000011;983.3653000000011;983.3653000000011;983.3653000000011;959.0706999999973;983.3653000000011;969.633099999998;988.4589000000078;
3923.0000000001332;990.9360000000504;988.4589000000078;970.073199999998;970.513299999998;994.5440000000303;988.4589000000078;992.7400000000404;988.4589000000078;983.3653000000011;983.3653000000011;983.3653000000011;983.3653000000011;959.0706999999973;983.3653000000011;969.633099999998;988.4589000000078;
3924.0000000001332;990.9360000000504;988.4589000000078;970.073199999998;970.513299999998;994.5440000000303;988.4589000000078;992.7400000000404;988.4589000000078;983.3653000000011;983.3653000000011;983.3653000000011;983.3653000000011;959.0706999999973;983.3653000000011;969.633099999998;988.4589000000078;
3925.0000000001332;990.9360000000504;988.4589000000078;970.073199999998;970.513299999998;994.5440000000303;988.4589000000078;992.7400000000404;988.4589000000078;983.3653000000011;983.3653000000011;983.3653000000011;983.3653000000011;959.0706999999973;983.3653000000011;969.633099999998;988.4589000000078;
3926.0000000001332;990.9360000000504;988.4589000000078;970.073199999998;970.513299999998;994.5440000000303;988.4589000000078;992.7400000000404;988.4589000000078;983.3653000000011;983.3653000000011;983.3653000000011;983.3653000000011;959.0706999999973;983.3653000000011;969.633099999998;988.4589000000078;
3927.0000000001332;990.9360000000504;988.4589000000078;970.073199999998;970.513299999998;994.5440000000303;988.4589000000078;992.7400000000404;988.4589000000078;983.3653000000011;983.3653000000011;983.3653000000011;983.3653000000011;959.0706999999973;983.3653000000011;969.633099999998;988.4589000000078;
3928.0000000001332;990.9360000000504;988.4589000000078;970.073199999998;970.513299999998;994.5440000000303;988.4589000000078;992.7400000000404;988.4589000000078;983.3653000000011;983.3653000000011;983.3653000000011;983.3653000000011;959.0706999999973;983.3653000000011;969.633099999998;988.4589000000078;
3929.0000000001332;990.9360000000504;988.4589000000078;970.073199999998;970.513299999998;994.5440000000303;988.4589000000078;992.7400000000404;988.4589000000078;983.3653000000011;983.3653000000011;983.3653000000011;983.3653000000011;959.0706999999973;983.3653000000011;969.633099999998;988.4589000000078;
3929.7716889989097;990.9360000000504;988.4589000000078;970.073199999998;970.513299999998;994.5440000000303;988.4588000000078;992.7400000000404;988.4589000000078;983.3653000000011;983.3653000000011;983.3653000000011;983.3653000000011;959.0706999999973;983.3653000000011;969.633099999998;988.4589000000078;
3929.7716889989097;990.9360000000504;988.4589000000078;970.073199999998;970.513299999998;994.5440000000303;988.3708000000079;992.7400000000404;988.4589000000078;983.3653000000011;983.3653000000011;983.3653000000011;983.3653000000011;959.0706999999973;983.3653000000011;969.633099999998;988.4589000000078;
3929.77700499891;990.9272000000504;988.4589000000078;970.073199999998;970.513299999998;994.5440000000303;988.3708000000079;992.7400000000404;988.4589000000078;983.3653000000011;983.3653000000011;983.3653000000011;983.3653000000011;959.0706999999973;983.3653000000011;969.633099999998;988.4589000000078;
3929.77700499891;990.9184000000505;988.4589000000078;970.073199999998;970.513299999998;994.5440000000303;988.3708000000079;992.7400000000404;988.4589000000078;983.3653000000011;983.3653000000011;983.3653000000011;983.3653000000011;959.0706999999973;983.3653000000011;969.633099999998;988.4589000000078;
3929.78232099891;990.9184000000505;988.4589000000078;970.073199999998;970.513299999998;994.5440000000303;988.3708000000079;992.7312000000404;988.4589000000078;983.3653000000011;983.3653000000011;983.3653000000011;983.3653000000011;959.0706999999973;983.3653000000011;969.633099999998;988.4589000000078;
3929.803940193888;990.9184000000505;988.4589000000078;970.073099999998;970.513299999998;994.5440000000303;988.3708000000079;992.7312000000404;988.4589000000078;983.3653000000011;983.3653000000011;983.3653000000011;983.3653000000011;959.0706999999973;983.3653000000011;969.633099999998;988.4589000000078;
3929.803940193888;990.9184000000505;988.4589000000078;969.633099999998;970.513299999998;994.5440000000303;988.3708000000079;992.7312000000404;988.4589000000078;983.3653000000011;983.3653000000011;983.3653000000011;983.3653000000011;959.0706999999973;983.3653000000011;969.633099999998;988.4589000000078;
3929.8092561938884;990.9096000000505;988.4589000000078;969.633099999998;970.513299999998;994.5440000000303;988.3708000000079;992.7312000000404;988.4589000000078;983.3653000000011;983.3653000000011;983.3653000000011;983.3653000000011;959.0706999999973;983.3653000000011;969.633099999998;988.4589000000078;
3929.9278511214093;990.9096000000505;988.4589000000078;969.633099999998;970.513299999998;994.5440000000303;988.3708000000079;992.7312000000404;988.4589000000078;983.3653000000011;983.3653000000011;983.3653000000011;983.3653000000011;959.0705999999973;983.3653000000011;969.633099999998;988.4589000000078;
3929.9278511214093;990.9096000000505;988.4589000000078;969.633099999998;970.513299999998;994.5440000000303;988.3708000000079;992.7312000000404;988.4589000000078;983.3653000000011;983.3653000000011;983.3653000000011;983.3653000000011;958.6305999999972;983.3653000000011;969.633099999998;988.4589000000078;
3929.928420658413;990.9096000000505;988.4589000000078;969.633099999998;970.513199999998;994.5440000000303;988.3708000000079;992.7312000000404;988.4589000000078;983.3653000000011;983.3653000000011;983.3653000000011;983.3653000000011;958.6305999999972;983.3653000000011;969.633099999998;988.4589000000078;
3929.928420658413;990.9096000000505;988.4589000000078;969.633099999998;970.073199999998;994.5440000000303;988.3708000000079;992.7312000000404;988.4589000000078;983.3653000000011;983.3653000000011;983.3653000000011;983.3653000000011;958.6305999999972;983.3653000000011;969.633099999998;988.4589000000078;
3930.7770097752486;990.8920000000506;988.3708000000079;969.633099999998;970.073199999998;994.5176000000305;988.3708000000079;992.7224000000405;988.3708000000079;983.3653000000011;983.3653000000011;983.3653000000011;983.3653000000011;958.6305999999972;983.3653000000011;969.633099999998;988.3708000000079;
3931.7770145515865;990.8832000000507;988.3708000000079;969.633099999998;970.073199999998;994.5088000000305;988.3708000000079;992.7048000000406;988.3708000000079;983.3653000000011;983.3653000000011;983.3653000000011;983.3653000000011;958.6305999999972;983.3653000000011;969.633099999998;988.3708000000079;
3931.933146827367;990.8744000000507;988.3708000000079;969.633099999998;970.073199999998;994.5088000000305;988.3708000000079;992.6960000000406;988.3708000000079;983.3653000000011;983.3653000000011;983.3653000000011;983.3653000000011;958.6305999999972;983.3653000000011;969.633099999998;988.3708000000079;
3932.777019327924;990.8744000000507;988.3708000000079;969.633099999998;970.073199999998;994.5088000000305;988.3708000000079;992.6960000000406;988.3708000000079;983.3653000000011;983.3653000000011;983.3653000000011;983.3653000000011;958.6305999999972;983.3653000000011;969.633099999998;988.3708000000079;
3933.7770241042613;990.8656000000508;988.3708000000079;969.633099999998;970.073199999998;994.5088000000305;988.3708000000079;992.6872000000407;988.3708000000079;983.3653000000011;983.3653000000011;983.3653000000011;983.3653000000011;958.6305999999972;983.3653000000011;969.633099999998;988.3708000000079;
3934.0000000001355;990.8656000000508;988.3708000000079;969.633099999998;970.073199999998;994.5088000000305;988.3708000000079;992.6872000000407;988.3708000000079;983.3653000000011;983.3653000000011;983.3653000000011;983.3653000000011;958.6305999999972;983.3653000000011;969.633099999998;988.3708000000079;
3935.0000000001355;990.8656000000508;988.3708000000079;969.633099999998;970.073199999998;994.5088000000305;988.3708000000079;992.6872000000407;988.3708000000079;983.3653000000011;983.3653000000011;983.3653000000011;983.3653000000011;958.6305999999972;983.3653000000011;969.633099999998;988.3708000000079;
3936.0000000001355;990.8656000000508;988.3708000000079;969.633099999998;970.073199999998;994.5088000000305;988.3708000000079;992.6872000000407;988.3708000000079;983.3653000000011;983.3653000000011;983.3653000000011;983.3653000000011;958.6305999999972;983.3653000000011;969.633099999998;988.3708000000079;
3937.0000000001355;990.8656000000508;988.3708000000079;969.633099999998;970.073199999998;994.5088000000305;988.3708000000079;992.6872000000407;988.3708000000079;983.3653000000011;983.3653000000011;983.3653000000011;983.3653000000011;958.6305999999972;983.3653000000011;969.633099999998;988.3708000000079;
3938.0000000001355;990.8656000000508;988.3708000000079;969.633099999998;970.073199999998;994.5088000000305;988.3708000000079;992.6872000000407;988.3708000000079;983.3653000000011;983.3653000000011;983.3653000000011;983.3653000000011;958.6305999999972;983.3653000000011;969.633099999998;988.3708000000079;
3939.0000000001355;990.8656000000508;988.3708000000079;969.633099999998;970.073199999998;994.5088000000305;988.3708000000079;992.6872000000407;988.3708000000079;983.3653000000011;983.3653000000011;983.3653000000011;983.3653000000011;958.6305999999972;983.3653000000011;969.633099999998;988.3708000000079;
3940.0000000001355;990.8656000000508;988.3708000000079;969.633099999998;970.073199999998;994.5088000000305;988.3708000000079;992.6872000000407;988.3708000000079;983.3653000000011;983.3653000000011;983.3653000000011;983.3653000000011;958.6305999999972;983.3653000000011;969.633099999998;988.3708000000079;
3941.0000000001355;990.8656000000508;988.3708000000079;969.633099999998;970.073199999998;994.5088000000305;988.3708000000079;992.6872000000407;988.3708000000079;983.3653000000011;983.3653000000011;983.3653000000011;983.3653000000011;958.6305999999972;983.3653000000011;969.633099999998;988.3708000000079;
3942.0000000001355;990.8656000000508;988.3708000000079;969.633099999998;970.073199999998;994.5088000000305;988.3708000000079;992.6872000000407;988.3708000000079;983.3653000000011;983.3653000000011;983.3653000000011;983.3653000000011;958.6305999999972;983.3653000000011;969.633099999998;988.3708000000079;
3943.0000000001355;990.8656000000508;988.3708000000079;969.633099999998;970.073199999998;994.5088000000305;988.3708000000079;992.6872000000407;988.3708000000079;983.3653000000011;983.3653000000011;983.3653000000011;983.3653000000011;958.6305999999972;983.3653000000011;969.633099999998;988.3708000000079;
3944.0000000001355;990.8656000000508;988.3708000000079;969.633099999998;970.073199999998;994.5088000000305;988.3708000000079;992.6872000000407;988.3708000000079;983.3653000000011;983.3653000000011;983.3653000000011;983.3653000000011;958.6305999999972;983.3653000000011;969.633099999998;988.3708000000079;
3945.0000000001355;990.8656000000508;988.3708000000079;969.633099999998;970.073199999998;994.5088000000305;988.3708000000079;992.6872000000407;988.3708000000079;983.3653000000011;983.3653000000011;983.3653000000011;983.3653000000011;958.6305999999972;983.3653000000011;969.633099999998;988.3708000000079;
3946.0000000001355;990.8656000000508;988.3708000000079;969.633099999998;970.073199999998;994.5088000000305;988.3708000000079;992.6872000000407;988.3708000000079;983.3653000000011;983.3653000000011;983.3653000000011;983.3653000000011;958.6305999999972;983.3653000000011;969.633099999998;988.3708000000079;
3947.0000000001355;990.8656000000508;988.3708000000079;969.633099999998;970.073199999998;994.5088000000305;988.3708000000079;992.6872000000407;988.3708000000079;983.3653000000011;983.3653000000011;983.3653000000011;983.3653000000011;958.6305999999972;983.3653000000011;969.633099999998;988.3708000000079;
3948.0000000001355;990.8656000000508;988.3708000000079;969.633099999998;970.073199999998;994.5088000000305;988.3708000000079;992.6872000000407;988.3708000000079;983.3653000000011;983.3653000000011;983.3653000000011;983.3653000000011;958.6305999999972;983.3653000000011;969.633099999998;988.3708000000079;
3949.0000000001355;990.8656000000508;988.3708000000079;969.633099999998;970.073199999998;994.5088000000305;988.3708000000079;992.6872000000407;988.3708000000079;983.3653000000011;983.3653000000011;983.3653000000011;983.3653000000011;958.6305999999972;983.3653000000011;969.633099999998;988.3708000000079;
3950.0000000001355;990.8656000000508;988.3708000000079;969.633099999998;970.073199999998;994.5088000000305;988.3708000000079;992.6872000000407;988.3708000000079;983.3653000000011;983.3653000000011;983.3653000000011;983.3653000000011;958.6305999999972;983.3653000000011;969.633099999998;988.3708000000079;
3951.0000000001355;990.8656000000508;988.3708000000079;969.633099999998;970.073199999998;994.5088000000305;988.3708000000079;992.6872000000407;988.3708000000079;983.3653000000011;983.3653000000011;983.3653000000011;983.3653000000011;958.6305999999972;983.3653000000011;969.633099999998;988.3708000000079;
3952.0000000001355;990.8656000000508;988.3708000000079;969.633099999998;970.073199999998;994.5088000000305;988.3708000000079;992.6872000000407;988.3708000000079;983.3653000000011;983.3653000000011;983.3653000000011;983.3653000000011;958.6305999999972;983.3653000000011;969.633099999998;988.3708000000079;
3953.0000000001355;990.8656000000508;988.3708000000079;969.633099999998;970.073199999998;994.5088000000305;988.3708000000079;992.6872000000407;988.3708000000079;983.3653000000011;983.3653000000011;983.3653000000011;983.3653000000011;958.6305999999972;983.3653000000011;969.633099999998;988.3708000000079;
3954.0000000001355;990.8656000000508;988.3708000000079;969.633099999998;970.073199999998;994.5088000000305;988.3708000000079;992.6872000000407;988.3708000000079;983.3653000000011;983.3653000000011;983.3653000000011;983.3653000000011;958.6305999999972;983.3653000000011;969.633099999998;988.3708000000079;
3955.0000000001355;990.8656000000508;988.3708000000079;969.633099999998;970.073199999998;994.5088000000305;988.3708000000079;992.6872000000407;988.3708000000079;983.3653000000011;983.3653000000011;983.3653000000011;983.3653000000011;958.6305999999972;983.3653000000011;969.633099999998;988.3708000000079;
3956.0000000001355;990.8656000000508;988.3708000000079;969.633099999998;970.073199999998;994.5088000000305;988.3708000000079;992.6872000000407;988.3708000000079;983.3653000000011;983.3653000000011;983.3653000000011;983.3653000000011;958.6305999999972;983.3653000000011;969.633099999998;988.3708000000079;
3957.0000000001355;990.8656000000508;988.3708000000079;969.633099999998;970.073199999998;994.5088000000305;988.3708000000079;992.6872000000407;988.3708000000079;983.3653000000011;983.3653000000011;983.3653000000011;983.3653000000011;958.6305999999972;983.3653000000011;969.633099999998;988.3708000000079;
3958.0000000001355;990.8656000000508;988.3708000000079;969.633099999998;970.073199999998;994.5088000000305;988.3708000000079;992.6872000000407;988.3708000000079;983.3653000000011;983.3653000000011;983.3653000000011;983.3653000000011;958.6305999999972;983.3653000000011;969.633099999998;988.3708000000079;
3959.0000000001355;990.8656000000508;988.3708000000079;969.633099999998;970.073199999998;994.5088000000305;988.3708000000079;992.6872000000407;988.3708000000079;983.3653000000011;983.3653000000011;983.3653000000011;983.3653000000011;958.6305999999972;983.3653000000011;969.633099999998;988.3708000000079;
3959.7716617366455;990.8656000000508;988.3708000000079;969.633099999998;970.073199999998;994.5088000000305;988.3707000000079;992.6872000000407;988.3708000000079;983.3653000000011;983.3653000000011;983.3653000000011;983.3653000000011;958.6305999999972;983.3653000000011;969.633099999998;988.3708000000079;
3959.7716617366455;990.8656000000508;988.3708000000079;969.633099999998;970.073199999998;994.5088000000305;988.2827000000079;992.6872000000407;988.3708000000079;983.3653000000011;983.3653000000011;983.3653000000011;983.3653000000011;958.6305999999972;983.3653000000011;969.633099999998;988.3708000000079;
3959.7769777366457;990.8568000000508;988.3708000000079;969.633099999998;970.073199999998;994.5088000000305;988.2827000000079;992.6872000000407;988.3708000000079;983.3653000000011;983.3653000000011;983.3653000000011;983.3653000000011;958.6305999999972;983.3653000000011;969.633099999998;988.3708000000079;
3959.7769777366457;990.8480000000509;988.3708000000079;969.633099999998;970.073199999998;994.5088000000305;988.2827000000079;992.6872000000407;988.3708000000079;983.3653000000011;983.3653000000011;983.3653000000011;983.3653000000011;958.6305999999972;983.3653000000011;969.633099999998;988.3708000000079;
3959.782293736646;990.8480000000509;988.3708000000079;969.633099999998;970.073199999998;994.5088000000305;988.2827000000079;992.6784000000407;988.3708000000079;983.3653000000011;983.3653000000011;983.3653000000011;983.3653000000011;958.6305999999972;983.3653000000011;969.633099999998;988.3708000000079;
3959.8039439109634;990.8480000000509;988.3708000000079;969.632999999998;970.073199999998;994.5088000000305;988.2827000000079;992.6784000000407;988.3708000000079;983.3653000000011;983.3653000000011;983.3653000000011;983.3653000000011;958.6305999999972;983.3653000000011;969.633099999998;988.3708000000079;
3959.8039439109634;990.8480000000509;988.3708000000079;969.1929999999979;970.073199999998;994.5088000000305;988.2827000000079;992.6784000000407;988.3708000000079;983.3653000000011;983.3653000000011;983.3653000000011;983.3653000000011;958.6305999999972;983.3653000000011;969.633099999998;988.3708000000079;
3959.8092599109636;990.8392000000509;988.3708000000079;969.1929999999979;970.073199999998;994.5088000000305;988.2827000000079;992.6784000000407;988.3708000000079;983.3653000000011;983.3653000000011;983.3653000000011;983.3653000000011;958.6305999999972;983.3653000000011;969.633099999998;988.3708000000079;
3959.9261235112826;990.8392000000509;988.3708000000079;969.1929999999979;970.073199999998;994.5088000000305;988.2827000000079;992.6784000000407;988.3708000000079;983.3653000000011;983.3653000000011;983.3653000000011;983.3653000000011;958.6304999999973;983.3653000000011;969.633099999998;988.3708000000079;
3959.9261235112826;990.8392000000509;988.3708000000079;969.1929999999979;970.073199999998;994.5088000000305;988.2827000000079;992.6784000000407;988.3708000000079;983.3653000000011;983.3653000000011;983.3653000000011;983.3653000000011;958.1904999999972;983.3653000000011;969.633099999998;988.3708000000079;
3959.931439511283;990.8392000000509;988.3708000000079;969.1929999999979;970.073199999998;994.5000000000306;988.2827000000079;992.6784000000407;988.3708000000079;983.3653000000011;983.3653000000011;983.3653000000011;983.3653000000011;958.1904999999972;983.3653000000011;969.633099999998;988.3708000000079;
3959.931439511283;990.8392000000509;988.3708000000079;969.1929999999979;970.073199999998;994.4912000000306;988.2827000000079;992.6784000000407;988.3708000000079;983.3653000000011;983.3653000000011;983.3653000000011;983.3653000000011;958.1904999999972;983.3653000000011;969.633099999998;988.3708000000079;
3960.776982512985;990.821600000051;988.2827000000079;969.1929999999979;970.073199999998;994.4824000000307;988.2827000000079;992.6696000000408;988.2827000000079;983.3653000000011;983.3653000000011;983.3653000000011;983.3653000000011;958.1904999999972;983.3653000000011;969.1929999999979;988.2827000000079;
3961.7769872893223;990.8128000000511;988.2827000000079;969.1929999999979;970.073199999998;994.4736000000307;988.2827000000079;992.6520000000409;988.2827000000079;983.3653000000011;983.3653000000011;983.3653000000011;983.3653000000011;958.1904999999972;983.3653000000011;969.1929999999979;988.2827000000079;
3962.000000000138;990.8040000000511;988.2827000000079;969.1929999999979;970.073199999998;994.4736000000307;988.2827000000079;992.6432000000409;988.2827000000079;983.3653000000011;983.3653000000011;983.3653000000011;983.3653000000011;958.1904999999972;983.3653000000011;969.1929999999979;988.2827000000079;
3962.7769920656597;990.8040000000511;988.2827000000079;969.1929999999979;970.073199999998;994.4736000000307;988.2827000000079;992.6432000000409;988.2827000000079;983.3653000000011;983.3653000000011;983.3653000000011;983.3653000000011;958.1904999999972;983.3653000000011;969.1929999999979;988.2827000000079;
3963.776996841997;990.7952000000512;988.2827000000079;969.1929999999979;970.073199999998;994.4736000000307;988.2827000000079;992.634400000041;988.2827000000079;983.3653000000011;983.3653000000011;983.3653000000011;983.3653000000011;958.1904999999972;983.3653000000011;969.1929999999979;988.2827000000079;
3965.000000000138;990.7952000000512;988.2827000000079;969.1929999999979;970.073199999998;994.4736000000307;988.2827000000079;992.634400000041;988.2827000000079;983.3653000000011;983.3653000000011;983.3653000000011;983.3653000000011;958.1904999999972;983.3653000000011;969.1929999999979;988.2827000000079;
3966.000000000138;990.7952000000512;988.2827000000079;969.1929999999979;970.073199999998;994.4736000000307;988.2827000000079;992.634400000041;988.2827000000079;983.3653000000011;983.3653000000011;983.3653000000011;983.3653000000011;958.1904999999972;983.3653000000011;969.1929999999979;988.2827000000079;
3967.000000000138;990.7952000000512;988.2827000000079;969.1929999999979;970.073199999998;994.4736000000307;988.2827000000079;992.634400000041;988.2827000000079;983.3653000000011;983.3653000000011;983.3653000000011;983.3653000000011;958.1904999999972;983.3653000000011;969.1929999999979;988.2827000000079;
3968.000000000138;990.7952000000512;988.2827000000079;969.1929999999979;970.073199999998;994.4736000000307;988.2827000000079;992.634400000041;988.2827000000079;983.3653000000011;983.3653000000011;983.3653000000011;983.3653000000011;958.1904999999972;983.3653000000011;969.1929999999979;988.2827000000079;
3969.000000000138;990.7952000000512;988.2827000000079;969.1929999999979;970.073199999998;994.4736000000307;988.2827000000079;992.634400000041;988.2827000000079;983.3653000000011;983.3653000000011;983.3653000000011;983.3653000000011;958.1904999999972;983.3653000000011;969.1929999999979;988.2827000000079;
3970.000000000138;990.7952000000512;988.2827000000079;969.1929999999979;970.073199999998;994.4736000000307;988.2827000000079;992.634400000041;988.2827000000079;983.3653000000011;983.3653000000011;983.3653000000011;983.3653000000011;958.1904999999972;983.3653000000011;969.1929999999979;988.2827000000079;
3971.000000000138;990.7952000000512;988.2827000000079;969.1929999999979;970.073199999998;994.4736000000307;988.2827000000079;992.634400000041;988.2827000000079;983.3653000000011;983.3653000000011;983.3653000000011;983.3653000000011;958.1904999999972;983.3653000000011;969.1929999999979;988.2827000000079;
3972.000000000138;990.7952000000512;988.2827000000079;969.1929999999979;970.073199999998;994.4736000000307;988.2827000000079;992.634400000041;988.2827000000079;983.3653000000011;983.3653000000011;983.3653000000011;983.3653000000011;958.1904999999972;983.3653000000011;969.1929999999979;988.2827000000079;
3973.000000000138;990.7952000000512;988.2827000000079;969.1929999999979;970.073199999998;994.4736000000307;988.2827000000079;992.634400000041;988.2827000000079;983.3653000000011;983.3653000000011;983.3653000000011;983.3653000000011;958.1904999999972;983.3653000000011;969.1929999999979;988.2827000000079;
3974.000000000138;990.7952000000512;988.2827000000079;969.1929999999979;970.073199999998;994.4736000000307;988.2827000000079;992.634400000041;988.2827000000079;983.3653000000011;983.3653000000011;983.3653000000011;983.3653000000011;958.1904999999972;983.3653000000011;969.1929999999979;988.2827000000079;
3975.000000000138;990.7952000000512;988.2827000000079;969.1929999999979;970.073199999998;994.4736000000307;988.2827000000079;992.634400000041;988.2827000000079;983.3653000000011;983.3653000000011;983.3653000000011;983.3653000000011;958.1904999999972;983.3653000000011;969.1929999999979;988.2827000000079;
3976.000000000138;990.7952000000512;988.2827000000079;969.1929999999979;970.073199999998;994.4736000000307;988.2827000000079;992.634400000041;988.2827000000079;983.3653000000011;983.3653000000011;983.3653000000011;983.3653000000011;958.1904999999972;983.3653000000011;969.1929999999979;988.2827000000079;
3977.000000000138;990.7952000000512;988.2827000000079;969.1929999999979;970.073199999998;994.4736000000307;988.2827000000079;992.634400000041;988.2827000000079;983.3653000000011;983.3653000000011;983.3653000000011;983.3653000000011;958.1904999999972;983.3653000000011;969.1929999999979;988.2827000000079;
3978.000000000138;990.7952000000512;988.2827000000079;969.1929999999979;970.073199999998;994.4736000000307;988.2827000000079;992.634400000041;988.2827000000079;983.3653000000011;983.3653000000011;983.3653000000011;983.3653000000011;958.1904999999972;983.3653000000011;969.1929999999979;988.2827000000079;
3979.000000000138;990.7952000000512;988.2827000000079;969.1929999999979;970.073199999998;994.4736000000307;988.2827000000079;992.634400000041;988.2827000000079;983.3653000000011;983.3653000000011;983.3653000000011;983.3653000000011;958.1904999999972;983.3653000000011;969.1929999999979;988.2827000000079;
3980.000000000138;990.7952000000512;988.2827000000079;969.1929999999979;970.073199999998;994.4736000000307;988.2827000000079;992.634400000041;988.2827000000079;983.3653000000011;983.3653000000011;983.3653000000011;983.3653000000011;958.1904999999972;983.3653000000011;969.1929999999979;988.2827000000079;
3981.000000000138;990.7952000000512;988.2827000000079;969.1929999999979;970.073199999998;994.4736000000307;988.2827000000079;992.634400000041;988.2827000000079;983.3653000000011;983.3653000000011;983.3653000000011;983.3653000000011;958.1904999999972;983.3653000000011;969.1929999999979;988.2827000000079;
3982.000000000138;990.7952000000512;988.2827000000079;969.1929999999979;970.073199999998;994.4736000000307;988.2827000000079;992.634400000041;988.2827000000079;983.3653000000011;983.3653000000011;983.3653000000011;983.3653000000011;958.1904999999972;983.3653000000011;969.1929999999979;988.2827000000079;
3983.000000000138;990.7952000000512;988.2827000000079;969.1929999999979;970.073199999998;994.4736000000307;988.2827000000079;992.634400000041;988.2827000000079;983.3653000000011;983.3653000000011;983.3653000000011;983.3653000000011;958.1904999999972;983.3653000000011;969.1929999999979;988.2827000000079;
3984.000000000138;990.7952000000512;988.2827000000079;969.1929999999979;970.073199999998;994.4736000000307;988.2827000000079;992.634400000041;988.2827000000079;983.3653000000011;983.3653000000011;983.3653000000011;983.3653000000011;958.1904999999972;983.3653000000011;969.1929999999979;988.2827000000079;
3985.000000000138;990.7952000000512;988.2827000000079;969.1929999999979;970.073199999998;994.4736000000307;988.2827000000079;992.634400000041;988.2827000000079;983.3653000000011;983.3653000000011;983.3653000000011;983.3653000000011;958.1904999999972;983.3653000000011;969.1929999999979;988.2827000000079;
3986.000000000138;990.7952000000512;988.2827000000079;969.1929999999979;970.073199999998;994.4736000000307;988.2827000000079;992.634400000041;988.2827000000079;983.3653000000011;983.3653000000011;983.3653000000011;983.3653000000011;958.1904999999972;983.3653000000011;969.1929999999979;988.2827000000079;
3987.000000000138;990.7952000000512;988.2827000000079;969.1929999999979;970.073199999998;994.4736000000307;988.2827000000079;992.634400000041;988.2827000000079;983.3653000000011;983.3653000000011;983.3653000000011;983.3653000000011;958.1904999999972;983.3653000000011;969.1929999999979;988.2827000000079;
3988.000000000138;990.7952000000512;988.2827000000079;969.1929999999979;970.073199999998;994.4736000000307;988.2827000000079;992.634400000041;988.2827000000079;983.3653000000011;983.3653000000011;983.3653000000011;983.3653000000011;958.1904999999972;983.3653000000011;969.1929999999979;988.2827000000079;
3989.000000000138;990.7952000000512;988.2827000000079;969.1929999999979;970.073199999998;994.4736000000307;988.2827000000079;992.634400000041;988.2827000000079;983.3653000000011;983.3653000000011;983.3653000000011;983.3653000000011;958.1904999999972;983.3653000000011;969.1929999999979;988.2827000000079;
3989.7716344743812;990.7952000000512;988.2827000000079;969.1929999999979;970.073199999998;994.4736000000307;988.282600000008;992.634400000041;988.2827000000079;983.3653000000011;983.3653000000011;983.3653000000011;983.3653000000011;958.1904999999972;983.3653000000011;969.1929999999979;988.2827000000079;
3989.7716344743812;990.7952000000512;988.2827000000079;969.1929999999979;970.073199999998;994.4736000000307;988.194600000008;992.634400000041;988.2827000000079;983.3653000000011;983.3653000000011;983.3653000000011;983.3653000000011;958.1904999999972;983.3653000000011;969.1929999999979;988.2827000000079;
3989.7769504743815;990.7864000000512;988.2827000000079;969.1929999999979;970.073199999998;994.4736000000307;988.194600000008;992.634400000041;988.2827000000079;983.3653000000011;983.3653000000011;983.3653000000011;983.3653000000011;958.1904999999972;983.3653000000011;969.1929999999979;988.2827000000079;
3989.7769504743815;990.7776000000513;988.2827000000079;969.1929999999979;970.073199999998;994.4736000000307;988.194600000008;992.634400000041;988.2827000000079;983.3653000000011;983.3653000000011;983.3653000000011;983.3653000000011;958.1904999999972;983.3653000000011;969.1929999999979;988.2827000000079;
3989.7822664743817;990.7776000000513;988.2827000000079;969.1929999999979;970.073199999998;994.4736000000307;988.194600000008;992.625600000041;988.2827000000079;983.3653000000011;983.3653000000011;983.3653000000011;983.3653000000011;958.1904999999972;983.3653000000011;969.1929999999979;988.2827000000079;
3989.9243959011555;990.7776000000513;988.2827000000079;969.1929999999979;970.073199999998;994.4736000000307;988.194600000008;992.625600000041;988.2827000000079;983.3653000000011;983.3653000000011;983.3653000000011;983.3653000000011;958.1903999999972;983.3653000000011;969.1929999999979;988.2827000000079;
3989.9243959011555;990.7776000000513;988.2827000000079;969.1929999999979;970.073199999998;994.4736000000307;988.194600000008;992.625600000041;988.2827000000079;983.3653000000011;983.3653000000011;983.3653000000011;983.3653000000011;957.7503999999972;983.3653000000011;969.1929999999979;988.2827000000079;
3989.929023156684;990.7776000000513;988.2827000000079;969.1929999999979;970.073099999998;994.4736000000307;988.194600000008;992.625600000041;988.2827000000079;983.3653000000011;983.3653000000011;983.3653000000011;983.3653000000011;957.7503999999972;983.3653000000011;969.1929999999979;988.2827000000079;
3989.929023156684;990.7776000000513;988.2827000000079;969.1929999999979;969.633099999998;994.4736000000307;988.194600000008;992.625600000041;988.2827000000079;983.3653000000011;983.3653000000011;983.3653000000011;983.3653000000011;957.7503999999972;983.3653000000011;969.1929999999979;988.2827000000079;
3989.9297119011558;990.7776000000513;988.2827000000079;969.1929999999979;969.633099999998;994.4648000000308;988.194600000008;992.625600000041;988.2827000000079;983.3653000000011;983.3653000000011;983.3653000000011;983.3653000000011;957.7503999999972;983.3653000000011;969.1929999999979;988.2827000000079;
3989.9297119011558;990.7776000000513;988.2827000000079;969.1929999999979;969.633099999998;994.4560000000308;988.194600000008;992.625600000041;988.2827000000079;983.3653000000011;983.3653000000011;983.3653000000011;983.3653000000011;957.7503999999972;983.3653000000011;969.1929999999979;988.2827000000079;
3989.934339156684;990.7776000000513;988.2827000000079;969.1929999999979;969.633099999998;994.4472000000309;988.194600000008;992.625600000041;988.2827000000079;983.3653000000011;983.3653000000011;983.3653000000011;983.3653000000011;957.7503999999972;983.3653000000011;969.1929999999979;988.2827000000079;
3990.000000000139;990.7688000000513;988.2827000000079;969.1929999999979;969.633099999998;994.4472000000309;988.194600000008;992.616800000041;988.194600000008;983.3653000000011;983.3653000000011;983.3653000000011;983.3653000000011;957.7503999999972;983.3653000000011;969.1929999999979;988.2827000000079;
3990.77695525072;990.7600000000514;988.194600000008;969.1929999999979;969.633099999998;994.4472000000309;988.194600000008;992.616800000041;988.194600000008;983.3653000000011;983.3653000000011;983.3653000000011;983.3653000000011;957.7503999999972;983.3653000000011;969.1929999999979;988.194600000008;
3991.7769600270576;990.7512000000514;988.194600000008;969.1929999999979;969.633099999998;994.4384000000309;988.194600000008;992.5992000000412;988.194600000008;983.3653000000011;983.3653000000011;983.3653000000011;983.3653000000011;957.7503999999972;983.3653000000011;969.1929999999979;988.194600000008;
3992.776964803395;990.7424000000515;988.194600000008;969.1929999999979;969.633099999998;994.4384000000309;988.194600000008;992.5904000000412;988.194600000008;983.3653000000011;983.3653000000011;983.3653000000011;983.3653000000011;957.7503999999972;983.3653000000011;969.1929999999979;988.194600000008;
3993.0000000001396;990.7424000000515;988.194600000008;969.1929999999979;969.633099999998;994.4384000000309;988.194600000008;992.5904000000412;988.194600000008;983.3653000000011;983.3653000000011;983.3653000000011;983.3653000000011;957.7503999999972;983.3653000000011;969.1929999999979;988.194600000008;
3994.0000000001396;990.7424000000515;988.194600000008;969.1929999999979;969.633099999998;994.4384000000309;988.194600000008;992.5904000000412;988.194600000008;983.3653000000011;983.3653000000011;983.3653000000011;983.3653000000011;957.7503999999972;983.3653000000011;969.1929999999979;988.194600000008;
3995.0000000001396;990.7424000000515;988.194600000008;969.1929999999979;969.633099999998;994.4384000000309;988.194600000008;992.5904000000412;988.194600000008;983.3653000000011;983.3653000000011;983.3653000000011;983.3653000000011;957.7503999999972;983.3653000000011;969.1929999999979;988.194600000008;
3996.0000000001396;990.7424000000515;988.194600000008;969.1929999999979;969.633099999998;994.4384000000309;988.194600000008;992.5904000000412;988.194600000008;983.3653000000011;983.3653000000011;983.3653000000011;983.3653000000011;957.7503999999972;983.3653000000011;969.1929999999979;988.194600000008;
3997.0000000001396;990.7424000000515;988.194600000008;969.1929999999979;969.633099999998;994.4384000000309;988.194600000008;992.5904000000412;988.194600000008;983.3653000000011;983.3653000000011;983.3653000000011;983.3653000000011;957.7503999999972;983.3653000000011;969.1929999999979;988.194600000008;
3998.0000000001396;990.7424000000515;988.194600000008;969.1929999999979;969.633099999998;994.4384000000309;988.194600000008;992.5904000000412;988.194600000008;983.3653000000011;983.3653000000011;983.3653000000011;983.3653000000011;957.7503999999972;983.3653000000011;969.1929999999979;988.194600000008;
3999.0000000001396;990.7424000000515;988.194600000008;969.1929999999979;969.633099999998;994.4384000000309;988.194600000008;992.5904000000412;988.194600000008;983.3653000000011;983.3653000000011;983.3653000000011;983.3653000000011;957.7503999999972;983.3653000000011;969.1929999999979;988.194600000008;
4000.0000000001396;990.7424000000515;988.194600000008;969.1929999999979;969.633099999998;994.4384000000309;988.194600000008;992.5904000000412;988.194600000008;983.3653000000011;983.3653000000011;983.3653000000011;983.3653000000011;957.7503999999972;983.3653000000011;969.1929999999979;988.194600000008;
4001.0000000001396;990.7424000000515;988.194600000008;969.1929999999979;969.633099999998;994.4384000000309;988.194600000008;992.5904000000412;988.194600000008;983.3653000000011;983.3653000000011;983.3653000000011;983.3653000000011;957.7503999999972;983.3653000000011;969.1929999999979;988.194600000008;
4002.0000000001396;990.7424000000515;988.194600000008;969.1929999999979;969.633099999998;994.4384000000309;988.194600000008;992.5904000000412;988.194600000008;983.3653000000011;983.3653000000011;983.3653000000011;983.3653000000011;957.7503999999972;983.3653000000011;969.1929999999979;988.194600000008;
4003.0000000001396;990.7424000000515;988.194600000008;969.1929999999979;969.633099999998;994.4384000000309;988.194600000008;992.5904000000412;988.194600000008;983.3653000000011;983.3653000000011;983.3653000000011;983.3653000000011;957.7503999999972;983.3653000000011;969.1929999999979;988.194600000008;
4004.0000000001396;990.7424000000515;988.194600000008;969.1929999999979;969.633099999998;994.4384000000309;988.194600000008;992.5904000000412;988.194600000008;983.3653000000011;983.3653000000011;983.3653000000011;983.3653000000011;957.7503999999972;983.3653000000011;969.1929999999979;988.194600000008;
4005.0000000001396;990.7424000000515;988.194600000008;969.1929999999979;969.633099999998;994.4384000000309;988.194600000008;992.5904000000412;988.194600000008;983.3653000000011;983.3653000000011;983.3653000000011;983.3653000000011;957.7503999999972;983.3653000000011;969.1929999999979;988.194600000008;
4006.0000000001396;990.7424000000515;988.194600000008;969.1929999999979;969.633099999998;994.4384000000309;988.194600000008;992.5904000000412;988.194600000008;983.3653000000011;983.3653000000011;983.3653000000011;983.3653000000011;957.7503999999972;983.3653000000011;969.1929999999979;988.194600000008;
4007.0000000001396;990.7424000000515;988.194600000008;969.1929999999979;969.633099999998;994.4384000000309;988.194600000008;992.5904000000412;988.194600000008;983.3653000000011;983.3653000000011;983.3653000000011;983.3653000000011;957.7503999999972;983.3653000000011;969.1929999999979;988.194600000008;
4008.0000000001396;990.7424000000515;988.194600000008;969.1929999999979;969.633099999998;994.4384000000309;988.194600000008;992.5904000000412;988.194600000008;983.3653000000011;983.3653000000011;983.3653000000011;983.3653000000011;957.7503999999972;983.3653000000011;969.1929999999979;988.194600000008;
4009.0000000001396;990.7424000000515;988.194600000008;969.1929999999979;969.633099999998;994.4384000000309;988.194600000008;992.5904000000412;988.194600000008;983.3653000000011;983.3653000000011;983.3653000000011;983.3653000000011;957.7503999999972;983.3653000000011;969.1929999999979;988.194600000008;
4010.0000000001396;990.7424000000515;988.194600000008;969.1929999999979;969.633099999998;994.4384000000309;988.194600000008;992.5904000000412;988.194600000008;983.3653000000011;983.3653000000011;983.3653000000011;983.3653000000011;957.7503999999972;983.3653000000011;969.1929999999979;988.194600000008;
4011.0000000001396;990.7424000000515;988.194600000008;969.1929999999979;969.633099999998;994.4384000000309;988.194600000008;992.5904000000412;988.194600000008;983.3653000000011;983.3653000000011;983.3653000000011;983.3653000000011;957.7503999999972;983.3653000000011;969.1929999999979;988.194600000008;
4012.0000000001396;990.7424000000515;988.194600000008;969.1929999999979;969.633099999998;994.4384000000309;988.194600000008;992.5904000000412;988.194600000008;983.3653000000011;983.3653000000011;983.3653000000011;983.3653000000011;957.7503999999972;983.3653000000011;969.1929999999979;988.194600000008;
4013.0000000001396;990.7424000000515;988.194600000008;969.1929999999979;969.633099999998;994.4384000000309;988.194600000008;992.5904000000412;988.194600000008;983.3653000000011;983.3653000000011;983.3653000000011;983.3653000000011;957.7503999999972;983.3653000000011;969.1929999999979;988.194600000008;
4014.0000000001396;990.7424000000515;988.194600000008;969.1929999999979;969.633099999998;994.4384000000309;988.194600000008;992.5904000000412;988.194600000008;983.3653000000011;983.3653000000011;983.3653000000011;983.3653000000011;957.7503999999972;983.3653000000011;969.1929999999979;988.194600000008;
4015.0000000001396;990.7424000000515;988.194600000008;969.1929999999979;969.633099999998;994.4384000000309;988.194600000008;992.5904000000412;988.194600000008;983.3653000000011;983.3653000000011;983.3653000000011;983.3653000000011;957.7503999999972;983.3653000000011;969.1929999999979;988.194600000008;
4016.0000000001396;990.7424000000515;988.194600000008;969.1929999999979;969.633099999998;994.4384000000309;988.194600000008;992.5904000000412;988.194600000008;983.3653000000011;983.3653000000011;983.3653000000011;983.3653000000011;957.7503999999972;983.3653000000011;969.1929999999979;988.194600000008;
4017.0000000001396;990.7424000000515;988.194600000008;969.1929999999979;969.633099999998;994.4384000000309;988.194600000008;992.5904000000412;988.194600000008;983.3653000000011;983.3653000000011;983.3653000000011;983.3653000000011;957.7503999999972;983.3653000000011;969.1929999999979;988.194600000008;
4018.0000000001396;990.7424000000515;988.194600000008;969.1929999999979;969.633099999998;994.4384000000309;988.194600000008;992.5904000000412;988.194600000008;983.3653000000011;983.3653000000011;983.3653000000011;983.3653000000011;957.7503999999972;983.3653000000011;969.1929999999979;988.194600000008;
4019.0000000001396;990.7424000000515;988.194600000008;969.1929999999979;969.633099999998;994.4384000000309;988.194600000008;992.5904000000412;988.194600000008;983.3653000000011;983.3653000000011;983.3653000000011;983.3653000000011;957.7503999999972;983.3653000000011;969.1929999999979;988.194600000008;
4019.7716072121166;990.7424000000515;988.194600000008;969.1929999999979;969.633099999998;994.4384000000309;988.194500000008;992.5904000000412;988.194600000008;983.3653000000011;983.3653000000011;983.3653000000011;983.3653000000011;957.7503999999972;983.3653000000011;969.1929999999979;988.194600000008;
4019.7716072121166;990.7424000000515;988.194600000008;969.1929999999979;969.633099999998;994.4384000000309;988.106500000008;992.5904000000412;988.194600000008;983.3653000000011;983.3653000000011;983.3653000000011;983.3653000000011;957.7503999999972;983.3653000000011;969.1929999999979;988.194600000008;
4019.776923212117;990.7336000000515;988.194600000008;969.1929999999979;969.633099999998;994.4384000000309;988.106500000008;992.5904000000412;988.194600000008;983.3653000000011;983.3653000000011;983.3653000000011;983.3653000000011;957.7503999999972;983.3653000000011;969.1929999999979;988.194600000008;
4019.776923212117;990.7248000000516;988.194600000008;969.1929999999979;969.633099999998;994.4384000000309;988.106500000008;992.5904000000412;988.194600000008;983.3653000000011;983.3653000000011;983.3653000000011;983.3653000000011;957.7503999999972;983.3653000000011;969.1929999999979;988.194600000008;
4019.782239212117;990.7248000000516;988.194600000008;969.1929999999979;969.633099999998;994.4384000000309;988.106500000008;992.5816000000412;988.194600000008;983.3653000000011;983.3653000000011;983.3653000000011;983.3653000000011;957.7503999999972;983.3653000000011;969.1929999999979;988.194600000008;
4019.803951345113;990.7248000000516;988.194600000008;969.192899999998;969.633099999998;994.4384000000309;988.106500000008;992.5816000000412;988.194600000008;983.3653000000011;983.3653000000011;983.3653000000011;983.3653000000011;957.7503999999972;983.3653000000011;969.1929999999979;988.194600000008;
4019.803951345113;990.7248000000516;988.194600000008;968.7528999999979;969.633099999998;994.4384000000309;988.106500000008;992.5816000000412;988.194600000008;983.3653000000011;983.3653000000011;983.3653000000011;983.3653000000011;957.7503999999972;983.3653000000011;969.1929999999979;988.194600000008;
4019.8092673451133;990.7160000000516;988.194600000008;968.7528999999979;969.633099999998;994.4384000000309;988.106500000008;992.5816000000412;988.194600000008;983.3653000000011;983.3653000000011;983.3653000000011;983.3653000000011;957.7503999999972;983.3653000000011;969.1929999999979;988.194600000008;
4019.9226682910285;990.7160000000516;988.194600000008;968.7528999999979;969.633099999998;994.4384000000309;988.106500000008;992.5816000000412;988.194600000008;983.3653000000011;983.3653000000011;983.3653000000011;983.3653000000011;957.7502999999972;983.3653000000011;969.1929999999979;988.194600000008;
4019.9226682910285;990.7160000000516;988.194600000008;968.7528999999979;969.633099999998;994.4384000000309;988.106500000008;992.5816000000412;988.194600000008;983.3653000000011;983.3653000000011;983.3653000000011;983.3653000000011;957.3102999999971;983.3653000000011;969.1929999999979;988.194600000008;
4019.9279842910287;990.7160000000516;988.194600000008;968.7528999999979;969.633099999998;994.429600000031;988.106500000008;992.5816000000412;988.194600000008;983.3653000000011;983.3653000000011;983.3653000000011;983.3653000000011;957.3102999999971;983.3653000000011;969.1929999999979;988.194600000008;
4019.9279842910287;990.7160000000516;988.194600000008;968.7528999999979;969.633099999998;994.420800000031;988.106500000008;992.5816000000412;988.194600000008;983.3653000000011;983.3653000000011;983.3653000000011;983.3653000000011;957.3102999999971;983.3653000000011;969.1929999999979;988.194600000008;
4020.211252591557;990.6984000000517;988.106500000008;968.7528999999979;969.633099999998;994.420800000031;988.106500000008;992.5728000000413;988.106500000008;983.3653000000011;983.3653000000011;983.3653000000011;983.3653000000011;957.3102999999971;983.3653000000011;969.192899999998;988.106500000008;
4020.9279741440077;990.6896000000518;988.106500000008;968.7528999999979;969.633099999998;994.4120000000311;988.106500000008;992.5640000000413;988.106500000008;983.3653000000011;983.3653000000011;983.3653000000011;983.3653000000011;957.3102999999971;983.3653000000011;968.7528999999979;988.106500000008;
4021.776932764794;990.6896000000518;988.106500000008;968.7528999999979;969.633099999998;994.4032000000311;988.106500000008;992.5552000000414;988.106500000008;983.3653000000011;983.3653000000011;983.3653000000011;983.3653000000011;957.3102999999971;983.3653000000011;968.7528999999979;988.106500000008;
4022.7769375411312;990.6808000000518;988.106500000008;968.7528999999979;969.633099999998;994.4032000000311;988.106500000008;992.5464000000414;988.106500000008;983.3653000000011;983.3653000000011;983.3653000000011;983.3653000000011;957.3102999999971;983.3653000000011;968.7528999999979;988.106500000008;
4023.0000000001423;990.6720000000519;988.106500000008;968.7528999999979;969.633099999998;994.4032000000311;988.106500000008;992.5376000000415;988.106500000008;983.3653000000011;983.3653000000011;983.3653000000011;983.3653000000011;957.3102999999971;983.3653000000011;968.7528999999979;988.106500000008;
4023.7769423174686;990.6720000000519;988.106500000008;968.7528999999979;969.633099999998;994.4032000000311;988.106500000008;992.5376000000415;988.106500000008;983.3653000000011;983.3653000000011;983.3653000000011;983.3653000000011;957.3102999999971;983.3653000000011;968.7528999999979;988.106500000008;
4025.0000000001423;990.6720000000519;988.106500000008;968.7528999999979;969.633099999998;994.4032000000311;988.106500000008;992.5376000000415;988.106500000008;983.3653000000011;983.3653000000011;983.3653000000011;983.3653000000011;957.3102999999971;983.3653000000011;968.7528999999979;988.106500000008;
4026.0000000001423;990.6720000000519;988.106500000008;968.7528999999979;969.633099999998;994.4032000000311;988.106500000008;992.5376000000415;988.106500000008;983.3653000000011;983.3653000000011;983.3653000000011;983.3653000000011;957.3102999999971;983.3653000000011;968.7528999999979;988.106500000008;
4027.0000000001423;990.6720000000519;988.106500000008;968.7528999999979;969.633099999998;994.4032000000311;988.106500000008;992.5376000000415;988.106500000008;983.3653000000011;983.3653000000011;983.3653000000011;983.3653000000011;957.3102999999971;983.3653000000011;968.7528999999979;988.106500000008;
4028.0000000001423;990.6720000000519;988.106500000008;968.7528999999979;969.633099999998;994.4032000000311;988.106500000008;992.5376000000415;988.106500000008;983.3653000000011;983.3653000000011;983.3653000000011;983.3653000000011;957.3102999999971;983.3653000000011;968.7528999999979;988.106500000008;
4029.0000000001423;990.6720000000519;988.106500000008;968.7528999999979;969.633099999998;994.4032000000311;988.106500000008;992.5376000000415;988.106500000008;983.3653000000011;983.3653000000011;983.3653000000011;983.3653000000011;957.3102999999971;983.3653000000011;968.7528999999979;988.106500000008;
4030.0000000001423;990.6720000000519;988.106500000008;968.7528999999979;969.633099999998;994.4032000000311;988.106500000008;992.5376000000415;988.106500000008;983.3653000000011;983.3653000000011;983.3653000000011;983.3653000000011;957.3102999999971;983.3653000000011;968.7528999999979;988.106500000008;
4031.0000000001423;990.6720000000519;988.106500000008;968.7528999999979;969.633099999998;994.4032000000311;988.106500000008;992.5376000000415;988.106500000008;983.3653000000011;983.3653000000011;983.3653000000011;983.3653000000011;957.3102999999971;983.3653000000011;968.7528999999979;988.106500000008;
4032.0000000001423;990.6720000000519;988.106500000008;968.7528999999979;969.633099999998;994.4032000000311;988.106500000008;992.5376000000415;988.106500000008;983.3653000000011;983.3653000000011;983.3653000000011;983.3653000000011;957.3102999999971;983.3653000000011;968.7528999999979;988.106500000008;
4033.0000000001423;990.6720000000519;988.106500000008;968.7528999999979;969.633099999998;994.4032000000311;988.106500000008;992.5376000000415;988.106500000008;983.3653000000011;983.3653000000011;983.3653000000011;983.3653000000011;957.3102999999971;983.3653000000011;968.7528999999979;988.106500000008;
4034.0000000001423;990.6720000000519;988.106500000008;968.7528999999979;969.633099999998;994.4032000000311;988.106500000008;992.5376000000415;988.106500000008;983.3653000000011;983.3653000000011;983.3653000000011;983.3653000000011;957.3102999999971;983.3653000000011;968.7528999999979;988.106500000008;
4035.0000000001423;990.6720000000519;988.106500000008;968.7528999999979;969.633099999998;994.4032000000311;988.106500000008;992.5376000000415;988.106500000008;983.3653000000011;983.3653000000011;983.3653000000011;983.3653000000011;957.3102999999971;983.3653000000011;968.7528999999979;988.106500000008;
4036.0000000001423;990.6720000000519;988.106500000008;968.7528999999979;969.633099999998;994.4032000000311;988.106500000008;992.5376000000415;988.106500000008;983.3653000000011;983.3653000000011;983.3653000000011;983.3653000000011;957.3102999999971;983.3653000000011;968.7528999999979;988.106500000008;
4037.0000000001423;990.6720000000519;988.106500000008;968.7528999999979;969.633099999998;994.4032000000311;988.106500000008;992.5376000000415;988.106500000008;983.3653000000011;983.3653000000011;983.3653000000011;983.3653000000011;957.3102999999971;983.3653000000011;968.7528999999979;988.106500000008;
4038.0000000001423;990.6720000000519;988.106500000008;968.7528999999979;969.633099999998;994.4032000000311;988.106500000008;992.5376000000415;988.106500000008;983.3653000000011;983.3653000000011;983.3653000000011;983.3653000000011;957.3102999999971;983.3653000000011;968.7528999999979;988.106500000008;
4039.0000000001423;990.6720000000519;988.106500000008;968.7528999999979;969.633099999998;994.4032000000311;988.106500000008;992.5376000000415;988.106500000008;983.3653000000011;983.3653000000011;983.3653000000011;983.3653000000011;957.3102999999971;983.3653000000011;968.7528999999979;988.106500000008;
4040.0000000001423;990.6720000000519;988.106500000008;968.7528999999979;969.633099999998;994.4032000000311;988.106500000008;992.5376000000415;988.106500000008;983.3653000000011;983.3653000000011;983.3653000000011;983.3653000000011;957.3102999999971;983.3653000000011;968.7528999999979;988.106500000008;
4041.0000000001423;990.6720000000519;988.106500000008;968.7528999999979;969.633099999998;994.4032000000311;988.106500000008;992.5376000000415;988.106500000008;983.3653000000011;983.3653000000011;983.3653000000011;983.3653000000011;957.3102999999971;983.3653000000011;968.7528999999979;988.106500000008;
4042.0000000001423;990.6720000000519;988.106500000008;968.7528999999979;969.633099999998;994.4032000000311;988.106500000008;992.5376000000415;988.106500000008;983.3653000000011;983.3653000000011;983.3653000000011;983.3653000000011;957.3102999999971;983.3653000000011;968.7528999999979;988.106500000008;
4043.0000000001423;990.6720000000519;988.106500000008;968.7528999999979;969.633099999998;994.4032000000311;988.106500000008;992.5376000000415;988.106500000008;983.3653000000011;983.3653000000011;983.3653000000011;983.3653000000011;957.3102999999971;983.3653000000011;968.7528999999979;988.106500000008;
4044.0000000001423;990.6720000000519;988.106500000008;968.7528999999979;969.633099999998;994.4032000000311;988.106500000008;992.5376000000415;988.106500000008;983.3653000000011;983.3653000000011;983.3653000000011;983.3653000000011;957.3102999999971;983.3653000000011;968.7528999999979;988.106500000008;
4045.0000000001423;990.6720000000519;988.106500000008;968.7528999999979;969.633099999998;994.4032000000311;988.106500000008;992.5376000000415;988.106500000008;983.3653000000011;983.3653000000011;983.3653000000011;983.3653000000011;957.3102999999971;983.3653000000011;968.7528999999979;988.106500000008;
4046.0000000001423;990.6720000000519;988.106500000008;968.7528999999979;969.633099999998;994.4032000000311;988.106500000008;992.5376000000415;988.106500000008;983.3653000000011;983.3653000000011;983.3653000000011;983.3653000000011;957.3102999999971;983.3653000000011;968.7528999999979;988.106500000008;
4047.0000000001423;990.6720000000519;988.106500000008;968.7528999999979;969.633099999998;994.4032000000311;988.106500000008;992.5376000000415;988.106500000008;983.3653000000011;983.3653000000011;983.3653000000011;983.3653000000011;957.3102999999971;983.3653000000011;968.7528999999979;988.106500000008;
4048.0000000001423;990.6720000000519;988.106500000008;968.7528999999979;969.633099999998;994.4032000000311;988.106500000008;992.5376000000415;988.106500000008;983.3653000000011;983.3653000000011;983.3653000000011;983.3653000000011;957.3102999999971;983.3653000000011;968.7528999999979;988.106500000008;
4049.0000000001423;990.6720000000519;988.106500000008;968.7528999999979;969.633099999998;994.4032000000311;988.106500000008;992.5376000000415;988.106500000008;983.3653000000011;983.3653000000011;983.3653000000011;983.3653000000011;957.3102999999971;983.3653000000011;968.7528999999979;988.106500000008;
4049.7715799498533;990.6720000000519;988.106500000008;968.7528999999979;969.633099999998;994.4032000000311;988.1064000000081;992.5376000000415;988.106500000008;983.3653000000011;983.3653000000011;983.3653000000011;983.3653000000011;957.3102999999971;983.3653000000011;968.7528999999979;988.106500000008;
4049.7715799498533;990.6720000000519;988.106500000008;968.7528999999979;969.633099999998;994.4032000000311;988.0184000000081;992.5376000000415;988.106500000008;983.3653000000011;983.3653000000011;983.3653000000011;983.3653000000011;957.3102999999971;983.3653000000011;968.7528999999979;988.106500000008;
4049.7768959498535;990.6632000000519;988.106500000008;968.7528999999979;969.633099999998;994.4032000000311;988.0184000000081;992.5376000000415;988.106500000008;983.3653000000011;983.3653000000011;983.3653000000011;983.3653000000011;957.3102999999971;983.3653000000011;968.7528999999979;988.106500000008;
4049.7768959498535;990.654400000052;988.106500000008;968.7528999999979;969.633099999998;994.4032000000311;988.0184000000081;992.5376000000415;988.106500000008;983.3653000000011;983.3653000000011;983.3653000000011;983.3653000000011;957.3102999999971;983.3653000000011;968.7528999999979;988.106500000008;
4049.7822119498537;990.654400000052;988.106500000008;968.7528999999979;969.633099999998;994.4032000000311;988.0184000000081;992.5288000000415;988.106500000008;983.3653000000011;983.3653000000011;983.3653000000011;983.3653000000011;957.3102999999971;983.3653000000011;968.7528999999979;988.106500000008;
4049.909880209218;990.654400000052;988.106500000008;968.7528999999979;969.633099999998;994.4032000000311;988.0184000000081;992.5288000000415;988.106500000008;983.3652000000011;983.3653000000011;983.3653000000011;983.3653000000011;957.3102999999971;983.3653000000011;968.7528999999979;988.106500000008;
4049.909880209218;990.654400000052;988.106500000008;968.7528999999979;969.633099999998;994.4032000000311;988.0184000000081;992.5288000000415;988.106500000008;982.7492000000011;983.3653000000011;983.3653000000011;983.3653000000011;957.3102999999971;983.3653000000011;968.7528999999979;988.106500000008;
4049.9151962092183;990.645600000052;988.106500000008;968.7528999999979;969.633099999998;994.4032000000311;988.0184000000081;992.5288000000415;988.106500000008;982.7492000000011;983.3653000000011;983.3653000000011;983.3653000000011;957.3102999999971;983.3653000000011;968.7528999999979;988.106500000008;
4049.9209406809023;990.645600000052;988.106500000008;968.7528999999979;969.633099999998;994.4032000000311;988.0184000000081;992.5288000000415;988.106500000008;982.7492000000011;983.3653000000011;983.3653000000011;983.3653000000011;957.3101999999972;983.3653000000011;968.7528999999979;988.106500000008;
4049.9209406809023;990.645600000052;988.106500000008;968.7528999999979;969.633099999998;994.4032000000311;988.0184000000081;992.5288000000415;988.106500000008;982.7492000000011;983.3653000000011;983.3653000000011;983.3653000000011;956.8701999999971;983.3653000000011;968.7528999999979;988.106500000008;
4049.9262566809025;990.645600000052;988.106500000008;968.7528999999979;969.633099999998;994.3944000000312;988.0184000000081;992.5288000000415;988.106500000008;982.7492000000011;983.3653000000011;983.3653000000011;983.3653000000011;956.8701999999971;983.3653000000011;968.7528999999979;988.106500000008;
4049.9262566809025;990.645600000052;988.106500000008;968.7528999999979;969.633099999998;994.3856000000312;988.0184000000081;992.5288000000415;988.106500000008;982.7492000000011;983.3653000000011;983.3653000000011;983.3653000000011;956.8701999999971;983.3653000000011;968.7528999999979;988.106500000008;
4050.776900726193;990.6192000000522;988.0184000000081;968.7528999999979;969.1929999999979;994.3504000000314;988.0184000000081;992.5200000000416;988.0184000000081;982.7492000000011;982.7492000000011;982.7492000000011;982.7492000000011;956.8701999999971;982.7492000000011;968.7528999999979;988.0184000000081;
4050.9262465338825;990.6104000000522;988.0184000000081;968.7528999999979;969.1929999999979;994.3504000000314;988.0184000000081;992.5112000000416;988.0184000000081;982.7492000000011;982.7492000000011;982.7492000000011;982.7492000000011;956.8701999999971;982.7492000000011;968.7528999999979;988.0184000000081;
4051.776905502531;990.6104000000522;988.0184000000081;968.7528999999979;969.1929999999979;994.3416000000315;988.0184000000081;992.5024000000417;988.0184000000081;982.7492000000011;982.7492000000011;982.7492000000011;982.7492000000011;956.8701999999971;982.7492000000011;968.7528999999979;988.0184000000081;
4052.776910278869;990.6016000000523;988.0184000000081;968.7528999999979;969.1929999999979;994.3328000000315;988.0184000000081;992.4848000000418;988.0184000000081;982.7492000000011;982.7492000000011;982.7492000000011;982.7492000000011;956.8701999999971;982.7492000000011;968.7528999999979;988.0184000000081;
4053.000000000147;990.5928000000523;988.0184000000081;968.7528999999979;969.1929999999979;994.3240000000316;988.0184000000081;992.4672000000419;988.0184000000081;982.7492000000011;982.7492000000011;982.7492000000011;982.7492000000011;956.8701999999971;982.7492000000011;968.7528999999979;988.0184000000081;
4053.7769150552067;990.5928000000523;988.0184000000081;968.7528999999979;969.1929999999979;994.3240000000316;988.0184000000081;992.4672000000419;988.0184000000081;982.7492000000011;982.7492000000011;982.7492000000011;982.7492000000011;956.8701999999971;982.7492000000011;968.7528999999979;988.0184000000081;
4054.776919831544;990.5840000000524;988.0184000000081;968.7528999999979;969.1929999999979;994.3152000000316;988.0184000000081;992.449600000042;988.0184000000081;982.7492000000011;982.7492000000011;982.7492000000011;982.7492000000011;956.8701999999971;982.7492000000011;968.7528999999979;988.0184000000081;
4056.000000000147;990.5840000000524;988.0184000000081;968.7528999999979;969.1929999999979;994.3152000000316;988.0184000000081;992.449600000042;988.0184000000081;982.7492000000011;982.7492000000011;982.7492000000011;982.7492000000011;956.8701999999971;982.7492000000011;968.7528999999979;988.0184000000081;
4057.000000000147;990.5840000000524;988.0184000000081;968.7528999999979;969.1929999999979;994.3152000000316;988.0184000000081;992.449600000042;988.0184000000081;982.7492000000011;982.7492000000011;982.7492000000011;982.7492000000011;956.8701999999971;982.7492000000011;968.7528999999979;988.0184000000081;
4058.000000000147;990.5840000000524;988.0184000000081;968.7528999999979;969.1929999999979;994.3152000000316;988.0184000000081;992.449600000042;988.0184000000081;982.7492000000011;982.7492000000011;982.7492000000011;982.7492000000011;956.8701999999971;982.7492000000011;968.7528999999979;988.0184000000081;
4059.000000000147;990.5840000000524;988.0184000000081;968.7528999999979;969.1929999999979;994.3152000000316;988.0184000000081;992.449600000042;988.0184000000081;982.7492000000011;982.7492000000011;982.7492000000011;982.7492000000011;956.8701999999971;982.7492000000011;968.7528999999979;988.0184000000081;
4060.000000000147;990.5840000000524;988.0184000000081;968.7528999999979;969.1929999999979;994.3152000000316;988.0184000000081;992.449600000042;988.0184000000081;982.7492000000011;982.7492000000011;982.7492000000011;982.7492000000011;956.8701999999971;982.7492000000011;968.7528999999979;988.0184000000081;
4061.000000000147;990.5840000000524;988.0184000000081;968.7528999999979;969.1929999999979;994.3152000000316;988.0184000000081;992.449600000042;988.0184000000081;982.7492000000011;982.7492000000011;982.7492000000011;982.7492000000011;956.8701999999971;982.7492000000011;968.7528999999979;988.0184000000081;
4062.000000000147;990.5840000000524;988.0184000000081;968.7528999999979;969.1929999999979;994.3152000000316;988.0184000000081;992.449600000042;988.0184000000081;982.7492000000011;982.7492000000011;982.7492000000011;982.7492000000011;956.8701999999971;982.7492000000011;968.7528999999979;988.0184000000081;
4063.000000000147;990.5840000000524;988.0184000000081;968.7528999999979;969.1929999999979;994.3152000000316;988.0184000000081;992.449600000042;988.0184000000081;982.7492000000011;982.7492000000011;982.7492000000011;982.7492000000011;956.8701999999971;982.7492000000011;968.7528999999979;988.0184000000081;
4064.000000000147;990.5840000000524;988.0184000000081;968.7528999999979;969.1929999999979;994.3152000000316;988.0184000000081;992.449600000042;988.0184000000081;982.7492000000011;982.7492000000011;982.7492000000011;982.7492000000011;956.8701999999971;982.7492000000011;968.7528999999979;988.0184000000081;
4065.000000000147;990.5840000000524;988.0184000000081;968.7528999999979;969.1929999999979;994.3152000000316;988.0184000000081;992.449600000042;988.0184000000081;982.7492000000011;982.7492000000011;982.7492000000011;982.7492000000011;956.8701999999971;982.7492000000011;968.7528999999979;988.0184000000081;
4066.000000000147;990.5840000000524;988.0184000000081;968.7528999999979;969.1929999999979;994.3152000000316;988.0184000000081;992.449600000042;988.0184000000081;982.7492000000011;982.7492000000011;982.7492000000011;982.7492000000011;956.8701999999971;982.7492000000011;968.7528999999979;988.0184000000081;
4067.000000000147;990.5840000000524;988.0184000000081;968.7528999999979;969.1929999999979;994.3152000000316;988.0184000000081;992.449600000042;988.0184000000081;982.7492000000011;982.7492000000011;982.7492000000011;982.7492000000011;956.8701999999971;982.7492000000011;968.7528999999979;988.0184000000081;
4068.000000000147;990.5840000000524;988.0184000000081;968.7528999999979;969.1929999999979;994.3152000000316;988.0184000000081;992.449600000042;988.0184000000081;982.7492000000011;982.7492000000011;982.7492000000011;982.7492000000011;956.8701999999971;982.7492000000011;968.7528999999979;988.0184000000081;
4069.000000000147;990.5840000000524;988.0184000000081;968.7528999999979;969.1929999999979;994.3152000000316;988.0184000000081;992.449600000042;988.0184000000081;982.7492000000011;982.7492000000011;982.7492000000011;982.7492000000011;956.8701999999971;982.7492000000011;968.7528999999979;988.0184000000081;
4070.000000000147;990.5840000000524;988.0184000000081;968.7528999999979;969.1929999999979;994.3152000000316;988.0184000000081;992.449600000042;988.0184000000081;982.7492000000011;982.7492000000011;982.7492000000011;982.7492000000011;956.8701999999971;982.7492000000011;968.7528999999979;988.0184000000081;
4071.000000000147;990.5840000000524;988.0184000000081;968.7528999999979;969.1929999999979;994.3152000000316;988.0184000000081;992.449600000042;988.0184000000081;982.7492000000011;982.7492000000011;982.7492000000011;982.7492000000011;956.8701999999971;982.7492000000011;968.7528999999979;988.0184000000081;
4072.000000000147;990.5840000000524;988.0184000000081;968.7528999999979;969.1929999999979;994.3152000000316;988.0184000000081;992.449600000042;988.0184000000081;982.7492000000011;982.7492000000011;982.7492000000011;982.7492000000011;956.8701999999971;982.7492000000011;968.7528999999979;988.0184000000081;
4073.000000000147;990.5840000000524;988.0184000000081;968.7528999999979;969.1929999999979;994.3152000000316;988.0184000000081;992.449600000042;988.0184000000081;982.7492000000011;982.7492000000011;982.7492000000011;982.7492000000011;956.8701999999971;982.7492000000011;968.7528999999979;988.0184000000081;
4074.000000000147;990.5840000000524;988.0184000000081;968.7528999999979;969.1929999999979;994.3152000000316;988.0184000000081;992.449600000042;988.0184000000081;982.7492000000011;982.7492000000011;982.7492000000011;982.7492000000011;956.8701999999971;982.7492000000011;968.7528999999979;988.0184000000081;
4075.000000000147;990.5840000000524;988.0184000000081;968.7528999999979;969.1929999999979;994.3152000000316;988.0184000000081;992.449600000042;988.0184000000081;982.7492000000011;982.7492000000011;982.7492000000011;982.7492000000011;956.8701999999971;982.7492000000011;968.7528999999979;988.0184000000081;
4076.000000000147;990.5840000000524;988.0184000000081;968.7528999999979;969.1929999999979;994.3152000000316;988.0184000000081;992.449600000042;988.0184000000081;982.7492000000011;982.7492000000011;982.7492000000011;982.7492000000011;956.8701999999971;982.7492000000011;968.7528999999979;988.0184000000081;
4077.000000000147;990.5840000000524;988.0184000000081;968.7528999999979;969.1929999999979;994.3152000000316;988.0184000000081;992.449600000042;988.0184000000081;982.7492000000011;982.7492000000011;982.7492000000011;982.7492000000011;956.8701999999971;982.7492000000011;968.7528999999979;988.0184000000081;
4078.000000000147;990.5840000000524;988.0184000000081;968.7528999999979;969.1929999999979;994.3152000000316;988.0184000000081;992.449600000042;988.0184000000081;982.7492000000011;982.7492000000011;982.7492000000011;982.7492000000011;956.8701999999971;982.7492000000011;968.7528999999979;988.0184000000081;
4079.000000000147;990.5840000000524;988.0184000000081;968.7528999999979;969.1929999999979;994.3152000000316;988.0184000000081;992.449600000042;988.0184000000081;982.7492000000011;982.7492000000011;982.7492000000011;982.7492000000011;956.8701999999971;982.7492000000011;968.7528999999979;988.0184000000081;
4079.7715526875913;990.5840000000524;988.0184000000081;968.7528999999979;969.1929999999979;994.3152000000316;988.0183000000081;992.449600000042;988.0184000000081;982.7492000000011;982.7492000000011;982.7492000000011;982.7492000000011;956.8701999999971;982.7492000000011;968.7528999999979;988.0184000000081;
4079.7715526875913;990.5840000000524;988.0184000000081;968.7528999999979;969.1929999999979;994.3152000000316;987.9303000000082;992.449600000042;988.0184000000081;982.7492000000011;982.7492000000011;982.7492000000011;982.7492000000011;956.8701999999971;982.7492000000011;968.7528999999979;988.0184000000081;
4079.7768686875916;990.5752000000524;988.0184000000081;968.7528999999979;969.1929999999979;994.3152000000316;987.9303000000082;992.449600000042;988.0184000000081;982.7492000000011;982.7492000000011;982.7492000000011;982.7492000000011;956.8701999999971;982.7492000000011;968.7528999999979;988.0184000000081;
4079.7768686875916;990.5664000000525;988.0184000000081;968.7528999999979;969.1929999999979;994.3152000000316;987.9303000000082;992.449600000042;988.0184000000081;982.7492000000011;982.7492000000011;982.7492000000011;982.7492000000011;956.8701999999971;982.7492000000011;968.7528999999979;988.0184000000081;
4079.782184687592;990.5664000000525;988.0184000000081;968.7528999999979;969.1929999999979;994.3152000000316;987.9303000000082;992.440800000042;988.0184000000081;982.7492000000011;982.7492000000011;982.7492000000011;982.7492000000011;956.8701999999971;982.7492000000011;968.7528999999979;988.0184000000081;
4079.8039587792664;990.5664000000525;988.0184000000081;968.7527999999979;969.1929999999979;994.3152000000316;987.9303000000082;992.440800000042;988.0184000000081;982.7492000000011;982.7492000000011;982.7492000000011;982.7492000000011;956.8701999999971;982.7492000000011;968.7528999999979;988.0184000000081;
4079.8039587792664;990.5664000000525;988.0184000000081;968.3127999999979;969.1929999999979;994.3152000000316;987.9303000000082;992.440800000042;988.0184000000081;982.7492000000011;982.7492000000011;982.7492000000011;982.7492000000011;956.8701999999971;982.7492000000011;968.7528999999979;988.0184000000081;
4079.8092747792666;990.5576000000525;988.0184000000081;968.3127999999979;969.1929999999979;994.3152000000316;987.9303000000082;992.440800000042;988.0184000000081;982.7492000000011;982.7492000000011;982.7492000000011;982.7492000000011;956.8701999999971;982.7492000000011;968.7528999999979;988.0184000000081;
4079.919213070778;990.5576000000525;988.0184000000081;968.3127999999979;969.1929999999979;994.3152000000316;987.9303000000082;992.440800000042;988.0184000000081;982.7492000000011;982.7492000000011;982.7492000000011;982.7492000000011;956.8700999999971;982.7492000000011;968.7528999999979;988.0184000000081;
4079.919213070778;990.5576000000525;988.0184000000081;968.3127999999979;969.1929999999979;994.3152000000316;987.9303000000082;992.440800000042;988.0184000000081;982.7492000000011;982.7492000000011;982.7492000000011;982.7492000000011;956.4300999999971;982.7492000000011;968.7528999999979;988.0184000000081;
4079.924529070778;990.5576000000525;988.0184000000081;968.3127999999979;969.1929999999979;994.3064000000317;987.9303000000082;992.440800000042;988.0184000000081;982.7492000000011;982.7492000000011;982.7492000000011;982.7492000000011;956.4300999999971;982.7492000000011;968.7528999999979;988.0184000000081;
4079.924529070778;990.5576000000525;988.0184000000081;968.3127999999979;969.1929999999979;994.2976000000317;987.9303000000082;992.440800000042;988.0184000000081;982.7492000000011;982.7492000000011;982.7492000000011;982.7492000000011;956.4300999999971;982.7492000000011;968.7528999999979;988.0184000000081;
4080.776873463931;990.5400000000526;987.9303000000082;968.3127999999979;969.1929999999979;994.2888000000318;987.9303000000082;992.4320000000421;987.9303000000082;982.7492000000011;982.7492000000011;982.7492000000011;982.7492000000011;956.4300999999971;982.7492000000011;968.3127999999979;987.9303000000082;
4081.0000000001496;990.5312000000526;987.9303000000082;968.3127999999979;969.1929999999979;994.2800000000318;987.9303000000082;992.4144000000422;987.9303000000082;982.7492000000011;982.7492000000011;982.7492000000011;982.7492000000011;956.4300999999971;982.7492000000011;968.3127999999979;987.9303000000082;
4081.7768782402686;990.5312000000526;987.9303000000082;968.3127999999979;969.1929999999979;994.2800000000318;987.9303000000082;992.4144000000422;987.9303000000082;982.7492000000011;982.7492000000011;982.7492000000011;982.7492000000011;956.4300999999971;982.7492000000011;968.3127999999979;987.9303000000082;
4082.776883016606;990.5224000000527;987.9303000000082;968.3127999999979;969.1929999999979;994.2800000000318;987.9303000000082;992.4056000000422;987.9303000000082;982.7492000000011;982.7492000000011;982.7492000000011;982.7492000000011;956.4300999999971;982.7492000000011;968.3127999999979;987.9303000000082;
4083.7768877929434;990.5136000000527;987.9303000000082;968.3127999999979;969.1929999999979;994.2800000000318;987.9303000000082;992.3968000000423;987.9303000000082;982.7492000000011;982.7492000000011;982.7492000000011;982.7492000000011;956.4300999999971;982.7492000000011;968.3127999999979;987.9303000000082;
4084.00000000015;990.5136000000527;987.9303000000082;968.3127999999979;969.1929999999979;994.2800000000318;987.9303000000082;992.3968000000423;987.9303000000082;982.7492000000011;982.7492000000011;982.7492000000011;982.7492000000011;956.4300999999971;982.7492000000011;968.3127999999979;987.9303000000082;
4085.00000000015;990.5136000000527;987.9303000000082;968.3127999999979;969.1929999999979;994.2800000000318;987.9303000000082;992.3968000000423;987.9303000000082;982.7492000000011;982.7492000000011;982.7492000000011;982.7492000000011;956.4300999999971;982.7492000000011;968.3127999999979;987.9303000000082;
4086.00000000015;990.5136000000527;987.9303000000082;968.3127999999979;969.1929999999979;994.2800000000318;987.9303000000082;992.3968000000423;987.9303000000082;982.7492000000011;982.7492000000011;982.7492000000011;982.7492000000011;956.4300999999971;982.7492000000011;968.3127999999979;987.9303000000082;
4087.00000000015;990.5136000000527;987.9303000000082;968.3127999999979;969.1929999999979;994.2800000000318;987.9303000000082;992.3968000000423;987.9303000000082;982.7492000000011;982.7492000000011;982.7492000000011;982.7492000000011;956.4300999999971;982.7492000000011;968.3127999999979;987.9303000000082;
4088.00000000015;990.5136000000527;987.9303000000082;968.3127999999979;969.1929999999979;994.2800000000318;987.9303000000082;992.3968000000423;987.9303000000082;982.7492000000011;982.7492000000011;982.7492000000011;982.7492000000011;956.4300999999971;982.7492000000011;968.3127999999979;987.9303000000082;
4089.00000000015;990.5136000000527;987.9303000000082;968.3127999999979;969.1929999999979;994.2800000000318;987.9303000000082;992.3968000000423;987.9303000000082;982.7492000000011;982.7492000000011;982.7492000000011;982.7492000000011;956.4300999999971;982.7492000000011;968.3127999999979;987.9303000000082;
4090.00000000015;990.5136000000527;987.9303000000082;968.3127999999979;969.1929999999979;994.2800000000318;987.9303000000082;992.3968000000423;987.9303000000082;982.7492000000011;982.7492000000011;982.7492000000011;982.7492000000011;956.4300999999971;982.7492000000011;968.3127999999979;987.9303000000082;
4091.00000000015;990.5136000000527;987.9303000000082;968.3127999999979;969.1929999999979;994.2800000000318;987.9303000000082;992.3968000000423;987.9303000000082;982.7492000000011;982.7492000000011;982.7492000000011;982.7492000000011;956.4300999999971;982.7492000000011;968.3127999999979;987.9303000000082;
4092.00000000015;990.5136000000527;987.9303000000082;968.3127999999979;969.1929999999979;994.2800000000318;987.9303000000082;992.3968000000423;987.9303000000082;982.7492000000011;982.7492000000011;982.7492000000011;982.7492000000011;956.4300999999971;982.7492000000011;968.3127999999979;987.9303000000082;
4093.00000000015;990.5136000000527;987.9303000000082;968.3127999999979;969.1929999999979;994.2800000000318;987.9303000000082;992.3968000000423;987.9303000000082;982.7492000000011;982.7492000000011;982.7492000000011;982.7492000000011;956.4300999999971;982.7492000000011;968.3127999999979;987.9303000000082;
4094.00000000015;990.5136000000527;987.9303000000082;968.3127999999979;969.1929999999979;994.2800000000318;987.9303000000082;992.3968000000423;987.9303000000082;982.7492000000011;982.7492000000011;982.7492000000011;982.7492000000011;956.4300999999971;982.7492000000011;968.3127999999979;987.9303000000082;
4095.00000000015;990.5136000000527;987.9303000000082;968.3127999999979;969.1929999999979;994.2800000000318;987.9303000000082;992.3968000000423;987.9303000000082;982.7492000000011;982.7492000000011;982.7492000000011;982.7492000000011;956.4300999999971;982.7492000000011;968.3127999999979;987.9303000000082;
4096.00000000015;990.5136000000527;987.9303000000082;968.3127999999979;969.1929999999979;994.2800000000318;987.9303000000082;992.3968000000423;987.9303000000082;982.7492000000011;982.7492000000011;982.7492000000011;982.7492000000011;956.4300999999971;982.7492000000011;968.3127999999979;987.9303000000082;
4097.00000000015;990.5136000000527;987.9303000000082;968.3127999999979;969.1929999999979;994.2800000000318;987.9303000000082;992.3968000000423;987.9303000000082;982.7492000000011;982.7492000000011;982.7492000000011;982.7492000000011;956.4300999999971;982.7492000000011;968.3127999999979;987.9303000000082;
4098.00000000015;990.5136000000527;987.9303000000082;968.3127999999979;969.1929999999979;994.2800000000318;987.9303000000082;992.3968000000423;987.9303000000082;982.7492000000011;982.7492000000011;982.7492000000011;982.7492000000011;956.4300999999971;982.7492000000011;968.3127999999979;987.9303000000082;
4099.00000000015;990.5136000000527;987.9303000000082;968.3127999999979;969.1929999999979;994.2800000000318;987.9303000000082;992.3968000000423;987.9303000000082;982.7492000000011;982.7492000000011;982.7492000000011;982.7492000000011;956.4300999999971;982.7492000000011;968.3127999999979;987.9303000000082;
4100.00000000015;990.5136000000527;987.9303000000082;968.3127999999979;969.1929999999979;994.2800000000318;987.9303000000082;992.3968000000423;987.9303000000082;982.7492000000011;982.7492000000011;982.7492000000011;982.7492000000011;956.4300999999971;982.7492000000011;968.3127999999979;987.9303000000082;
4101.00000000015;990.5136000000527;987.9303000000082;968.3127999999979;969.1929999999979;994.2800000000318;987.9303000000082;992.3968000000423;987.9303000000082;982.7492000000011;982.7492000000011;982.7492000000011;982.7492000000011;956.4300999999971;982.7492000000011;968.3127999999979;987.9303000000082;
4102.00000000015;990.5136000000527;987.9303000000082;968.3127999999979;969.1929999999979;994.2800000000318;987.9303000000082;992.3968000000423;987.9303000000082;982.7492000000011;982.7492000000011;982.7492000000011;982.7492000000011;956.4300999999971;982.7492000000011;968.3127999999979;987.9303000000082;
4103.00000000015;990.5136000000527;987.9303000000082;968.3127999999979;969.1929999999979;994.2800000000318;987.9303000000082;992.3968000000423;987.9303000000082;982.7492000000011;982.7492000000011;982.7492000000011;982.7492000000011;956.4300999999971;982.7492000000011;968.3127999999979;987.9303000000082;
4104.00000000015;990.5136000000527;987.9303000000082;968.3127999999979;969.1929999999979;994.2800000000318;987.9303000000082;992.3968000000423;987.9303000000082;982.7492000000011;982.7492000000011;982.7492000000011;982.7492000000011;956.4300999999971;982.7492000000011;968.3127999999979;987.9303000000082;
4105.00000000015;990.5136000000527;987.9303000000082;968.3127999999979;969.1929999999979;994.2800000000318;987.9303000000082;992.3968000000423;987.9303000000082;982.7492000000011;982.7492000000011;982.7492000000011;982.7492000000011;956.4300999999971;982.7492000000011;968.3127999999979;987.9303000000082;
4106.00000000015;990.5136000000527;987.9303000000082;968.3127999999979;969.1929999999979;994.2800000000318;987.9303000000082;992.3968000000423;987.9303000000082;982.7492000000011;982.7492000000011;982.7492000000011;982.7492000000011;956.4300999999971;982.7492000000011;968.3127999999979;987.9303000000082;
4107.00000000015;990.5136000000527;987.9303000000082;968.3127999999979;969.1929999999979;994.2800000000318;987.9303000000082;992.3968000000423;987.9303000000082;982.7492000000011;982.7492000000011;982.7492000000011;982.7492000000011;956.4300999999971;982.7492000000011;968.3127999999979;987.9303000000082;
4108.00000000015;990.5136000000527;987.9303000000082;968.3127999999979;969.1929999999979;994.2800000000318;987.9303000000082;992.3968000000423;987.9303000000082;982.7492000000011;982.7492000000011;982.7492000000011;982.7492000000011;956.4300999999971;982.7492000000011;968.3127999999979;987.9303000000082;
4109.00000000015;990.5136000000527;987.9303000000082;968.3127999999979;969.1929999999979;994.2800000000318;987.9303000000082;992.3968000000423;987.9303000000082;982.7492000000011;982.7492000000011;982.7492000000011;982.7492000000011;956.4300999999971;982.7492000000011;968.3127999999979;987.9303000000082;
4109.771525425328;990.5136000000527;987.9303000000082;968.3127999999979;969.1929999999979;994.2800000000318;987.9302000000082;992.3968000000423;987.9303000000082;982.7492000000011;982.7492000000011;982.7492000000011;982.7492000000011;956.4300999999971;982.7492000000011;968.3127999999979;987.9303000000082;
4109.771525425328;990.5136000000527;987.9303000000082;968.3127999999979;969.1929999999979;994.2800000000318;987.8422000000082;992.3968000000423;987.9303000000082;982.7492000000011;982.7492000000011;982.7492000000011;982.7492000000011;956.4300999999971;982.7492000000011;968.3127999999979;987.9303000000082;
4109.776841425328;990.5048000000528;987.9303000000082;968.3127999999979;969.1929999999979;994.2800000000318;987.8422000000082;992.3968000000423;987.9303000000082;982.7492000000011;982.7492000000011;982.7492000000011;982.7492000000011;956.4300999999971;982.7492000000011;968.3127999999979;987.9303000000082;
4109.776841425328;990.4960000000528;987.9303000000082;968.3127999999979;969.1929999999979;994.2800000000318;987.8422000000082;992.3968000000423;987.9303000000082;982.7492000000011;982.7492000000011;982.7492000000011;982.7492000000011;956.4300999999971;982.7492000000011;968.3127999999979;987.9303000000082;
4109.782157425328;990.4960000000528;987.9303000000082;968.3127999999979;969.1929999999979;994.2800000000318;987.8422000000082;992.3880000000423;987.9303000000082;982.7492000000011;982.7492000000011;982.7492000000011;982.7492000000011;956.4300999999971;982.7492000000011;968.3127999999979;987.9303000000082;
4109.930228153228;990.4960000000528;987.9303000000082;968.3127999999979;969.192899999998;994.2800000000318;987.8422000000082;992.3880000000423;987.9303000000082;982.7492000000011;982.7492000000011;982.7492000000011;982.7492000000011;956.4300999999971;982.7492000000011;968.3127999999979;987.9303000000082;
4109.930228153228;990.4960000000528;987.9303000000082;968.3127999999979;968.7528999999979;994.2800000000318;987.8422000000082;992.3880000000423;987.9303000000082;982.7492000000011;982.7492000000011;982.7492000000011;982.7492000000011;956.4300999999971;982.7492000000011;968.3127999999979;987.9303000000082;
4109.935544153228;990.4960000000528;987.9303000000082;968.3127999999979;968.7528999999979;994.2712000000319;987.8422000000082;992.3880000000423;987.9303000000082;982.7492000000011;982.7492000000011;982.7492000000011;982.7492000000011;956.4300999999971;982.7492000000011;968.3127999999979;987.9303000000082;
4109.935544153228;990.4960000000528;987.9303000000082;968.3127999999979;968.7528999999979;994.2624000000319;987.8422000000082;992.3880000000423;987.9303000000082;982.7492000000011;982.7492000000011;982.7492000000011;982.7492000000011;956.4300999999971;982.7492000000011;968.3127999999979;987.9303000000082;
4109.939004486658;990.4960000000528;987.9303000000082;968.3127999999979;968.7528999999979;994.2624000000319;987.8422000000082;992.3880000000423;987.9302000000082;982.7492000000011;982.7492000000011;982.7492000000011;982.7492000000011;956.4300999999971;982.7492000000011;968.3127999999979;987.9303000000082;
4109.939004486658;990.4960000000528;987.9303000000082;968.3127999999979;968.7528999999979;994.2624000000319;987.8422000000082;992.3880000000423;987.8422000000082;982.7492000000011;982.7492000000011;982.7492000000011;982.7492000000011;956.4300999999971;982.7492000000011;968.3127999999979;987.9303000000082;
4109.940860153229;990.4960000000528;987.9303000000082;968.3127999999979;968.7528999999979;994.2624000000319;987.8422000000082;992.3792000000424;987.8422000000082;982.7492000000011;982.7492000000011;982.7492000000011;982.7492000000011;956.4300999999971;982.7492000000011;968.3127999999979;987.9303000000082;
4110.776846201665;990.4784000000529;987.8422000000082;968.3127999999979;968.7528999999979;994.253600000032;987.8422000000082;992.3792000000424;987.8422000000082;982.7492000000011;982.7492000000011;982.7492000000011;982.7492000000011;956.4300999999971;982.7492000000011;967.8726999999978;987.8422000000082;
4111.776850978002;990.469600000053;987.8422000000082;968.3127999999979;968.7528999999979;994.244800000032;987.8422000000082;992.3616000000425;987.8422000000082;982.7492000000011;982.7492000000011;982.7492000000011;982.7492000000011;956.4300999999971;982.7492000000011;967.8726999999978;987.8422000000082;
4111.935523859183;990.460800000053;987.8422000000082;968.3127999999979;968.7528999999979;994.244800000032;987.8422000000082;992.3528000000425;987.8422000000082;982.7492000000011;982.7492000000011;982.7492000000011;982.7492000000011;956.4300999999971;982.7492000000011;967.8726999999978;987.8422000000082;
4112.776855754339;990.460800000053;987.8422000000082;968.3127999999979;968.7528999999979;994.244800000032;987.8422000000082;992.3528000000425;987.8422000000082;982.7492000000011;982.7492000000011;982.7492000000011;982.7492000000011;956.4300999999971;982.7492000000011;967.8726999999978;987.8422000000082;
4114.000000000149;990.460800000053;987.8422000000082;968.3127999999979;968.7528999999979;994.244800000032;987.8422000000082;992.3528000000425;987.8422000000082;982.7492000000011;982.7492000000011;982.7492000000011;982.7492000000011;956.4300999999971;982.7492000000011;967.8726999999978;987.8422000000082;
4115.000000000149;990.460800000053;987.8422000000082;968.3127999999979;968.7528999999979;994.244800000032;987.8422000000082;992.3528000000425;987.8422000000082;982.7492000000011;982.7492000000011;982.7492000000011;982.7492000000011;956.4300999999971;982.7492000000011;967.8726999999978;987.8422000000082;
4116.000000000149;990.460800000053;987.8422000000082;968.3127999999979;968.7528999999979;994.244800000032;987.8422000000082;992.3528000000425;987.8422000000082;982.7492000000011;982.7492000000011;982.7492000000011;982.7492000000011;956.4300999999971;982.7492000000011;967.8726999999978;987.8422000000082;
4117.000000000149;990.460800000053;987.8422000000082;968.3127999999979;968.7528999999979;994.244800000032;987.8422000000082;992.3528000000425;987.8422000000082;982.7492000000011;982.7492000000011;982.7492000000011;982.7492000000011;956.4300999999971;982.7492000000011;967.8726999999978;987.8422000000082;
4118.000000000149;990.460800000053;987.8422000000082;968.3127999999979;968.7528999999979;994.244800000032;987.8422000000082;992.3528000000425;987.8422000000082;982.7492000000011;982.7492000000011;982.7492000000011;982.7492000000011;956.4300999999971;982.7492000000011;967.8726999999978;987.8422000000082;
4119.000000000149;990.460800000053;987.8422000000082;968.3127999999979;968.7528999999979;994.244800000032;987.8422000000082;992.3528000000425;987.8422000000082;982.7492000000011;982.7492000000011;982.7492000000011;982.7492000000011;956.4300999999971;982.7492000000011;967.8726999999978;987.8422000000082;
4120.000000000149;990.460800000053;987.8422000000082;968.3127999999979;968.7528999999979;994.244800000032;987.8422000000082;992.3528000000425;987.8422000000082;982.7492000000011;982.7492000000011;982.7492000000011;982.7492000000011;956.4300999999971;982.7492000000011;967.8726999999978;987.8422000000082;
4121.000000000149;990.460800000053;987.8422000000082;968.3127999999979;968.7528999999979;994.244800000032;987.8422000000082;992.3528000000425;987.8422000000082;982.7492000000011;982.7492000000011;982.7492000000011;982.7492000000011;956.4300999999971;982.7492000000011;967.8726999999978;987.8422000000082;
4122.000000000149;990.460800000053;987.8422000000082;968.3127999999979;968.7528999999979;994.244800000032;987.8422000000082;992.3528000000425;987.8422000000082;982.7492000000011;982.7492000000011;982.7492000000011;982.7492000000011;956.4300999999971;982.7492000000011;967.8726999999978;987.8422000000082;
4123.000000000149;990.460800000053;987.8422000000082;968.3127999999979;968.7528999999979;994.244800000032;987.8422000000082;992.3528000000425;987.8422000000082;982.7492000000011;982.7492000000011;982.7492000000011;982.7492000000011;956.4300999999971;982.7492000000011;967.8726999999978;987.8422000000082;
4124.000000000149;990.460800000053;987.8422000000082;968.3127999999979;968.7528999999979;994.244800000032;987.8422000000082;992.3528000000425;987.8422000000082;982.7492000000011;982.7492000000011;982.7492000000011;982.7492000000011;956.4300999999971;982.7492000000011;967.8726999999978;987.8422000000082;
4125.000000000149;990.460800000053;987.8422000000082;968.3127999999979;968.7528999999979;994.244800000032;987.8422000000082;992.3528000000425;987.8422000000082;982.7492000000011;982.7492000000011;982.7492000000011;982.7492000000011;956.4300999999971;982.7492000000011;967.8726999999978;987.8422000000082;
4125.033521693646;990.460800000053;987.8422000000082;968.3127999999979;968.7528999999979;994.244800000032;987.8422000000082;992.3528000000425;987.8422000000082;982.7492000000011;982.7492000000011;982.7492000000011;982.7491000000011;956.4300999999971;982.7492000000011;967.8726999999978;987.8422000000082;
4125.033521693646;990.460800000053;987.8422000000082;968.3127999999979;968.7528999999979;994.244800000032;987.8422000000082;992.3528000000425;987.8422000000082;982.7492000000011;982.7492000000011;982.7492000000011;982.1331000000011;956.4300999999971;982.7492000000011;967.8726999999978;987.8422000000082;
4125.038837693646;990.460800000053;987.8422000000082;968.3127999999979;968.7528999999979;994.236000000032;987.8422000000082;992.3528000000425;987.8422000000082;982.7492000000011;982.7492000000011;982.7492000000011;982.1331000000011;956.4300999999971;982.7492000000011;967.8726999999978;987.8422000000082;
4125.038837693646;990.460800000053;987.8422000000082;968.3127999999979;968.7528999999979;994.2272000000321;987.8422000000082;992.3528000000425;987.8422000000082;982.7492000000011;982.7492000000011;982.7492000000011;982.1331000000011;956.4300999999971;982.7492000000011;967.8726999999978;987.8422000000082;
4125.044153693646;990.460800000053;987.8422000000082;968.3127999999979;968.7528999999979;994.2272000000321;987.8422000000082;992.3440000000426;987.8422000000082;982.7492000000011;982.7492000000011;982.7492000000011;982.1331000000011;956.4300999999971;982.7492000000011;967.8726999999978;987.8422000000082;
4126.000000000148;990.460800000053;987.8422000000082;968.3127999999979;968.7528999999979;994.2272000000321;987.8422000000082;992.3440000000426;987.8422000000082;982.7492000000011;982.7492000000011;982.7492000000011;982.1331000000011;956.4300999999971;982.7492000000011;967.8726999999978;987.8422000000082;
4126.038827546624;990.460800000053;987.8422000000082;968.3127999999979;968.7528999999979;994.2272000000321;987.8422000000082;992.3440000000426;987.8422000000082;982.7492000000011;982.7492000000011;982.7492000000011;982.1331000000011;956.4300999999971;982.7492000000011;967.8726999999978;987.8422000000082;
4127.000000000148;990.460800000053;987.8422000000082;968.3127999999979;968.7528999999979;994.2272000000321;987.8422000000082;992.3440000000426;987.8422000000082;982.7492000000011;982.7492000000011;982.7492000000011;982.1331000000011;956.4300999999971;982.7492000000011;967.8726999999978;987.8422000000082;
4128.000000000148;990.460800000053;987.8422000000082;968.3127999999979;968.7528999999979;994.2272000000321;987.8422000000082;992.3440000000426;987.8422000000082;982.7492000000011;982.7492000000011;982.7492000000011;982.1331000000011;956.4300999999971;982.7492000000011;967.8726999999978;987.8422000000082;
4129.000000000148;990.460800000053;987.8422000000082;968.3127999999979;968.7528999999979;994.2272000000321;987.8422000000082;992.3440000000426;987.8422000000082;982.7492000000011;982.7492000000011;982.7492000000011;982.1331000000011;956.4300999999971;982.7492000000011;967.8726999999978;987.8422000000082;
4130.000000000148;990.460800000053;987.8422000000082;968.3127999999979;968.7528999999979;994.2272000000321;987.8422000000082;992.3440000000426;987.8422000000082;982.7492000000011;982.7492000000011;982.7492000000011;982.1331000000011;956.4300999999971;982.7492000000011;967.8726999999978;987.8422000000082;
4131.000000000148;990.460800000053;987.8422000000082;968.3127999999979;968.7528999999979;994.2272000000321;987.8422000000082;992.3440000000426;987.8422000000082;982.7492000000011;982.7492000000011;982.7492000000011;982.1331000000011;956.4300999999971;982.7492000000011;967.8726999999978;987.8422000000082;
4132.000000000148;990.460800000053;987.8422000000082;968.3127999999979;968.7528999999979;994.2272000000321;987.8422000000082;992.3440000000426;987.8422000000082;982.7492000000011;982.7492000000011;982.7492000000011;982.1331000000011;956.4300999999971;982.7492000000011;967.8726999999978;987.8422000000082;
4133.000000000148;990.460800000053;987.8422000000082;968.3127999999979;968.7528999999979;994.2272000000321;987.8422000000082;992.3440000000426;987.8422000000082;982.7492000000011;982.7492000000011;982.7492000000011;982.1331000000011;956.4300999999971;982.7492000000011;967.8726999999978;987.8422000000082;
4134.000000000148;990.460800000053;987.8422000000082;968.3127999999979;968.7528999999979;994.2272000000321;987.8422000000082;992.3440000000426;987.8422000000082;982.7492000000011;982.7492000000011;982.7492000000011;982.1331000000011;956.4300999999971;982.7492000000011;967.8726999999978;987.8422000000082;
4135.000000000148;990.460800000053;987.8422000000082;968.3127999999979;968.7528999999979;994.2272000000321;987.8422000000082;992.3440000000426;987.8422000000082;982.7492000000011;982.7492000000011;982.7492000000011;982.1331000000011;956.4300999999971;982.7492000000011;967.8726999999978;987.8422000000082;
4136.000000000148;990.460800000053;987.8422000000082;968.3127999999979;968.7528999999979;994.2272000000321;987.8422000000082;992.3440000000426;987.8422000000082;982.7492000000011;982.7492000000011;982.7492000000011;982.1331000000011;956.4300999999971;982.7492000000011;967.8726999999978;987.8422000000082;
4137.000000000148;990.460800000053;987.8422000000082;968.3127999999979;968.7528999999979;994.2272000000321;987.8422000000082;992.3440000000426;987.8422000000082;982.7492000000011;982.7492000000011;982.7492000000011;982.1331000000011;956.4300999999971;982.7492000000011;967.8726999999978;987.8422000000082;
4138.000000000148;990.460800000053;987.8422000000082;968.3127999999979;968.7528999999979;994.2272000000321;987.8422000000082;992.3440000000426;987.8422000000082;982.7492000000011;982.7492000000011;982.7492000000011;982.1331000000011;956.4300999999971;982.7492000000011;967.8726999999978;987.8422000000082;
4139.000000000148;990.460800000053;987.8422000000082;968.3127999999979;968.7528999999979;994.2272000000321;987.8422000000082;992.3440000000426;987.8422000000082;982.7492000000011;982.7492000000011;982.7492000000011;982.1331000000011;956.4300999999971;982.7492000000011;967.8726999999978;987.8422000000082;
4139.77149816306;990.460800000053;987.8422000000082;968.3127999999979;968.7528999999979;994.2272000000321;987.8421000000083;992.3440000000426;987.8422000000082;982.7492000000011;982.7492000000011;982.7492000000011;982.1331000000011;956.4300999999971;982.7492000000011;967.8726999999978;987.8422000000082;
4139.77149816306;990.460800000053;987.8422000000082;968.3127999999979;968.7528999999979;994.2272000000321;987.7541000000083;992.3440000000426;987.8422000000082;982.7492000000011;982.7492000000011;982.7492000000011;982.1331000000011;956.4300999999971;982.7492000000011;967.8726999999978;987.8422000000082;
4139.7768141630595;990.4520000000531;987.8422000000082;968.3127999999979;968.7528999999979;994.2272000000321;987.7541000000083;992.3440000000426;987.8422000000082;982.7492000000011;982.7492000000011;982.7492000000011;982.1331000000011;956.4300999999971;982.7492000000011;967.8726999999978;987.8422000000082;
4139.7768141630595;990.4432000000531;987.8422000000082;968.3127999999979;968.7528999999979;994.2272000000321;987.7541000000083;992.3440000000426;987.8422000000082;982.7492000000011;982.7492000000011;982.7492000000011;982.1331000000011;956.4300999999971;982.7492000000011;967.8726999999978;987.8422000000082;
4139.782130163059;990.4432000000531;987.8422000000082;968.3127999999979;968.7528999999979;994.2272000000321;987.7541000000083;992.3352000000426;987.8422000000082;982.7492000000011;982.7492000000011;982.7492000000011;982.1331000000011;956.4300999999971;982.7492000000011;967.8726999999978;987.8422000000082;
4139.803966213412;990.4432000000531;987.8422000000082;968.3126999999979;968.7528999999979;994.2272000000321;987.7541000000083;992.3352000000426;987.8422000000082;982.7492000000011;982.7492000000011;982.7492000000011;982.1331000000011;956.4300999999971;982.7492000000011;967.8726999999978;987.8422000000082;
4139.803966213412;990.4432000000531;987.8422000000082;967.8726999999978;968.7528999999979;994.2272000000321;987.7541000000083;992.3352000000426;987.8422000000082;982.7492000000011;982.7492000000011;982.7492000000011;982.1331000000011;956.4300999999971;982.7492000000011;967.8726999999978;987.8422000000082;
4140.776818939395;990.4168000000533;987.7541000000083;967.8726999999978;968.7528999999979;994.2096000000322;987.7541000000083;992.3264000000427;987.7541000000083;982.7492000000011;982.7492000000011;982.7492000000011;982.1331000000011;955.989999999997;982.7492000000011;967.8726999999978;987.7541000000083;
4141.776823715732;990.4080000000533;987.7541000000083;967.8726999999978;968.7528999999979;994.2096000000322;987.7541000000083;992.3176000000427;987.7541000000083;982.7492000000011;982.7492000000011;982.7492000000011;982.1331000000011;955.989999999997;982.7492000000011;967.8726999999978;987.7541000000083;
4142.0000000001455;990.3992000000534;987.7541000000083;967.8726999999978;968.7528999999979;994.2096000000322;987.7541000000083;992.3088000000428;987.7541000000083;982.7492000000011;982.7492000000011;982.7492000000011;982.1331000000011;955.989999999997;982.7492000000011;967.8726999999978;987.7541000000083;
4142.7768284920685;990.3992000000534;987.7541000000083;967.8726999999978;968.7528999999979;994.2096000000322;987.7541000000083;992.3088000000428;987.7541000000083;982.7492000000011;982.7492000000011;982.7492000000011;982.1331000000011;955.989999999997;982.7492000000011;967.8726999999978;987.7541000000083;
4143.776833268405;990.3904000000534;987.7541000000083;967.8726999999978;968.7528999999979;994.2096000000322;987.7541000000083;992.3000000000428;987.7541000000083;982.7492000000011;982.7492000000011;982.7492000000011;982.1331000000011;955.989999999997;982.7492000000011;967.8726999999978;987.7541000000083;
4144.000000000145;990.3904000000534;987.7541000000083;967.8726999999978;968.7528999999979;994.2096000000322;987.7541000000083;992.3000000000428;987.7541000000083;982.7492000000011;982.7492000000011;982.7492000000011;982.1331000000011;955.989999999997;982.7492000000011;967.8726999999978;987.7541000000083;
4145.000000000145;990.3904000000534;987.7541000000083;967.8726999999978;968.7528999999979;994.2096000000322;987.7541000000083;992.3000000000428;987.7541000000083;982.7492000000011;982.7492000000011;982.7492000000011;982.1331000000011;955.989999999997;982.7492000000011;967.8726999999978;987.7541000000083;
4146.000000000145;990.3904000000534;987.7541000000083;967.8726999999978;968.7528999999979;994.2096000000322;987.7541000000083;992.3000000000428;987.7541000000083;982.7492000000011;982.7492000000011;982.7492000000011;982.1331000000011;955.989999999997;982.7492000000011;967.8726999999978;987.7541000000083;
4147.000000000145;990.3904000000534;987.7541000000083;967.8726999999978;968.7528999999979;994.2096000000322;987.7541000000083;992.3000000000428;987.7541000000083;982.7492000000011;982.7492000000011;982.7492000000011;982.1331000000011;955.989999999997;982.7492000000011;967.8726999999978;987.7541000000083;
4148.000000000145;990.3904000000534;987.7541000000083;967.8726999999978;968.7528999999979;994.2096000000322;987.7541000000083;992.3000000000428;987.7541000000083;982.7492000000011;982.7492000000011;982.7492000000011;982.1331000000011;955.989999999997;982.7492000000011;967.8726999999978;987.7541000000083;
4149.000000000145;990.3904000000534;987.7541000000083;967.8726999999978;968.7528999999979;994.2096000000322;987.7541000000083;992.3000000000428;987.7541000000083;982.7492000000011;982.7492000000011;982.7492000000011;982.1331000000011;955.989999999997;982.7492000000011;967.8726999999978;987.7541000000083;
4150.000000000145;990.3904000000534;987.7541000000083;967.8726999999978;968.7528999999979;994.2096000000322;987.7541000000083;992.3000000000428;987.7541000000083;982.7492000000011;982.7492000000011;982.7492000000011;982.1331000000011;955.989999999997;982.7492000000011;967.8726999999978;987.7541000000083;
4151.000000000145;990.3904000000534;987.7541000000083;967.8726999999978;968.7528999999979;994.2096000000322;987.7541000000083;992.3000000000428;987.7541000000083;982.7492000000011;982.7492000000011;982.7492000000011;982.1331000000011;955.989999999997;982.7492000000011;967.8726999999978;987.7541000000083;
4152.000000000145;990.3904000000534;987.7541000000083;967.8726999999978;968.7528999999979;994.2096000000322;987.7541000000083;992.3000000000428;987.7541000000083;982.7492000000011;982.7492000000011;982.7492000000011;982.1331000000011;955.989999999997;982.7492000000011;967.8726999999978;987.7541000000083;
4153.000000000145;990.3904000000534;987.7541000000083;967.8726999999978;968.7528999999979;994.2096000000322;987.7541000000083;992.3000000000428;987.7541000000083;982.7492000000011;982.7492000000011;982.7492000000011;982.1331000000011;955.989999999997;982.7492000000011;967.8726999999978;987.7541000000083;
4154.000000000145;990.3904000000534;987.7541000000083;967.8726999999978;968.7528999999979;994.2096000000322;987.7541000000083;992.3000000000428;987.7541000000083;982.7492000000011;982.7492000000011;982.7492000000011;982.1331000000011;955.989999999997;982.7492000000011;967.8726999999978;987.7541000000083;
4155.000000000145;990.3904000000534;987.7541000000083;967.8726999999978;968.7528999999979;994.2096000000322;987.7541000000083;992.3000000000428;987.7541000000083;982.7492000000011;982.7492000000011;982.7492000000011;982.1331000000011;955.989999999997;982.7492000000011;967.8726999999978;987.7541000000083;
4156.000000000145;990.3904000000534;987.7541000000083;967.8726999999978;968.7528999999979;994.2096000000322;987.7541000000083;992.3000000000428;987.7541000000083;982.7492000000011;982.7492000000011;982.7492000000011;982.1331000000011;955.989999999997;982.7492000000011;967.8726999999978;987.7541000000083;
4157.000000000145;990.3904000000534;987.7541000000083;967.8726999999978;968.7528999999979;994.2096000000322;987.7541000000083;992.3000000000428;987.7541000000083;982.7492000000011;982.7492000000011;982.7492000000011;982.1331000000011;955.989999999997;982.7492000000011;967.8726999999978;987.7541000000083;
4158.000000000145;990.3904000000534;987.7541000000083;967.8726999999978;968.7528999999979;994.2096000000322;987.7541000000083;992.3000000000428;987.7541000000083;982.7492000000011;982.7492000000011;982.7492000000011;982.1331000000011;955.989999999997;982.7492000000011;967.8726999999978;987.7541000000083;
4159.000000000145;990.3904000000534;987.7541000000083;967.8726999999978;968.7528999999979;994.2096000000322;987.7541000000083;992.3000000000428;987.7541000000083;982.7492000000011;982.7492000000011;982.7492000000011;982.1331000000011;955.989999999997;982.7492000000011;967.8726999999978;987.7541000000083;
4160.000000000145;990.3904000000534;987.7541000000083;967.8726999999978;968.7528999999979;994.2096000000322;987.7541000000083;992.3000000000428;987.7541000000083;982.7492000000011;982.7492000000011;982.7492000000011;982.1331000000011;955.989999999997;982.7492000000011;967.8726999999978;987.7541000000083;
4161.000000000145;990.3904000000534;987.7541000000083;967.8726999999978;968.7528999999979;994.2096000000322;987.7541000000083;992.3000000000428;987.7541000000083;982.7492000000011;982.7492000000011;982.7492000000011;982.1331000000011;955.989999999997;982.7492000000011;967.8726999999978;987.7541000000083;
4162.000000000145;990.3904000000534;987.7541000000083;967.8726999999978;968.7528999999979;994.2096000000322;987.7541000000083;992.3000000000428;987.7541000000083;982.7492000000011;982.7492000000011;982.7492000000011;982.1331000000011;955.989999999997;982.7492000000011;967.8726999999978;987.7541000000083;
4163.000000000145;990.3904000000534;987.7541000000083;967.8726999999978;968.7528999999979;994.2096000000322;987.7541000000083;992.3000000000428;987.7541000000083;982.7492000000011;982.7492000000011;982.7492000000011;982.1331000000011;955.989999999997;982.7492000000011;967.8726999999978;987.7541000000083;
4164.000000000145;990.3904000000534;987.7541000000083;967.8726999999978;968.7528999999979;994.2096000000322;987.7541000000083;992.3000000000428;987.7541000000083;982.7492000000011;982.7492000000011;982.7492000000011;982.1331000000011;955.989999999997;982.7492000000011;967.8726999999978;987.7541000000083;
4165.000000000145;990.3904000000534;987.7541000000083;967.8726999999978;968.7528999999979;994.2096000000322;987.7541000000083;992.3000000000428;987.7541000000083;982.7492000000011;982.7492000000011;982.7492000000011;982.1331000000011;955.989999999997;982.7492000000011;967.8726999999978;987.7541000000083;
4166.000000000145;990.3904000000534;987.7541000000083;967.8726999999978;968.7528999999979;994.2096000000322;987.7541000000083;992.3000000000428;987.7541000000083;982.7492000000011;982.7492000000011;982.7492000000011;982.1331000000011;955.989999999997;982.7492000000011;967.8726999999978;987.7541000000083;
4167.000000000145;990.3904000000534;987.7541000000083;967.8726999999978;968.7528999999979;994.2096000000322;987.7541000000083;992.3000000000428;987.7541000000083;982.7492000000011;982.7492000000011;982.7492000000011;982.1331000000011;955.989999999997;982.7492000000011;967.8726999999978;987.7541000000083;
4168.000000000145;990.3904000000534;987.7541000000083;967.8726999999978;968.7528999999979;994.2096000000322;987.7541000000083;992.3000000000428;987.7541000000083;982.7492000000011;982.7492000000011;982.7492000000011;982.1331000000011;955.989999999997;982.7492000000011;967.8726999999978;987.7541000000083;
4169.000000000145;990.3904000000534;987.7541000000083;967.8726999999978;968.7528999999979;994.2096000000322;987.7541000000083;992.3000000000428;987.7541000000083;982.7492000000011;982.7492000000011;982.7492000000011;982.1331000000011;955.989999999997;982.7492000000011;967.8726999999978;987.7541000000083;
4169.77147090079;990.3904000000534;987.7541000000083;967.8726999999978;968.7528999999979;994.2096000000322;987.7540000000083;992.3000000000428;987.7541000000083;982.7492000000011;982.7492000000011;982.7492000000011;982.1331000000011;955.989999999997;982.7492000000011;967.8726999999978;987.7541000000083;
4169.77147090079;990.3904000000534;987.7541000000083;967.8726999999978;968.7528999999979;994.2096000000322;987.6660000000084;992.3000000000428;987.7541000000083;982.7492000000011;982.7492000000011;982.7492000000011;982.1331000000011;955.989999999997;982.7492000000011;967.8726999999978;987.7541000000083;
4169.776786900789;990.3816000000535;987.7541000000083;967.8726999999978;968.7528999999979;994.2096000000322;987.6660000000084;992.3000000000428;987.7541000000083;982.7492000000011;982.7492000000011;982.7492000000011;982.1331000000011;955.989999999997;982.7492000000011;967.8726999999978;987.7541000000083;
4169.776786900789;990.3728000000535;987.7541000000083;967.8726999999978;968.7528999999979;994.2096000000322;987.6660000000084;992.3000000000428;987.7541000000083;982.7492000000011;982.7492000000011;982.7492000000011;982.1331000000011;955.989999999997;982.7492000000011;967.8726999999978;987.7541000000083;
4169.782102900789;990.3728000000535;987.7541000000083;967.8726999999978;968.7528999999979;994.2096000000322;987.6660000000084;992.2912000000429;987.7541000000083;982.7492000000011;982.7492000000011;982.7492000000011;982.1331000000011;955.989999999997;982.7492000000011;967.8726999999978;987.7541000000083;
4169.914030240387;990.3728000000535;987.7541000000083;967.8726999999978;968.7528999999979;994.2096000000322;987.6660000000084;992.2912000000429;987.7541000000083;982.7492000000011;982.7492000000011;982.7492000000011;982.1331000000011;955.9898999999971;982.7492000000011;967.8726999999978;987.7541000000083;
4169.914030240387;990.3728000000535;987.7541000000083;967.8726999999978;968.7528999999979;994.2096000000322;987.6660000000084;992.2912000000429;987.7541000000083;982.7492000000011;982.7492000000011;982.7492000000011;982.1331000000011;955.549899999997;982.7492000000011;967.8726999999978;987.7541000000083;
4169.919346240386;990.3728000000535;987.7541000000083;967.8726999999978;968.7528999999979;994.2008000000322;987.6660000000084;992.2912000000429;987.7541000000083;982.7492000000011;982.7492000000011;982.7492000000011;982.1331000000011;955.549899999997;982.7492000000011;967.8726999999978;987.7541000000083;
4169.919346240386;990.3728000000535;987.7541000000083;967.8726999999978;968.7528999999979;994.1920000000323;987.6660000000084;992.2912000000429;987.7541000000083;982.7492000000011;982.7492000000011;982.7492000000011;982.1331000000011;955.549899999997;982.7492000000011;967.8726999999978;987.7541000000083;
4169.924662240386;990.3728000000535;987.7541000000083;967.8726999999978;968.7528999999979;994.1920000000323;987.6660000000084;992.2824000000429;987.7541000000083;982.7492000000011;982.7492000000011;982.7492000000011;982.1331000000011;955.549899999997;982.7492000000011;967.8726999999978;987.7541000000083;
4169.930830651489;990.3728000000535;987.7541000000083;967.8726999999978;968.7527999999979;994.1920000000323;987.6660000000084;992.2824000000429;987.7541000000083;982.7492000000011;982.7492000000011;982.7492000000011;982.1331000000011;955.549899999997;982.7492000000011;967.8726999999978;987.7541000000083;
4169.930830651489;990.3728000000535;987.7541000000083;967.8726999999978;968.3127999999979;994.1920000000323;987.6660000000084;992.2824000000429;987.7541000000083;982.7492000000011;982.7492000000011;982.7492000000011;982.1331000000011;955.549899999997;982.7492000000011;967.8726999999978;987.7541000000083;
4170.7767916771245;990.3552000000536;987.6660000000084;967.8726999999978;968.3127999999979;994.1744000000324;987.6660000000084;992.2824000000429;987.6660000000084;982.7492000000011;982.7492000000011;982.7492000000011;982.1331000000011;955.549899999997;982.7492000000011;967.4325999999978;987.6660000000084;
4171.7767964534605;990.3464000000537;987.6660000000084;967.8726999999978;968.3127999999979;994.1656000000324;987.6660000000084;992.264800000043;987.6660000000084;982.7492000000011;982.7492000000011;982.7492000000011;982.1331000000011;955.549899999997;982.7492000000011;967.4325999999978;987.6660000000084;
4172.00000000014;990.3376000000537;987.6660000000084;967.8726999999978;968.3127999999979;994.1568000000325;987.6660000000084;992.2472000000431;987.6660000000084;982.7492000000011;982.7492000000011;982.7492000000011;982.1331000000011;955.549899999997;982.7492000000011;967.4325999999978;987.6660000000084;
4172.7768012297975;990.3376000000537;987.6660000000084;967.8726999999978;968.3127999999979;994.1568000000325;987.6660000000084;992.2472000000431;987.6660000000084;982.7492000000011;982.7492000000011;982.7492000000011;982.1331000000011;955.549899999997;982.7492000000011;967.4325999999978;987.6660000000084;
4174.000000000141;990.3376000000537;987.6660000000084;967.8726999999978;968.3127999999979;994.1568000000325;987.6660000000084;992.2472000000431;987.6660000000084;982.7492000000011;982.7492000000011;982.7492000000011;982.1331000000011;955.549899999997;982.7492000000011;967.4325999999978;987.6660000000084;
4175.000000000141;990.3376000000537;987.6660000000084;967.8726999999978;968.3127999999979;994.1568000000325;987.6660000000084;992.2472000000431;987.6660000000084;982.7492000000011;982.7492000000011;982.7492000000011;982.1331000000011;955.549899999997;982.7492000000011;967.4325999999978;987.6660000000084;
4176.000000000141;990.3376000000537;987.6660000000084;967.8726999999978;968.3127999999979;994.1568000000325;987.6660000000084;992.2472000000431;987.6660000000084;982.7492000000011;982.7492000000011;982.7492000000011;982.1331000000011;955.549899999997;982.7492000000011;967.4325999999978;987.6660000000084;
4177.000000000141;990.3376000000537;987.6660000000084;967.8726999999978;968.3127999999979;994.1568000000325;987.6660000000084;992.2472000000431;987.6660000000084;982.7492000000011;982.7492000000011;982.7492000000011;982.1331000000011;955.549899999997;982.7492000000011;967.4325999999978;987.6660000000084;
4178.000000000141;990.3376000000537;987.6660000000084;967.8726999999978;968.3127999999979;994.1568000000325;987.6660000000084;992.2472000000431;987.6660000000084;982.7492000000011;982.7492000000011;982.7492000000011;982.1331000000011;955.549899999997;982.7492000000011;967.4325999999978;987.6660000000084;
4179.000000000141;990.3376000000537;987.6660000000084;967.8726999999978;968.3127999999979;994.1568000000325;987.6660000000084;992.2472000000431;987.6660000000084;982.7492000000011;982.7492000000011;982.7492000000011;982.1331000000011;955.549899999997;982.7492000000011;967.4325999999978;987.6660000000084;
4180.000000000141;990.3376000000537;987.6660000000084;967.8726999999978;968.3127999999979;994.1568000000325;987.6660000000084;992.2472000000431;987.6660000000084;982.7492000000011;982.7492000000011;982.7492000000011;982.1331000000011;955.549899999997;982.7492000000011;967.4325999999978;987.6660000000084;
4181.000000000141;990.3376000000537;987.6660000000084;967.8726999999978;968.3127999999979;994.1568000000325;987.6660000000084;992.2472000000431;987.6660000000084;982.7492000000011;982.7492000000011;982.7492000000011;982.1331000000011;955.549899999997;982.7492000000011;967.4325999999978;987.6660000000084;
4182.000000000141;990.3376000000537;987.6660000000084;967.8726999999978;968.3127999999979;994.1568000000325;987.6660000000084;992.2472000000431;987.6660000000084;982.7492000000011;982.7492000000011;982.7492000000011;982.1331000000011;955.549899999997;982.7492000000011;967.4325999999978;987.6660000000084;
4183.000000000141;990.3376000000537;987.6660000000084;967.8726999999978;968.3127999999979;994.1568000000325;987.6660000000084;992.2472000000431;987.6660000000084;982.7492000000011;982.7492000000011;982.7492000000011;982.1331000000011;955.549899999997;982.7492000000011;967.4325999999978;987.6660000000084;
4184.000000000141;990.3376000000537;987.6660000000084;967.8726999999978;968.3127999999979;994.1568000000325;987.6660000000084;992.2472000000431;987.6660000000084;982.7492000000011;982.7492000000011;982.7492000000011;982.1331000000011;955.549899999997;982.7492000000011;967.4325999999978;987.6660000000084;
4185.000000000141;990.3376000000537;987.6660000000084;967.8726999999978;968.3127999999979;994.1568000000325;987.6660000000084;992.2472000000431;987.6660000000084;982.7492000000011;982.7492000000011;982.7492000000011;982.1331000000011;955.549899999997;982.7492000000011;967.4325999999978;987.6660000000084;
4186.000000000141;990.3376000000537;987.6660000000084;967.8726999999978;968.3127999999979;994.1568000000325;987.6660000000084;992.2472000000431;987.6660000000084;982.7492000000011;982.7492000000011;982.7492000000011;982.1331000000011;955.549899999997;982.7492000000011;967.4325999999978;987.6660000000084;
4187.000000000141;990.3376000000537;987.6660000000084;967.8726999999978;968.3127999999979;994.1568000000325;987.6660000000084;992.2472000000431;987.6660000000084;982.7492000000011;982.7492000000011;982.7492000000011;982.1331000000011;955.549899999997;982.7492000000011;967.4325999999978;987.6660000000084;
4188.000000000141;990.3376000000537;987.6660000000084;967.8726999999978;968.3127999999979;994.1568000000325;987.6660000000084;992.2472000000431;987.6660000000084;982.7492000000011;982.7492000000011;982.7492000000011;982.1331000000011;955.549899999997;982.7492000000011;967.4325999999978;987.6660000000084;
4189.000000000141;990.3376000000537;987.6660000000084;967.8726999999978;968.3127999999979;994.1568000000325;987.6660000000084;992.2472000000431;987.6660000000084;982.7492000000011;982.7492000000011;982.7492000000011;982.1331000000011;955.549899999997;982.7492000000011;967.4325999999978;987.6660000000084;
4190.000000000141;990.3376000000537;987.6660000000084;967.8726999999978;968.3127999999979;994.1568000000325;987.6660000000084;992.2472000000431;987.6660000000084;982.7492000000011;982.7492000000011;982.7492000000011;982.1331000000011;955.549899999997;982.7492000000011;967.4325999999978;987.6660000000084;
4191.000000000141;990.3376000000537;987.6660000000084;967.8726999999978;968.3127999999979;994.1568000000325;987.6660000000084;992.2472000000431;987.6660000000084;982.7492000000011;982.7492000000011;982.7492000000011;982.1331000000011;955.549899999997;982.7492000000011;967.4325999999978;987.6660000000084;
4192.000000000141;990.3376000000537;987.6660000000084;967.8726999999978;968.3127999999979;994.1568000000325;987.6660000000084;992.2472000000431;987.6660000000084;982.7492000000011;982.7492000000011;982.7492000000011;982.1331000000011;955.549899999997;982.7492000000011;967.4325999999978;987.6660000000084;
4193.000000000141;990.3376000000537;987.6660000000084;967.8726999999978;968.3127999999979;994.1568000000325;987.6660000000084;992.2472000000431;987.6660000000084;982.7492000000011;982.7492000000011;982.7492000000011;982.1331000000011;955.549899999997;982.7492000000011;967.4325999999978;987.6660000000084;
4194.000000000141;990.3376000000537;987.6660000000084;967.8726999999978;968.3127999999979;994.1568000000325;987.6660000000084;992.2472000000431;987.6660000000084;982.7492000000011;982.7492000000011;982.7492000000011;982.1331000000011;955.549899999997;982.7492000000011;967.4325999999978;987.6660000000084;
4195.000000000141;990.3376000000537;987.6660000000084;967.8726999999978;968.3127999999979;994.1568000000325;987.6660000000084;992.2472000000431;987.6660000000084;982.7492000000011;982.7492000000011;982.7492000000011;982.1331000000011;955.549899999997;982.7492000000011;967.4325999999978;987.6660000000084;
4196.000000000141;990.3376000000537;987.6660000000084;967.8726999999978;968.3127999999979;994.1568000000325;987.6660000000084;992.2472000000431;987.6660000000084;982.7492000000011;982.7492000000011;982.7492000000011;982.1331000000011;955.549899999997;982.7492000000011;967.4325999999978;987.6660000000084;
4197.000000000141;990.3376000000537;987.6660000000084;967.8726999999978;968.3127999999979;994.1568000000325;987.6660000000084;992.2472000000431;987.6660000000084;982.7492000000011;982.7492000000011;982.7492000000011;982.1331000000011;955.549899999997;982.7492000000011;967.4325999999978;987.6660000000084;
4198.000000000141;990.3376000000537;987.6660000000084;967.8726999999978;968.3127999999979;994.1568000000325;987.6660000000084;992.2472000000431;987.6660000000084;982.7492000000011;982.7492000000011;982.7492000000011;982.1331000000011;955.549899999997;982.7492000000011;967.4325999999978;987.6660000000084;
4199.000000000141;990.3376000000537;987.6660000000084;967.8726999999978;968.3127999999979;994.1568000000325;987.6660000000084;992.2472000000431;987.6660000000084;982.7492000000011;982.7492000000011;982.7492000000011;982.1331000000011;955.549899999997;982.7492000000011;967.4325999999978;987.6660000000084;
4199.7714436385195;990.3376000000537;987.6660000000084;967.8726999999978;968.3127999999979;994.1568000000325;987.6659000000084;992.2472000000431;987.6660000000084;982.7492000000011;982.7492000000011;982.7492000000011;982.1331000000011;955.549899999997;982.7492000000011;967.4325999999978;987.6660000000084;
4199.7714436385195;990.3376000000537;987.6660000000084;967.8726999999978;968.3127999999979;994.1568000000325;987.5779000000084;992.2472000000431;987.6660000000084;982.7492000000011;982.7492000000011;982.7492000000011;982.1331000000011;955.549899999997;982.7492000000011;967.4325999999978;987.6660000000084;
4199.776759638519;990.3288000000538;987.6660000000084;967.8726999999978;968.3127999999979;994.1568000000325;987.5779000000084;992.2472000000431;987.6660000000084;982.7492000000011;982.7492000000011;982.7492000000011;982.1331000000011;955.549899999997;982.7492000000011;967.4325999999978;987.6660000000084;
4199.776759638519;990.3200000000538;987.6660000000084;967.8726999999978;968.3127999999979;994.1568000000325;987.5779000000084;992.2472000000431;987.6660000000084;982.7492000000011;982.7492000000011;982.7492000000011;982.1331000000011;955.549899999997;982.7492000000011;967.4325999999978;987.6660000000084;
4199.782075638519;990.3200000000538;987.6660000000084;967.8726999999978;968.3127999999979;994.1568000000325;987.5779000000084;992.2384000000432;987.6660000000084;982.7492000000011;982.7492000000011;982.7492000000011;982.1331000000011;955.549899999997;982.7492000000011;967.4325999999978;987.6660000000084;
4199.80397364755;990.3200000000538;987.6660000000084;967.8725999999979;968.3127999999979;994.1568000000325;987.5779000000084;992.2384000000432;987.6660000000084;982.7492000000011;982.7492000000011;982.7492000000011;982.1331000000011;955.549899999997;982.7492000000011;967.4325999999978;987.6660000000084;
4199.80397364755;990.3200000000538;987.6660000000084;967.4325999999978;968.3127999999979;994.1568000000325;987.5779000000084;992.2384000000432;987.6660000000084;982.7492000000011;982.7492000000011;982.7492000000011;982.1331000000011;955.549899999997;982.7492000000011;967.4325999999978;987.6660000000084;
4199.80928964755;990.3112000000539;987.6660000000084;967.4325999999978;968.3127999999979;994.1568000000325;987.5779000000084;992.2384000000432;987.6660000000084;982.7492000000011;982.7492000000011;982.7492000000011;982.1331000000011;955.549899999997;982.7492000000011;967.4325999999978;987.6660000000084;
4199.901983119692;990.3112000000539;987.6660000000084;967.4325999999978;968.3127999999979;994.1568000000325;987.5779000000084;992.2384000000432;987.6660000000084;982.7491000000011;982.7492000000011;982.7492000000011;982.1331000000011;955.549899999997;982.7492000000011;967.4325999999978;987.6660000000084;
4199.901983119692;990.3112000000539;987.6660000000084;967.4325999999978;968.3127999999979;994.1568000000325;987.5779000000084;992.2384000000432;987.6660000000084;982.1331000000011;982.7492000000011;982.7492000000011;982.1331000000011;955.549899999997;982.7492000000011;967.4325999999978;987.6660000000084;
4199.907299119692;990.3024000000539;987.6660000000084;967.4325999999978;968.3127999999979;994.1568000000325;987.5779000000084;992.2384000000432;987.6660000000084;982.1331000000011;982.7492000000011;982.7492000000011;982.1331000000011;955.549899999997;982.7492000000011;967.4325999999978;987.6660000000084;
4199.912302630253;990.3024000000539;987.6660000000084;967.4325999999978;968.3127999999979;994.1568000000325;987.5779000000084;992.2384000000432;987.6660000000084;982.1331000000011;982.7492000000011;982.7492000000011;982.1331000000011;955.549799999997;982.7492000000011;967.4325999999978;987.6660000000084;
4200.000000000139;990.284800000054;987.6660000000084;967.4325999999978;968.3127999999979;994.1304000000326;987.5779000000084;992.2296000000432;987.5779000000084;982.1331000000011;982.1331000000011;982.7492000000011;982.1331000000011;955.109799999997;982.1331000000011;967.4325999999978;987.6660000000084;
4200.776764414855;990.2760000000541;987.5779000000084;967.4325999999978;968.3127999999979;994.1216000000327;987.5779000000084;992.2296000000432;987.5779000000084;982.1331000000011;982.1331000000011;982.1331000000011;982.1331000000011;955.109799999997;982.1331000000011;967.4325999999978;987.5779000000084;
4201.776769191191;990.2672000000541;987.5779000000084;967.4325999999978;968.3127999999979;994.1128000000327;987.5779000000084;992.2120000000433;987.5779000000084;982.1331000000011;982.1331000000011;982.1331000000011;982.1331000000011;955.109799999997;982.1331000000011;967.4325999999978;987.5779000000084;
4202.776773967528;990.2584000000542;987.5779000000084;967.4325999999978;968.3127999999979;994.1040000000328;987.5779000000084;992.1944000000434;987.5779000000084;982.1331000000011;982.1331000000011;982.1331000000011;982.1331000000011;955.109799999997;982.1331000000011;967.4325999999978;987.5779000000084;
4202.917588189185;990.2496000000542;987.5779000000084;967.4325999999978;968.3127999999979;994.1040000000328;987.5779000000084;992.1856000000435;987.5779000000084;982.1331000000011;982.1331000000011;982.1331000000011;982.1331000000011;955.109799999997;982.1331000000011;967.4325999999978;987.5779000000084;
4203.776778743865;990.2496000000542;987.5779000000084;967.4325999999978;968.3127999999979;994.1040000000328;987.5779000000084;992.1856000000435;987.5779000000084;982.1331000000011;982.1331000000011;982.1331000000011;982.1331000000011;955.109799999997;982.1331000000011;967.4325999999978;987.5779000000084;
4204.776783520202;990.2408000000543;987.5779000000084;967.4325999999978;968.3127999999979;994.1040000000328;987.5779000000084;992.1768000000435;987.5779000000084;982.1331000000011;982.1331000000011;982.1331000000011;982.1331000000011;955.109799999997;982.1331000000011;967.4325999999978;987.5779000000084;
4205.000000000136;990.2320000000543;987.5779000000084;967.4325999999978;968.3127999999979;994.1040000000328;987.5779000000084;992.1680000000435;987.5779000000084;982.1331000000011;982.1331000000011;982.1331000000011;982.1331000000011;955.109799999997;982.1331000000011;967.4325999999978;987.5779000000084;
4205.776788296539;990.2320000000543;987.5779000000084;967.4325999999978;968.3127999999979;994.1040000000328;987.5779000000084;992.1680000000435;987.5779000000084;982.1331000000011;982.1331000000011;982.1331000000011;982.1331000000011;955.109799999997;982.1331000000011;967.4325999999978;987.5779000000084;
4207.000000000136;990.2320000000543;987.5779000000084;967.4325999999978;968.3127999999979;994.1040000000328;987.5779000000084;992.1680000000435;987.5779000000084;982.1331000000011;982.1331000000011;982.1331000000011;982.1331000000011;955.109799999997;982.1331000000011;967.4325999999978;987.5779000000084;
4208.000000000136;990.2320000000543;987.5779000000084;967.4325999999978;968.3127999999979;994.1040000000328;987.5779000000084;992.1680000000435;987.5779000000084;982.1331000000011;982.1331000000011;982.1331000000011;982.1331000000011;955.109799999997;982.1331000000011;967.4325999999978;987.5779000000084;
4209.000000000136;990.2320000000543;987.5779000000084;967.4325999999978;968.3127999999979;994.1040000000328;987.5779000000084;992.1680000000435;987.5779000000084;982.1331000000011;982.1331000000011;982.1331000000011;982.1331000000011;955.109799999997;982.1331000000011;967.4325999999978;987.5779000000084;
4210.000000000136;990.2320000000543;987.5779000000084;967.4325999999978;968.3127999999979;994.1040000000328;987.5779000000084;992.1680000000435;987.5779000000084;982.1331000000011;982.1331000000011;982.1331000000011;982.1331000000011;955.109799999997;982.1331000000011;967.4325999999978;987.5779000000084;
4211.000000000136;990.2320000000543;987.5779000000084;967.4325999999978;968.3127999999979;994.1040000000328;987.5779000000084;992.1680000000435;987.5779000000084;982.1331000000011;982.1331000000011;982.1331000000011;982.1331000000011;955.109799999997;982.1331000000011;967.4325999999978;987.5779000000084;
4212.000000000136;990.2320000000543;987.5779000000084;967.4325999999978;968.3127999999979;994.1040000000328;987.5779000000084;992.1680000000435;987.5779000000084;982.1331000000011;982.1331000000011;982.1331000000011;982.1331000000011;955.109799999997;982.1331000000011;967.4325999999978;987.5779000000084;
4213.000000000136;990.2320000000543;987.5779000000084;967.4325999999978;968.3127999999979;994.1040000000328;987.5779000000084;992.1680000000435;987.5779000000084;982.1331000000011;982.1331000000011;982.1331000000011;982.1331000000011;955.109799999997;982.1331000000011;967.4325999999978;987.5779000000084;
4214.000000000136;990.2320000000543;987.5779000000084;967.4325999999978;968.3127999999979;994.1040000000328;987.5779000000084;992.1680000000435;987.5779000000084;982.1331000000011;982.1331000000011;982.1331000000011;982.1331000000011;955.109799999997;982.1331000000011;967.4325999999978;987.5779000000084;
4215.000000000136;990.2320000000543;987.5779000000084;967.4325999999978;968.3127999999979;994.1040000000328;987.5779000000084;992.1680000000435;987.5779000000084;982.1331000000011;982.1331000000011;982.1331000000011;982.1331000000011;955.109799999997;982.1331000000011;967.4325999999978;987.5779000000084;
4216.000000000136;990.2320000000543;987.5779000000084;967.4325999999978;968.3127999999979;994.1040000000328;987.5779000000084;992.1680000000435;987.5779000000084;982.1331000000011;982.1331000000011;982.1331000000011;982.1331000000011;955.109799999997;982.1331000000011;967.4325999999978;987.5779000000084;
4217.000000000136;990.2320000000543;987.5779000000084;967.4325999999978;968.3127999999979;994.1040000000328;987.5779000000084;992.1680000000435;987.5779000000084;982.1331000000011;982.1331000000011;982.1331000000011;982.1331000000011;955.109799999997;982.1331000000011;967.4325999999978;987.5779000000084;
4218.000000000136;990.2320000000543;987.5779000000084;967.4325999999978;968.3127999999979;994.1040000000328;987.5779000000084;992.1680000000435;987.5779000000084;982.1331000000011;982.1331000000011;982.1331000000011;982.1331000000011;955.109799999997;982.1331000000011;967.4325999999978;987.5779000000084;
4219.000000000136;990.2320000000543;987.5779000000084;967.4325999999978;968.3127999999979;994.1040000000328;987.5779000000084;992.1680000000435;987.5779000000084;982.1331000000011;982.1331000000011;982.1331000000011;982.1331000000011;955.109799999997;982.1331000000011;967.4325999999978;987.5779000000084;
4220.000000000136;990.2320000000543;987.5779000000084;967.4325999999978;968.3127999999979;994.1040000000328;987.5779000000084;992.1680000000435;987.5779000000084;982.1331000000011;982.1331000000011;982.1331000000011;982.1331000000011;955.109799999997;982.1331000000011;967.4325999999978;987.5779000000084;
4221.000000000136;990.2320000000543;987.5779000000084;967.4325999999978;968.3127999999979;994.1040000000328;987.5779000000084;992.1680000000435;987.5779000000084;982.1331000000011;982.1331000000011;982.1331000000011;982.1331000000011;955.109799999997;982.1331000000011;967.4325999999978;987.5779000000084;
4222.000000000136;990.2320000000543;987.5779000000084;967.4325999999978;968.3127999999979;994.1040000000328;987.5779000000084;992.1680000000435;987.5779000000084;982.1331000000011;982.1331000000011;982.1331000000011;982.1331000000011;955.109799999997;982.1331000000011;967.4325999999978;987.5779000000084;
4223.000000000136;990.2320000000543;987.5779000000084;967.4325999999978;968.3127999999979;994.1040000000328;987.5779000000084;992.1680000000435;987.5779000000084;982.1331000000011;982.1331000000011;982.1331000000011;982.1331000000011;955.109799999997;982.1331000000011;967.4325999999978;987.5779000000084;
4224.000000000136;990.2320000000543;987.5779000000084;967.4325999999978;968.3127999999979;994.1040000000328;987.5779000000084;992.1680000000435;987.5779000000084;982.1331000000011;982.1331000000011;982.1331000000011;982.1331000000011;955.109799999997;982.1331000000011;967.4325999999978;987.5779000000084;
4225.000000000136;990.2320000000543;987.5779000000084;967.4325999999978;968.3127999999979;994.1040000000328;987.5779000000084;992.1680000000435;987.5779000000084;982.1331000000011;982.1331000000011;982.1331000000011;982.1331000000011;955.109799999997;982.1331000000011;967.4325999999978;987.5779000000084;
4226.000000000136;990.2320000000543;987.5779000000084;967.4325999999978;968.3127999999979;994.1040000000328;987.5779000000084;992.1680000000435;987.5779000000084;982.1331000000011;982.1331000000011;982.1331000000011;982.1331000000011;955.109799999997;982.1331000000011;967.4325999999978;987.5779000000084;
4227.000000000136;990.2320000000543;987.5779000000084;967.4325999999978;968.3127999999979;994.1040000000328;987.5779000000084;992.1680000000435;987.5779000000084;982.1331000000011;982.1331000000011;982.1331000000011;982.1331000000011;955.109799999997;982.1331000000011;967.4325999999978;987.5779000000084;
4228.000000000136;990.2320000000543;987.5779000000084;967.4325999999978;968.3127999999979;994.1040000000328;987.5779000000084;992.1680000000435;987.5779000000084;982.1331000000011;982.1331000000011;982.1331000000011;982.1331000000011;955.109799999997;982.1331000000011;967.4325999999978;987.5779000000084;
4229.000000000136;990.2320000000543;987.5779000000084;967.4325999999978;968.3127999999979;994.1040000000328;987.5779000000084;992.1680000000435;987.5779000000084;982.1331000000011;982.1331000000011;982.1331000000011;982.1331000000011;955.109799999997;982.1331000000011;967.4325999999978;987.5779000000084;
4229.771416376248;990.2320000000543;987.5779000000084;967.4325999999978;968.3127999999979;994.1040000000328;987.5778000000084;992.1680000000435;987.5779000000084;982.1331000000011;982.1331000000011;982.1331000000011;982.1331000000011;955.109799999997;982.1331000000011;967.4325999999978;987.5779000000084;
4229.771416376248;990.2320000000543;987.5779000000084;967.4325999999978;968.3127999999979;994.1040000000328;987.4898000000085;992.1680000000435;987.5779000000084;982.1331000000011;982.1331000000011;982.1331000000011;982.1331000000011;955.109799999997;982.1331000000011;967.4325999999978;987.5779000000084;
4229.776732376248;990.2232000000544;987.5779000000084;967.4325999999978;968.3127999999979;994.1040000000328;987.4898000000085;992.1680000000435;987.5779000000084;982.1331000000011;982.1331000000011;982.1331000000011;982.1331000000011;955.109799999997;982.1331000000011;967.4325999999978;987.5779000000084;
4229.776732376248;990.2144000000544;987.5779000000084;967.4325999999978;968.3127999999979;994.1040000000328;987.4898000000085;992.1680000000435;987.5779000000084;982.1331000000011;982.1331000000011;982.1331000000011;982.1331000000011;955.109799999997;982.1331000000011;967.4325999999978;987.5779000000084;
4229.782048376248;990.2144000000544;987.5779000000084;967.4325999999978;968.3127999999979;994.1040000000328;987.4898000000085;992.1592000000436;987.5779000000084;982.1331000000011;982.1331000000011;982.1331000000011;982.1331000000011;955.109799999997;982.1331000000011;967.4325999999978;987.5779000000084;
4229.910575020121;990.2144000000544;987.5779000000084;967.4325999999978;968.3127999999979;994.1040000000328;987.4898000000085;992.1592000000436;987.5779000000084;982.1331000000011;982.1331000000011;982.1331000000011;982.1331000000011;955.109699999997;982.1331000000011;967.4325999999978;987.5779000000084;
4229.910575020121;990.2144000000544;987.5779000000084;967.4325999999978;968.3127999999979;994.1040000000328;987.4898000000085;992.1592000000436;987.5779000000084;982.1331000000011;982.1331000000011;982.1331000000011;982.1331000000011;954.669699999997;982.1331000000011;967.4325999999978;987.5779000000084;
4229.91589102012;990.2144000000544;987.5779000000084;967.4325999999978;968.3127999999979;994.0952000000328;987.4898000000085;992.1592000000436;987.5779000000084;982.1331000000011;982.1331000000011;982.1331000000011;982.1331000000011;954.669699999997;982.1331000000011;967.4325999999978;987.5779000000084;
4229.91589102012;990.2144000000544;987.5779000000084;967.4325999999978;968.3127999999979;994.0864000000329;987.4898000000085;992.1592000000436;987.5779000000084;982.1331000000011;982.1331000000011;982.1331000000011;982.1331000000011;954.669699999997;982.1331000000011;967.4325999999978;987.5779000000084;
4229.92120702012;990.2144000000544;987.5779000000084;967.4325999999978;968.3127999999979;994.0864000000329;987.4898000000085;992.1504000000436;987.5779000000084;982.1331000000011;982.1331000000011;982.1331000000011;982.1331000000011;954.669699999997;982.1331000000011;967.4325999999978;987.5779000000084;
4229.931433149747;990.2144000000544;987.5779000000084;967.4325999999978;968.3126999999979;994.0864000000329;987.4898000000085;992.1504000000436;987.5779000000084;982.1331000000011;982.1331000000011;982.1331000000011;982.1331000000011;954.669699999997;982.1331000000011;967.4325999999978;987.5779000000084;
4230.213625836463;990.1968000000545;987.4898000000085;967.4325999999978;967.8726999999978;994.0776000000329;987.4898000000085;992.1504000000436;987.4898000000085;982.1331000000011;982.1331000000011;982.1331000000011;982.1331000000011;954.669699999997;982.1331000000011;967.4324999999978;987.4898000000085;
4230.915880873097;990.1880000000546;987.4898000000085;967.4325999999978;967.8726999999978;994.068800000033;987.4898000000085;992.1416000000437;987.4898000000085;982.1331000000011;982.1331000000011;982.1331000000011;982.1331000000011;954.669699999997;982.1331000000011;966.9924999999978;987.4898000000085;
4231.776741928921;990.1880000000546;987.4898000000085;967.4325999999978;967.8726999999978;994.060000000033;987.4898000000085;992.1328000000437;987.4898000000085;982.1331000000011;982.1331000000011;982.1331000000011;982.1331000000011;954.669699999997;982.1331000000011;966.9924999999978;987.4898000000085;
4232.776746705258;990.1792000000546;987.4898000000085;967.4325999999978;967.8726999999978;994.0512000000331;987.4898000000085;992.1152000000438;987.4898000000085;982.1331000000011;982.1331000000011;982.1331000000011;982.1331000000011;954.669699999997;982.1331000000011;966.9924999999978;987.4898000000085;
4232.915860579053;990.1792000000546;987.4898000000085;967.4325999999978;967.8726999999978;994.0512000000331;987.4898000000085;992.1152000000438;987.4898000000085;982.1331000000011;982.1331000000011;982.1331000000011;982.1331000000011;954.669699999997;982.1331000000011;966.9924999999978;987.4898000000085;
4234.000000000134;990.1792000000546;987.4898000000085;967.4325999999978;967.8726999999978;994.0512000000331;987.4898000000085;992.1152000000438;987.4898000000085;982.1331000000011;982.1331000000011;982.1331000000011;982.1331000000011;954.669699999997;982.1331000000011;966.9924999999978;987.4898000000085;
4235.000000000134;990.1792000000546;987.4898000000085;967.4325999999978;967.8726999999978;994.0512000000331;987.4898000000085;992.1152000000438;987.4898000000085;982.1331000000011;982.1331000000011;982.1331000000011;982.1331000000011;954.669699999997;982.1331000000011;966.9924999999978;987.4898000000085;
4236.000000000134;990.1792000000546;987.4898000000085;967.4325999999978;967.8726999999978;994.0512000000331;987.4898000000085;992.1152000000438;987.4898000000085;982.1331000000011;982.1331000000011;982.1331000000011;982.1331000000011;954.669699999997;982.1331000000011;966.9924999999978;987.4898000000085;
4237.000000000134;990.1792000000546;987.4898000000085;967.4325999999978;967.8726999999978;994.0512000000331;987.4898000000085;992.1152000000438;987.4898000000085;982.1331000000011;982.1331000000011;982.1331000000011;982.1331000000011;954.669699999997;982.1331000000011;966.9924999999978;987.4898000000085;
4238.000000000134;990.1792000000546;987.4898000000085;967.4325999999978;967.8726999999978;994.0512000000331;987.4898000000085;992.1152000000438;987.4898000000085;982.1331000000011;982.1331000000011;982.1331000000011;982.1331000000011;954.669699999997;982.1331000000011;966.9924999999978;987.4898000000085;
4239.000000000134;990.1792000000546;987.4898000000085;967.4325999999978;967.8726999999978;994.0512000000331;987.4898000000085;992.1152000000438;987.4898000000085;982.1331000000011;982.1331000000011;982.1331000000011;982.1331000000011;954.669699999997;982.1331000000011;966.9924999999978;987.4898000000085;
4240.000000000134;990.1792000000546;987.4898000000085;967.4325999999978;967.8726999999978;994.0512000000331;987.4898000000085;992.1152000000438;987.4898000000085;982.1331000000011;982.1331000000011;982.1331000000011;982.1331000000011;954.669699999997;982.1331000000011;966.9924999999978;987.4898000000085;
4241.000000000134;990.1792000000546;987.4898000000085;967.4325999999978;967.8726999999978;994.0512000000331;987.4898000000085;992.1152000000438;987.4898000000085;982.1331000000011;982.1331000000011;982.1331000000011;982.1331000000011;954.669699999997;982.1331000000011;966.9924999999978;987.4898000000085;
4242.000000000134;990.1792000000546;987.4898000000085;967.4325999999978;967.8726999999978;994.0512000000331;987.4898000000085;992.1152000000438;987.4898000000085;982.1331000000011;982.1331000000011;982.1331000000011;982.1331000000011;954.669699999997;982.1331000000011;966.9924999999978;987.4898000000085;
4243.000000000134;990.1792000000546;987.4898000000085;967.4325999999978;967.8726999999978;994.0512000000331;987.4898000000085;992.1152000000438;987.4898000000085;982.1331000000011;982.1331000000011;982.1331000000011;982.1331000000011;954.669699999997;982.1331000000011;966.9924999999978;987.4898000000085;
4244.000000000134;990.1792000000546;987.4898000000085;967.4325999999978;967.8726999999978;994.0512000000331;987.4898000000085;992.1152000000438;987.4898000000085;982.1331000000011;982.1331000000011;982.1331000000011;982.1331000000011;954.669699999997;982.1331000000011;966.9924999999978;987.4898000000085;
4245.000000000134;990.1792000000546;987.4898000000085;967.4325999999978;967.8726999999978;994.0512000000331;987.4898000000085;992.1152000000438;987.4898000000085;982.1331000000011;982.1331000000011;982.1331000000011;982.1331000000011;954.669699999997;982.1331000000011;966.9924999999978;987.4898000000085;
4246.000000000134;990.1792000000546;987.4898000000085;967.4325999999978;967.8726999999978;994.0512000000331;987.4898000000085;992.1152000000438;987.4898000000085;982.1331000000011;982.1331000000011;982.1331000000011;982.1331000000011;954.669699999997;982.1331000000011;966.9924999999978;987.4898000000085;
4247.000000000134;990.1792000000546;987.4898000000085;967.4325999999978;967.8726999999978;994.0512000000331;987.4898000000085;992.1152000000438;987.4898000000085;982.1331000000011;982.1331000000011;982.1331000000011;982.1331000000011;954.669699999997;982.1331000000011;966.9924999999978;987.4898000000085;
4248.000000000134;990.1792000000546;987.4898000000085;967.4325999999978;967.8726999999978;994.0512000000331;987.4898000000085;992.1152000000438;987.4898000000085;982.1331000000011;982.1331000000011;982.1331000000011;982.1331000000011;954.669699999997;982.1331000000011;966.9924999999978;987.4898000000085;
4249.000000000134;990.1792000000546;987.4898000000085;967.4325999999978;967.8726999999978;994.0512000000331;987.4898000000085;992.1152000000438;987.4898000000085;982.1331000000011;982.1331000000011;982.1331000000011;982.1331000000011;954.669699999997;982.1331000000011;966.9924999999978;987.4898000000085;
4250.000000000134;990.1792000000546;987.4898000000085;967.4325999999978;967.8726999999978;994.0512000000331;987.4898000000085;992.1152000000438;987.4898000000085;982.1331000000011;982.1331000000011;982.1331000000011;982.1331000000011;954.669699999997;982.1331000000011;966.9924999999978;987.4898000000085;
4251.000000000134;990.1792000000546;987.4898000000085;967.4325999999978;967.8726999999978;994.0512000000331;987.4898000000085;992.1152000000438;987.4898000000085;982.1331000000011;982.1331000000011;982.1331000000011;982.1331000000011;954.669699999997;982.1331000000011;966.9924999999978;987.4898000000085;
4252.000000000134;990.1792000000546;987.4898000000085;967.4325999999978;967.8726999999978;994.0512000000331;987.4898000000085;992.1152000000438;987.4898000000085;982.1331000000011;982.1331000000011;982.1331000000011;982.1331000000011;954.669699999997;982.1331000000011;966.9924999999978;987.4898000000085;
4253.000000000134;990.1792000000546;987.4898000000085;967.4325999999978;967.8726999999978;994.0512000000331;987.4898000000085;992.1152000000438;987.4898000000085;982.1331000000011;982.1331000000011;982.1331000000011;982.1331000000011;954.669699999997;982.1331000000011;966.9924999999978;987.4898000000085;
4254.000000000134;990.1792000000546;987.4898000000085;967.4325999999978;967.8726999999978;994.0512000000331;987.4898000000085;992.1152000000438;987.4898000000085;982.1331000000011;982.1331000000011;982.1331000000011;982.1331000000011;954.669699999997;982.1331000000011;966.9924999999978;987.4898000000085;
4255.000000000134;990.1792000000546;987.4898000000085;967.4325999999978;967.8726999999978;994.0512000000331;987.4898000000085;992.1152000000438;987.4898000000085;982.1331000000011;982.1331000000011;982.1331000000011;982.1331000000011;954.669699999997;982.1331000000011;966.9924999999978;987.4898000000085;
4256.000000000134;990.1792000000546;987.4898000000085;967.4325999999978;967.8726999999978;994.0512000000331;987.4898000000085;992.1152000000438;987.4898000000085;982.1331000000011;982.1331000000011;982.1331000000011;982.1331000000011;954.669699999997;982.1331000000011;966.9924999999978;987.4898000000085;
4257.000000000134;990.1792000000546;987.4898000000085;967.4325999999978;967.8726999999978;994.0512000000331;987.4898000000085;992.1152000000438;987.4898000000085;982.1331000000011;982.1331000000011;982.1331000000011;982.1331000000011;954.669699999997;982.1331000000011;966.9924999999978;987.4898000000085;
4258.000000000134;990.1792000000546;987.4898000000085;967.4325999999978;967.8726999999978;994.0512000000331;987.4898000000085;992.1152000000438;987.4898000000085;982.1331000000011;982.1331000000011;982.1331000000011;982.1331000000011;954.669699999997;982.1331000000011;966.9924999999978;987.4898000000085;
4259.000000000134;990.1792000000546;987.4898000000085;967.4325999999978;967.8726999999978;994.0512000000331;987.4898000000085;992.1152000000438;987.4898000000085;982.1331000000011;982.1331000000011;982.1331000000011;982.1331000000011;954.669699999997;982.1331000000011;966.9924999999978;987.4898000000085;
4259.771389113979;990.1792000000546;987.4898000000085;967.4325999999978;967.8726999999978;994.0512000000331;987.4897000000085;992.1152000000438;987.4898000000085;982.1331000000011;982.1331000000011;982.1331000000011;982.1331000000011;954.669699999997;982.1331000000011;966.9924999999978;987.4898000000085;
4259.771389113979;990.1792000000546;987.4898000000085;967.4325999999978;967.8726999999978;994.0512000000331;987.4017000000085;992.1152000000438;987.4898000000085;982.1331000000011;982.1331000000011;982.1331000000011;982.1331000000011;954.669699999997;982.1331000000011;966.9924999999978;987.4898000000085;
4259.776705113979;990.1704000000547;987.4898000000085;967.4325999999978;967.8726999999978;994.0512000000331;987.4017000000085;992.1152000000438;987.4898000000085;982.1331000000011;982.1331000000011;982.1331000000011;982.1331000000011;954.669699999997;982.1331000000011;966.9924999999978;987.4898000000085;
4259.776705113979;990.1616000000547;987.4898000000085;967.4325999999978;967.8726999999978;994.0512000000331;987.4017000000085;992.1152000000438;987.4898000000085;982.1331000000011;982.1331000000011;982.1331000000011;982.1331000000011;954.669699999997;982.1331000000011;966.9924999999978;987.4898000000085;
4259.782021113979;990.1616000000547;987.4898000000085;967.4325999999978;967.8726999999978;994.0512000000331;987.4017000000085;992.1064000000439;987.4898000000085;982.1331000000011;982.1331000000011;982.1331000000011;982.1331000000011;954.669699999997;982.1331000000011;966.9924999999978;987.4898000000085;
4259.803981081689;990.1616000000547;987.4898000000085;967.4324999999978;967.8726999999978;994.0512000000331;987.4017000000085;992.1064000000439;987.4898000000085;982.1331000000011;982.1331000000011;982.1331000000011;982.1331000000011;954.669699999997;982.1331000000011;966.9924999999978;987.4898000000085;
4259.803981081689;990.1616000000547;987.4898000000085;966.9924999999978;967.8726999999978;994.0512000000331;987.4017000000085;992.1064000000439;987.4898000000085;982.1331000000011;982.1331000000011;982.1331000000011;982.1331000000011;954.669699999997;982.1331000000011;966.9924999999978;987.4898000000085;
4259.809297081689;990.1528000000548;987.4898000000085;966.9924999999978;967.8726999999978;994.0512000000331;987.4017000000085;992.1064000000439;987.4898000000085;982.1331000000011;982.1331000000011;982.1331000000011;982.1331000000011;954.669699999997;982.1331000000011;966.9924999999978;987.4898000000085;
4259.93922103132;990.1528000000548;987.4898000000085;966.9924999999978;967.8726999999978;994.0512000000331;987.4017000000085;992.1064000000439;987.4897000000085;982.1331000000011;982.1331000000011;982.1331000000011;982.1331000000011;954.669699999997;982.1331000000011;966.9924999999978;987.4898000000085;
4259.93922103132;990.1528000000548;987.4898000000085;966.9924999999978;967.8726999999978;994.0512000000331;987.4017000000085;992.1064000000439;987.4017000000085;982.1331000000011;982.1331000000011;982.1331000000011;982.1331000000011;954.669699999997;982.1331000000011;966.9924999999978;987.4898000000085;
4259.94453703132;990.1440000000548;987.4898000000085;966.9924999999978;967.8726999999978;994.0512000000331;987.4017000000085;992.1064000000439;987.4017000000085;982.1331000000011;982.1331000000011;982.1331000000011;982.1331000000011;954.669699999997;982.1331000000011;966.9924999999978;987.4898000000085;
4260.000000000132;990.1440000000548;987.4898000000085;966.9924999999978;967.8726999999978;994.0512000000331;987.4017000000085;992.1064000000439;987.4017000000085;982.1331000000011;982.1331000000011;982.1331000000011;982.1331000000011;954.669699999997;982.1331000000011;966.9924999999978;987.4898000000085;
4260.776709890315;990.1352000000549;987.4017000000085;966.9924999999978;967.8726999999978;994.0512000000331;987.4017000000085;992.1064000000439;987.4017000000085;982.1331000000011;982.1331000000011;982.1331000000011;982.1331000000011;954.669699999997;982.1331000000011;966.9924999999978;987.4017000000085;
4261.000000000132;990.1264000000549;987.4017000000085;966.9924999999978;967.8726999999978;994.0512000000331;987.4017000000085;992.0976000000439;987.4017000000085;982.1331000000011;982.1331000000011;982.1331000000011;982.1331000000011;954.669699999997;982.1331000000011;966.9924999999978;987.4017000000085;
4261.776714666652;990.1264000000549;987.4017000000085;966.9924999999978;967.8726999999978;994.0512000000331;987.4017000000085;992.0976000000439;987.4017000000085;982.1331000000011;982.1331000000011;982.1331000000011;982.1331000000011;954.669699999997;982.1331000000011;966.9924999999978;987.4017000000085;
4262.776719442989;990.117600000055;987.4017000000085;966.9924999999978;967.8726999999978;994.0512000000331;987.4017000000085;992.088800000044;987.4017000000085;982.1331000000011;982.1331000000011;982.1331000000011;982.1331000000011;954.669699999997;982.1331000000011;966.9924999999978;987.4017000000085;
4263.000000000131;990.108800000055;987.4017000000085;966.9924999999978;967.8726999999978;994.0512000000331;987.4017000000085;992.080000000044;987.4017000000085;982.1331000000011;982.1331000000011;982.1331000000011;982.1331000000011;954.669699999997;982.1331000000011;966.9924999999978;987.4017000000085;
4263.776724219326;990.108800000055;987.4017000000085;966.9924999999978;967.8726999999978;994.0512000000331;987.4017000000085;992.080000000044;987.4017000000085;982.1331000000011;982.1331000000011;982.1331000000011;982.1331000000011;954.669699999997;982.1331000000011;966.9924999999978;987.4017000000085;
4265.000000000131;990.108800000055;987.4017000000085;966.9924999999978;967.8726999999978;994.0512000000331;987.4017000000085;992.080000000044;987.4017000000085;982.1331000000011;982.1331000000011;982.1331000000011;982.1331000000011;954.669699999997;982.1331000000011;966.9924999999978;987.4017000000085;
4266.000000000131;990.108800000055;987.4017000000085;966.9924999999978;967.8726999999978;994.0512000000331;987.4017000000085;992.080000000044;987.4017000000085;982.1331000000011;982.1331000000011;982.1331000000011;982.1331000000011;954.669699999997;982.1331000000011;966.9924999999978;987.4017000000085;
4267.000000000131;990.108800000055;987.4017000000085;966.9924999999978;967.8726999999978;994.0512000000331;987.4017000000085;992.080000000044;987.4017000000085;982.1331000000011;982.1331000000011;982.1331000000011;982.1331000000011;954.669699999997;982.1331000000011;966.9924999999978;987.4017000000085;
4268.000000000131;990.108800000055;987.4017000000085;966.9924999999978;967.8726999999978;994.0512000000331;987.4017000000085;992.080000000044;987.4017000000085;982.1331000000011;982.1331000000011;982.1331000000011;982.1331000000011;954.669699999997;982.1331000000011;966.9924999999978;987.4017000000085;
4269.000000000131;990.108800000055;987.4017000000085;966.9924999999978;967.8726999999978;994.0512000000331;987.4017000000085;992.080000000044;987.4017000000085;982.1331000000011;982.1331000000011;982.1331000000011;982.1331000000011;954.669699999997;982.1331000000011;966.9924999999978;987.4017000000085;
4270.000000000131;990.108800000055;987.4017000000085;966.9924999999978;967.8726999999978;994.0512000000331;987.4017000000085;992.080000000044;987.4017000000085;982.1331000000011;982.1331000000011;982.1331000000011;982.1331000000011;954.669699999997;982.1331000000011;966.9924999999978;987.4017000000085;
4271.000000000131;990.108800000055;987.4017000000085;966.9924999999978;967.8726999999978;994.0512000000331;987.4017000000085;992.080000000044;987.4017000000085;982.1331000000011;982.1331000000011;982.1331000000011;982.1331000000011;954.669699999997;982.1331000000011;966.9924999999978;987.4017000000085;
4272.000000000131;990.108800000055;987.4017000000085;966.9924999999978;967.8726999999978;994.0512000000331;987.4017000000085;992.080000000044;987.4017000000085;982.1331000000011;982.1331000000011;982.1331000000011;982.1331000000011;954.669699999997;982.1331000000011;966.9924999999978;987.4017000000085;
4273.000000000131;990.108800000055;987.4017000000085;966.9924999999978;967.8726999999978;994.0512000000331;987.4017000000085;992.080000000044;987.4017000000085;982.1331000000011;982.1331000000011;982.1331000000011;982.1331000000011;954.669699999997;982.1331000000011;966.9924999999978;987.4017000000085;
4274.000000000131;990.108800000055;987.4017000000085;966.9924999999978;967.8726999999978;994.0512000000331;987.4017000000085;992.080000000044;987.4017000000085;982.1331000000011;982.1331000000011;982.1331000000011;982.1331000000011;954.669699999997;982.1331000000011;966.9924999999978;987.4017000000085;
4275.000000000131;990.108800000055;987.4017000000085;966.9924999999978;967.8726999999978;994.0512000000331;987.4017000000085;992.080000000044;987.4017000000085;982.1331000000011;982.1331000000011;982.1331000000011;982.1331000000011;954.669699999997;982.1331000000011;966.9924999999978;987.4017000000085;
4275.031979148661;990.108800000055;987.4017000000085;966.9924999999978;967.8726999999978;994.0512000000331;987.4017000000085;992.080000000044;987.4017000000085;982.1331000000011;982.1331000000011;982.1331000000011;982.1330000000012;954.669699999997;982.1331000000011;966.9924999999978;987.4017000000085;
4275.031979148661;990.108800000055;987.4017000000085;966.9924999999978;967.8726999999978;994.0512000000331;987.4017000000085;992.080000000044;987.4017000000085;982.1331000000011;982.1331000000011;982.1331000000011;981.5170000000012;954.669699999997;982.1331000000011;966.9924999999978;987.4017000000085;
4275.037295148661;990.108800000055;987.4017000000085;966.9924999999978;967.8726999999978;994.0424000000331;987.4017000000085;992.080000000044;987.4017000000085;982.1331000000011;982.1331000000011;982.1331000000011;981.5170000000012;954.669699999997;982.1331000000011;966.9924999999978;987.4017000000085;
4275.037295148661;990.108800000055;987.4017000000085;966.9924999999978;967.8726999999978;994.0336000000332;987.4017000000085;992.080000000044;987.4017000000085;982.1331000000011;982.1331000000011;982.1331000000011;981.5170000000012;954.669699999997;982.1331000000011;966.9924999999978;987.4017000000085;
4275.04261114866;990.108800000055;987.4017000000085;966.9924999999978;967.8726999999978;994.0336000000332;987.4017000000085;992.0712000000441;987.4017000000085;982.1331000000011;982.1331000000011;982.1331000000011;981.5170000000012;954.669699999997;982.1331000000011;966.9924999999978;987.4017000000085;
4276.00000000013;990.108800000055;987.4017000000085;966.9924999999978;967.8726999999978;994.0336000000332;987.4017000000085;992.0712000000441;987.4017000000085;982.1331000000011;982.1331000000011;982.1331000000011;981.5170000000012;954.669699999997;982.1331000000011;966.9924999999978;987.4017000000085;
4277.00000000013;990.108800000055;987.4017000000085;966.9924999999978;967.8726999999978;994.0336000000332;987.4017000000085;992.0712000000441;987.4017000000085;982.1331000000011;982.1331000000011;982.1331000000011;981.5170000000012;954.669699999997;982.1331000000011;966.9924999999978;987.4017000000085;
4278.00000000013;990.108800000055;987.4017000000085;966.9924999999978;967.8726999999978;994.0336000000332;987.4017000000085;992.0712000000441;987.4017000000085;982.1331000000011;982.1331000000011;982.1331000000011;981.5170000000012;954.669699999997;982.1331000000011;966.9924999999978;987.4017000000085;
4279.00000000013;990.108800000055;987.4017000000085;966.9924999999978;967.8726999999978;994.0336000000332;987.4017000000085;992.0712000000441;987.4017000000085;982.1331000000011;982.1331000000011;982.1331000000011;981.5170000000012;954.669699999997;982.1331000000011;966.9924999999978;987.4017000000085;
4280.00000000013;990.108800000055;987.4017000000085;966.9924999999978;967.8726999999978;994.0336000000332;987.4017000000085;992.0712000000441;987.4017000000085;982.1331000000011;982.1331000000011;982.1331000000011;981.5170000000012;954.669699999997;982.1331000000011;966.9924999999978;987.4017000000085;
4281.00000000013;990.108800000055;987.4017000000085;966.9924999999978;967.8726999999978;994.0336000000332;987.4017000000085;992.0712000000441;987.4017000000085;982.1331000000011;982.1331000000011;982.1331000000011;981.5170000000012;954.669699999997;982.1331000000011;966.9924999999978;987.4017000000085;
4282.00000000013;990.108800000055;987.4017000000085;966.9924999999978;967.8726999999978;994.0336000000332;987.4017000000085;992.0712000000441;987.4017000000085;982.1331000000011;982.1331000000011;982.1331000000011;981.5170000000012;954.669699999997;982.1331000000011;966.9924999999978;987.4017000000085;
4283.00000000013;990.108800000055;987.4017000000085;966.9924999999978;967.8726999999978;994.0336000000332;987.4017000000085;992.0712000000441;987.4017000000085;982.1331000000011;982.1331000000011;982.1331000000011;981.5170000000012;954.669699999997;982.1331000000011;966.9924999999978;987.4017000000085;
4284.00000000013;990.108800000055;987.4017000000085;966.9924999999978;967.8726999999978;994.0336000000332;987.4017000000085;992.0712000000441;987.4017000000085;982.1331000000011;982.1331000000011;982.1331000000011;981.5170000000012;954.669699999997;982.1331000000011;966.9924999999978;987.4017000000085;
4285.00000000013;990.108800000055;987.4017000000085;966.9924999999978;967.8726999999978;994.0336000000332;987.4017000000085;992.0712000000441;987.4017000000085;982.1331000000011;982.1331000000011;982.1331000000011;981.5170000000012;954.669699999997;982.1331000000011;966.9924999999978;987.4017000000085;
4286.00000000013;990.108800000055;987.4017000000085;966.9924999999978;967.8726999999978;994.0336000000332;987.4017000000085;992.0712000000441;987.4017000000085;982.1331000000011;982.1331000000011;982.1331000000011;981.5170000000012;954.669699999997;982.1331000000011;966.9924999999978;987.4017000000085;
4287.00000000013;990.108800000055;987.4017000000085;966.9924999999978;967.8726999999978;994.0336000000332;987.4017000000085;992.0712000000441;987.4017000000085;982.1331000000011;982.1331000000011;982.1331000000011;981.5170000000012;954.669699999997;982.1331000000011;966.9924999999978;987.4017000000085;
4288.00000000013;990.108800000055;987.4017000000085;966.9924999999978;967.8726999999978;994.0336000000332;987.4017000000085;992.0712000000441;987.4017000000085;982.1331000000011;982.1331000000011;982.1331000000011;981.5170000000012;954.669699999997;982.1331000000011;966.9924999999978;987.4017000000085;
4289.00000000013;990.108800000055;987.4017000000085;966.9924999999978;967.8726999999978;994.0336000000332;987.4017000000085;992.0712000000441;987.4017000000085;982.1331000000011;982.1331000000011;982.1331000000011;981.5170000000012;954.669699999997;982.1331000000011;966.9924999999978;987.4017000000085;
4289.771361851709;990.108800000055;987.4017000000085;966.9924999999978;967.8726999999978;994.0336000000332;987.4016000000086;992.0712000000441;987.4017000000085;982.1331000000011;982.1331000000011;982.1331000000011;981.5170000000012;954.669699999997;982.1331000000011;966.9924999999978;987.4017000000085;
4289.771361851709;990.108800000055;987.4017000000085;966.9924999999978;967.8726999999978;994.0336000000332;987.3136000000086;992.0712000000441;987.4017000000085;982.1331000000011;982.1331000000011;982.1331000000011;981.5170000000012;954.669699999997;982.1331000000011;966.9924999999978;987.4017000000085;
4289.776677851709;990.100000000055;987.4017000000085;966.9924999999978;967.8726999999978;994.0336000000332;987.3136000000086;992.0712000000441;987.4017000000085;982.1331000000011;982.1331000000011;982.1331000000011;981.5170000000012;954.669699999997;982.1331000000011;966.9924999999978;987.4017000000085;
4289.776677851709;990.0912000000551;987.4017000000085;966.9924999999978;967.8726999999978;994.0336000000332;987.3136000000086;992.0712000000441;987.4017000000085;982.1331000000011;982.1331000000011;982.1331000000011;981.5170000000012;954.669699999997;982.1331000000011;966.9924999999978;987.4017000000085;
4289.781993851709;990.0912000000551;987.4017000000085;966.9924999999978;967.8726999999978;994.0336000000332;987.3136000000086;992.0624000000441;987.4017000000085;982.1331000000011;982.1331000000011;982.1331000000011;981.5170000000012;954.669699999997;982.1331000000011;966.9924999999978;987.4017000000085;
4289.9071197998555;990.0912000000551;987.4017000000085;966.9924999999978;967.8726999999978;994.0336000000332;987.3136000000086;992.0624000000441;987.4017000000085;982.1331000000011;982.1331000000011;982.1331000000011;981.5170000000012;954.669599999997;982.1331000000011;966.9924999999978;987.4017000000085;
4289.9071197998555;990.0912000000551;987.4017000000085;966.9924999999978;967.8726999999978;994.0336000000332;987.3136000000086;992.0624000000441;987.4017000000085;982.1331000000011;982.1331000000011;982.1331000000011;981.5170000000012;954.2295999999969;982.1331000000011;966.9924999999978;987.4017000000085;
4290.776682628045;990.0736000000552;987.3136000000086;966.9924999999978;967.4325999999978;993.9984000000334;987.3136000000086;992.0536000000442;987.3136000000086;982.1331000000011;982.1331000000011;982.1331000000011;981.5170000000012;954.2295999999969;982.1331000000011;966.5523999999978;987.3136000000086;
4291.000000000127;990.0648000000552;987.3136000000086;966.9924999999978;967.4325999999978;993.9896000000334;987.3136000000086;992.0360000000443;987.3136000000086;982.1331000000011;982.1331000000011;982.1331000000011;981.5170000000012;954.2295999999969;982.1331000000011;966.5523999999978;987.3136000000086;
4291.776687404381;990.0648000000552;987.3136000000086;966.9924999999978;967.4325999999978;993.9896000000334;987.3136000000086;992.0360000000443;987.3136000000086;982.1331000000011;982.1331000000011;982.1331000000011;981.5170000000012;954.2295999999969;982.1331000000011;966.5523999999978;987.3136000000086;
4292.776692180718;990.0560000000553;987.3136000000086;966.9924999999978;967.4325999999978;993.9808000000335;987.3136000000086;992.0184000000444;987.3136000000086;982.1331000000011;982.1331000000011;982.1331000000011;981.5170000000012;954.2295999999969;982.1331000000011;966.5523999999978;987.3136000000086;
4294.000000000127;990.0560000000553;987.3136000000086;966.9924999999978;967.4325999999978;993.9808000000335;987.3136000000086;992.0184000000444;987.3136000000086;982.1331000000011;982.1331000000011;982.1331000000011;981.5170000000012;954.2295999999969;982.1331000000011;966.5523999999978;987.3136000000086;
4295.000000000127;990.0560000000553;987.3136000000086;966.9924999999978;967.4325999999978;993.9808000000335;987.3136000000086;992.0184000000444;987.3136000000086;982.1331000000011;982.1331000000011;982.1331000000011;981.5170000000012;954.2295999999969;982.1331000000011;966.5523999999978;987.3136000000086;
4296.000000000127;990.0560000000553;987.3136000000086;966.9924999999978;967.4325999999978;993.9808000000335;987.3136000000086;992.0184000000444;987.3136000000086;982.1331000000011;982.1331000000011;982.1331000000011;981.5170000000012;954.2295999999969;982.1331000000011;966.5523999999978;987.3136000000086;
4297.000000000127;990.0560000000553;987.3136000000086;966.9924999999978;967.4325999999978;993.9808000000335;987.3136000000086;992.0184000000444;987.3136000000086;982.1331000000011;982.1331000000011;982.1331000000011;981.5170000000012;954.2295999999969;982.1331000000011;966.5523999999978;987.3136000000086;
4298.000000000127;990.0560000000553;987.3136000000086;966.9924999999978;967.4325999999978;993.9808000000335;987.3136000000086;992.0184000000444;987.3136000000086;982.1331000000011;982.1331000000011;982.1331000000011;981.5170000000012;954.2295999999969;982.1331000000011;966.5523999999978;987.3136000000086;
4299.000000000127;990.0560000000553;987.3136000000086;966.9924999999978;967.4325999999978;993.9808000000335;987.3136000000086;992.0184000000444;987.3136000000086;982.1331000000011;982.1331000000011;982.1331000000011;981.5170000000012;954.2295999999969;982.1331000000011;966.5523999999978;987.3136000000086;
4300.000000000127;990.0560000000553;987.3136000000086;966.9924999999978;967.4325999999978;993.9808000000335;987.3136000000086;992.0184000000444;987.3136000000086;982.1331000000011;982.1331000000011;982.1331000000011;981.5170000000012;954.2295999999969;982.1331000000011;966.5523999999978;987.3136000000086;
4301.000000000127;990.0560000000553;987.3136000000086;966.9924999999978;967.4325999999978;993.9808000000335;987.3136000000086;992.0184000000444;987.3136000000086;982.1331000000011;982.1331000000011;982.1331000000011;981.5170000000012;954.2295999999969;982.1331000000011;966.5523999999978;987.3136000000086;
4302.000000000127;990.0560000000553;987.3136000000086;966.9924999999978;967.4325999999978;993.9808000000335;987.3136000000086;992.0184000000444;987.3136000000086;982.1331000000011;982.1331000000011;982.1331000000011;981.5170000000012;954.2295999999969;982.1331000000011;966.5523999999978;987.3136000000086;
4303.000000000127;990.0560000000553;987.3136000000086;966.9924999999978;967.4325999999978;993.9808000000335;987.3136000000086;992.0184000000444;987.3136000000086;982.1331000000011;982.1331000000011;982.1331000000011;981.5170000000012;954.2295999999969;982.1331000000011;966.5523999999978;987.3136000000086;
4304.000000000127;990.0560000000553;987.3136000000086;966.9924999999978;967.4325999999978;993.9808000000335;987.3136000000086;992.0184000000444;987.3136000000086;982.1331000000011;982.1331000000011;982.1331000000011;981.5170000000012;954.2295999999969;982.1331000000011;966.5523999999978;987.3136000000086;
4305.000000000127;990.0560000000553;987.3136000000086;966.9924999999978;967.4325999999978;993.9808000000335;987.3136000000086;992.0184000000444;987.3136000000086;982.1331000000011;982.1331000000011;982.1331000000011;981.5170000000012;954.2295999999969;982.1331000000011;966.5523999999978;987.3136000000086;
4306.000000000127;990.0560000000553;987.3136000000086;966.9924999999978;967.4325999999978;993.9808000000335;987.3136000000086;992.0184000000444;987.3136000000086;982.1331000000011;982.1331000000011;982.1331000000011;981.5170000000012;954.2295999999969;982.1331000000011;966.5523999999978;987.3136000000086;
4307.000000000127;990.0560000000553;987.3136000000086;966.9924999999978;967.4325999999978;993.9808000000335;987.3136000000086;992.0184000000444;987.3136000000086;982.1331000000011;982.1331000000011;982.1331000000011;981.5170000000012;954.2295999999969;982.1331000000011;966.5523999999978;987.3136000000086;
4308.000000000127;990.0560000000553;987.3136000000086;966.9924999999978;967.4325999999978;993.9808000000335;987.3136000000086;992.0184000000444;987.3136000000086;982.1331000000011;982.1331000000011;982.1331000000011;981.5170000000012;954.2295999999969;982.1331000000011;966.5523999999978;987.3136000000086;
4309.000000000127;990.0560000000553;987.3136000000086;966.9924999999978;967.4325999999978;993.9808000000335;987.3136000000086;992.0184000000444;987.3136000000086;982.1331000000011;982.1331000000011;982.1331000000011;981.5170000000012;954.2295999999969;982.1331000000011;966.5523999999978;987.3136000000086;
4310.000000000127;990.0560000000553;987.3136000000086;966.9924999999978;967.4325999999978;993.9808000000335;987.3136000000086;992.0184000000444;987.3136000000086;982.1331000000011;982.1331000000011;982.1331000000011;981.5170000000012;954.2295999999969;982.1331000000011;966.5523999999978;987.3136000000086;
4311.000000000127;990.0560000000553;987.3136000000086;966.9924999999978;967.4325999999978;993.9808000000335;987.3136000000086;992.0184000000444;987.3136000000086;982.1331000000011;982.1331000000011;982.1331000000011;981.5170000000012;954.2295999999969;982.1331000000011;966.5523999999978;987.3136000000086;
4312.000000000127;990.0560000000553;987.3136000000086;966.9924999999978;967.4325999999978;993.9808000000335;987.3136000000086;992.0184000000444;987.3136000000086;982.1331000000011;982.1331000000011;982.1331000000011;981.5170000000012;954.2295999999969;982.1331000000011;966.5523999999978;987.3136000000086;
4313.000000000127;990.0560000000553;987.3136000000086;966.9924999999978;967.4325999999978;993.9808000000335;987.3136000000086;992.0184000000444;987.3136000000086;982.1331000000011;982.1331000000011;982.1331000000011;981.5170000000012;954.2295999999969;982.1331000000011;966.5523999999978;987.3136000000086;
4314.000000000127;990.0560000000553;987.3136000000086;966.9924999999978;967.4325999999978;993.9808000000335;987.3136000000086;992.0184000000444;987.3136000000086;982.1331000000011;982.1331000000011;982.1331000000011;981.5170000000012;954.2295999999969;982.1331000000011;966.5523999999978;987.3136000000086;
4315.000000000127;990.0560000000553;987.3136000000086;966.9924999999978;967.4325999999978;993.9808000000335;987.3136000000086;992.0184000000444;987.3136000000086;982.1331000000011;982.1331000000011;982.1331000000011;981.5170000000012;954.2295999999969;982.1331000000011;966.5523999999978;987.3136000000086;
4316.000000000127;990.0560000000553;987.3136000000086;966.9924999999978;967.4325999999978;993.9808000000335;987.3136000000086;992.0184000000444;987.3136000000086;982.1331000000011;982.1331000000011;982.1331000000011;981.5170000000012;954.2295999999969;982.1331000000011;966.5523999999978;987.3136000000086;
4317.000000000127;990.0560000000553;987.3136000000086;966.9924999999978;967.4325999999978;993.9808000000335;987.3136000000086;992.0184000000444;987.3136000000086;982.1331000000011;982.1331000000011;982.1331000000011;981.5170000000012;954.2295999999969;982.1331000000011;966.5523999999978;987.3136000000086;
4318.000000000127;990.0560000000553;987.3136000000086;966.9924999999978;967.4325999999978;993.9808000000335;987.3136000000086;992.0184000000444;987.3136000000086;982.1331000000011;982.1331000000011;982.1331000000011;981.5170000000012;954.2295999999969;982.1331000000011;966.5523999999978;987.3136000000086;
4319.000000000127;990.0560000000553;987.3136000000086;966.9924999999978;967.4325999999978;993.9808000000335;987.3136000000086;992.0184000000444;987.3136000000086;982.1331000000011;982.1331000000011;982.1331000000011;981.5170000000012;954.2295999999969;982.1331000000011;966.5523999999978;987.3136000000086;
4319.77133458944;990.0560000000553;987.3136000000086;966.9924999999978;967.4325999999978;993.9808000000335;987.3135000000086;992.0184000000444;987.3136000000086;982.1331000000011;982.1331000000011;982.1331000000011;981.5170000000012;954.2295999999969;982.1331000000011;966.5523999999978;987.3136000000086;
4319.77133458944;990.0560000000553;987.3136000000086;966.9924999999978;967.4325999999978;993.9808000000335;987.2255000000087;992.0184000000444;987.3136000000086;982.1331000000011;982.1331000000011;982.1331000000011;981.5170000000012;954.2295999999969;982.1331000000011;966.5523999999978;987.3136000000086;
4319.77665058944;990.0472000000553;987.3136000000086;966.9924999999978;967.4325999999978;993.9808000000335;987.2255000000087;992.0184000000444;987.3136000000086;982.1331000000011;982.1331000000011;982.1331000000011;981.5170000000012;954.2295999999969;982.1331000000011;966.5523999999978;987.3136000000086;
4319.77665058944;990.0384000000554;987.3136000000086;966.9924999999978;967.4325999999978;993.9808000000335;987.2255000000087;992.0184000000444;987.3136000000086;982.1331000000011;982.1331000000011;982.1331000000011;981.5170000000012;954.2295999999969;982.1331000000011;966.5523999999978;987.3136000000086;
4319.781966589439;990.0384000000554;987.3136000000086;966.9924999999978;967.4325999999978;993.9808000000335;987.2255000000087;992.0096000000444;987.3136000000086;982.1331000000011;982.1331000000011;982.1331000000011;981.5170000000012;954.2295999999969;982.1331000000011;966.5523999999978;987.3136000000086;
4319.803988515829;990.0384000000554;987.3136000000086;966.9923999999978;967.4325999999978;993.9808000000335;987.2255000000087;992.0096000000444;987.3136000000086;982.1331000000011;982.1331000000011;982.1331000000011;981.5170000000012;954.2295999999969;982.1331000000011;966.5523999999978;987.3136000000086;
4319.803988515829;990.0384000000554;987.3136000000086;966.5523999999978;967.4325999999978;993.9808000000335;987.2255000000087;992.0096000000444;987.3136000000086;982.1331000000011;982.1331000000011;982.1331000000011;981.5170000000012;954.2295999999969;982.1331000000011;966.5523999999978;987.3136000000086;
4319.809304515828;990.0296000000554;987.3136000000086;966.5523999999978;967.4325999999978;993.9808000000335;987.2255000000087;992.0096000000444;987.3136000000086;982.1331000000011;982.1331000000011;982.1331000000011;981.5170000000012;954.2295999999969;982.1331000000011;966.5523999999978;987.3136000000086;
4319.905392189724;990.0296000000554;987.3136000000086;966.5523999999978;967.4325999999978;993.9808000000335;987.2255000000087;992.0096000000444;987.3136000000086;982.1331000000011;982.1331000000011;982.1331000000011;981.5170000000012;954.229499999997;982.1331000000011;966.5523999999978;987.3136000000086;
4319.905392189724;990.0296000000554;987.3136000000086;966.5523999999978;967.4325999999978;993.9808000000335;987.2255000000087;992.0096000000444;987.3136000000086;982.1331000000011;982.1331000000011;982.1331000000011;981.5170000000012;953.7894999999969;982.1331000000011;966.5523999999978;987.3136000000086;
4319.910708189724;990.0296000000554;987.3136000000086;966.5523999999978;967.4325999999978;993.9720000000335;987.2255000000087;992.0096000000444;987.3136000000086;982.1331000000011;982.1331000000011;982.1331000000011;981.5170000000012;953.7894999999969;982.1331000000011;966.5523999999978;987.3136000000086;
4319.910708189724;990.0296000000554;987.3136000000086;966.5523999999978;967.4325999999978;993.9632000000336;987.2255000000087;992.0096000000444;987.3136000000086;982.1331000000011;982.1331000000011;982.1331000000011;981.5170000000012;953.7894999999969;982.1331000000011;966.5523999999978;987.3136000000086;
4319.916024189723;990.0296000000554;987.3136000000086;966.5523999999978;967.4325999999978;993.9632000000336;987.2255000000087;992.0008000000445;987.3136000000086;982.1331000000011;982.1331000000011;982.1331000000011;981.5170000000012;953.7894999999969;982.1331000000011;966.5523999999978;987.3136000000086;
4320.776655365776;990.0120000000555;987.2255000000087;966.5523999999978;967.4325999999978;993.9632000000336;987.2255000000087;992.0008000000445;987.2255000000087;982.1331000000011;982.1331000000011;982.1331000000011;981.5170000000012;953.7894999999969;982.1331000000011;966.5523999999978;987.2255000000087;
4321.776660142113;990.0032000000556;987.2255000000087;966.5523999999978;967.4325999999978;993.9632000000336;987.2255000000087;991.9920000000445;987.2255000000087;982.1331000000011;982.1331000000011;982.1331000000011;981.5170000000012;953.7894999999969;982.1331000000011;966.5523999999978;987.2255000000087;
4322.000000000125;989.9944000000556;987.2255000000087;966.5523999999978;967.4325999999978;993.9632000000336;987.2255000000087;991.9832000000446;987.2255000000087;982.1331000000011;982.1331000000011;982.1331000000011;981.5170000000012;953.7894999999969;982.1331000000011;966.5523999999978;987.2255000000087;
4322.77666491845;989.9944000000556;987.2255000000087;966.5523999999978;967.4325999999978;993.9632000000336;987.2255000000087;991.9832000000446;987.2255000000087;982.1331000000011;982.1331000000011;982.1331000000011;981.5170000000012;953.7894999999969;982.1331000000011;966.5523999999978;987.2255000000087;
4323.7766696947865;989.9856000000557;987.2255000000087;966.5523999999978;967.4325999999978;993.9632000000336;987.2255000000087;991.9744000000446;987.2255000000087;982.1331000000011;982.1331000000011;982.1331000000011;981.5170000000012;953.7894999999969;982.1331000000011;966.5523999999978;987.2255000000087;
4324.000000000125;989.9856000000557;987.2255000000087;966.5523999999978;967.4325999999978;993.9632000000336;987.2255000000087;991.9744000000446;987.2255000000087;982.1331000000011;982.1331000000011;982.1331000000011;981.5170000000012;953.7894999999969;982.1331000000011;966.5523999999978;987.2255000000087;
4325.000000000125;989.9856000000557;987.2255000000087;966.5523999999978;967.4325999999978;993.9632000000336;987.2255000000087;991.9744000000446;987.2255000000087;982.1331000000011;982.1331000000011;982.1331000000011;981.5170000000012;953.7894999999969;982.1331000000011;966.5523999999978;987.2255000000087;
4326.000000000125;989.9856000000557;987.2255000000087;966.5523999999978;967.4325999999978;993.9632000000336;987.2255000000087;991.9744000000446;987.2255000000087;982.1331000000011;982.1331000000011;982.1331000000011;981.5170000000012;953.7894999999969;982.1331000000011;966.5523999999978;987.2255000000087;
4327.000000000125;989.9856000000557;987.2255000000087;966.5523999999978;967.4325999999978;993.9632000000336;987.2255000000087;991.9744000000446;987.2255000000087;982.1331000000011;982.1331000000011;982.1331000000011;981.5170000000012;953.7894999999969;982.1331000000011;966.5523999999978;987.2255000000087;
4328.000000000125;989.9856000000557;987.2255000000087;966.5523999999978;967.4325999999978;993.9632000000336;987.2255000000087;991.9744000000446;987.2255000000087;982.1331000000011;982.1331000000011;982.1331000000011;981.5170000000012;953.7894999999969;982.1331000000011;966.5523999999978;987.2255000000087;
4329.000000000125;989.9856000000557;987.2255000000087;966.5523999999978;967.4325999999978;993.9632000000336;987.2255000000087;991.9744000000446;987.2255000000087;982.1331000000011;982.1331000000011;982.1331000000011;981.5170000000012;953.7894999999969;982.1331000000011;966.5523999999978;987.2255000000087;
4330.000000000125;989.9856000000557;987.2255000000087;966.5523999999978;967.4325999999978;993.9632000000336;987.2255000000087;991.9744000000446;987.2255000000087;982.1331000000011;982.1331000000011;982.1331000000011;981.5170000000012;953.7894999999969;982.1331000000011;966.5523999999978;987.2255000000087;
4331.000000000125;989.9856000000557;987.2255000000087;966.5523999999978;967.4325999999978;993.9632000000336;987.2255000000087;991.9744000000446;987.2255000000087;982.1331000000011;982.1331000000011;982.1331000000011;981.5170000000012;953.7894999999969;982.1331000000011;966.5523999999978;987.2255000000087;
4332.000000000125;989.9856000000557;987.2255000000087;966.5523999999978;967.4325999999978;993.9632000000336;987.2255000000087;991.9744000000446;987.2255000000087;982.1331000000011;982.1331000000011;982.1331000000011;981.5170000000012;953.7894999999969;982.1331000000011;966.5523999999978;987.2255000000087;
4333.000000000125;989.9856000000557;987.2255000000087;966.5523999999978;967.4325999999978;993.9632000000336;987.2255000000087;991.9744000000446;987.2255000000087;982.1331000000011;982.1331000000011;982.1331000000011;981.5170000000012;953.7894999999969;982.1331000000011;966.5523999999978;987.2255000000087;
4334.000000000125;989.9856000000557;987.2255000000087;966.5523999999978;967.4325999999978;993.9632000000336;987.2255000000087;991.9744000000446;987.2255000000087;982.1331000000011;982.1331000000011;982.1331000000011;981.5170000000012;953.7894999999969;982.1331000000011;966.5523999999978;987.2255000000087;
4335.000000000125;989.9856000000557;987.2255000000087;966.5523999999978;967.4325999999978;993.9632000000336;987.2255000000087;991.9744000000446;987.2255000000087;982.1331000000011;982.1331000000011;982.1331000000011;981.5170000000012;953.7894999999969;982.1331000000011;966.5523999999978;987.2255000000087;
4336.000000000125;989.9856000000557;987.2255000000087;966.5523999999978;967.4325999999978;993.9632000000336;987.2255000000087;991.9744000000446;987.2255000000087;982.1331000000011;982.1331000000011;982.1331000000011;981.5170000000012;953.7894999999969;982.1331000000011;966.5523999999978;987.2255000000087;
4337.000000000125;989.9856000000557;987.2255000000087;966.5523999999978;967.4325999999978;993.9632000000336;987.2255000000087;991.9744000000446;987.2255000000087;982.1331000000011;982.1331000000011;982.1331000000011;981.5170000000012;953.7894999999969;982.1331000000011;966.5523999999978;987.2255000000087;
4338.000000000125;989.9856000000557;987.2255000000087;966.5523999999978;967.4325999999978;993.9632000000336;987.2255000000087;991.9744000000446;987.2255000000087;982.1331000000011;982.1331000000011;982.1331000000011;981.5170000000012;953.7894999999969;982.1331000000011;966.5523999999978;987.2255000000087;
4339.000000000125;989.9856000000557;987.2255000000087;966.5523999999978;967.4325999999978;993.9632000000336;987.2255000000087;991.9744000000446;987.2255000000087;982.1331000000011;982.1331000000011;982.1331000000011;981.5170000000012;953.7894999999969;982.1331000000011;966.5523999999978;987.2255000000087;
4340.000000000125;989.9856000000557;987.2255000000087;966.5523999999978;967.4325999999978;993.9632000000336;987.2255000000087;991.9744000000446;987.2255000000087;982.1331000000011;982.1331000000011;982.1331000000011;981.5170000000012;953.7894999999969;982.1331000000011;966.5523999999978;987.2255000000087;
4341.000000000125;989.9856000000557;987.2255000000087;966.5523999999978;967.4325999999978;993.9632000000336;987.2255000000087;991.9744000000446;987.2255000000087;982.1331000000011;982.1331000000011;982.1331000000011;981.5170000000012;953.7894999999969;982.1331000000011;966.5523999999978;987.2255000000087;
4342.000000000125;989.9856000000557;987.2255000000087;966.5523999999978;967.4325999999978;993.9632000000336;987.2255000000087;991.9744000000446;987.2255000000087;982.1331000000011;982.1331000000011;982.1331000000011;981.5170000000012;953.7894999999969;982.1331000000011;966.5523999999978;987.2255000000087;
4343.000000000125;989.9856000000557;987.2255000000087;966.5523999999978;967.4325999999978;993.9632000000336;987.2255000000087;991.9744000000446;987.2255000000087;982.1331000000011;982.1331000000011;982.1331000000011;981.5170000000012;953.7894999999969;982.1331000000011;966.5523999999978;987.2255000000087;
4344.000000000125;989.9856000000557;987.2255000000087;966.5523999999978;967.4325999999978;993.9632000000336;987.2255000000087;991.9744000000446;987.2255000000087;982.1331000000011;982.1331000000011;982.1331000000011;981.5170000000012;953.7894999999969;982.1331000000011;966.5523999999978;987.2255000000087;
4345.000000000125;989.9856000000557;987.2255000000087;966.5523999999978;967.4325999999978;993.9632000000336;987.2255000000087;991.9744000000446;987.2255000000087;982.1331000000011;982.1331000000011;982.1331000000011;981.5170000000012;953.7894999999969;982.1331000000011;966.5523999999978;987.2255000000087;
4346.000000000125;989.9856000000557;987.2255000000087;966.5523999999978;967.4325999999978;993.9632000000336;987.2255000000087;991.9744000000446;987.2255000000087;982.1331000000011;982.1331000000011;982.1331000000011;981.5170000000012;953.7894999999969;982.1331000000011;966.5523999999978;987.2255000000087;
4347.000000000125;989.9856000000557;987.2255000000087;966.5523999999978;967.4325999999978;993.9632000000336;987.2255000000087;991.9744000000446;987.2255000000087;982.1331000000011;982.1331000000011;982.1331000000011;981.5170000000012;953.7894999999969;982.1331000000011;966.5523999999978;987.2255000000087;
4348.000000000125;989.9856000000557;987.2255000000087;966.5523999999978;967.4325999999978;993.9632000000336;987.2255000000087;991.9744000000446;987.2255000000087;982.1331000000011;982.1331000000011;982.1331000000011;981.5170000000012;953.7894999999969;982.1331000000011;966.5523999999978;987.2255000000087;
4349.000000000125;989.9856000000557;987.2255000000087;966.5523999999978;967.4325999999978;993.9632000000336;987.2255000000087;991.9744000000446;987.2255000000087;982.1331000000011;982.1331000000011;982.1331000000011;981.5170000000012;953.7894999999969;982.1331000000011;966.5523999999978;987.2255000000087;
4349.771307327171;989.9856000000557;987.2255000000087;966.5523999999978;967.4325999999978;993.9632000000336;987.2254000000087;991.9744000000446;987.2255000000087;982.1331000000011;982.1331000000011;982.1331000000011;981.5170000000012;953.7894999999969;982.1331000000011;966.5523999999978;987.2255000000087;
4349.771307327171;989.9856000000557;987.2255000000087;966.5523999999978;967.4325999999978;993.9632000000336;987.1374000000087;991.9744000000446;987.2255000000087;982.1331000000011;982.1331000000011;982.1331000000011;981.5170000000012;953.7894999999969;982.1331000000011;966.5523999999978;987.2255000000087;
4349.7766233271705;989.9768000000557;987.2255000000087;966.5523999999978;967.4325999999978;993.9632000000336;987.1374000000087;991.9744000000446;987.2255000000087;982.1331000000011;982.1331000000011;982.1331000000011;981.5170000000012;953.7894999999969;982.1331000000011;966.5523999999978;987.2255000000087;
4349.7766233271705;989.9680000000558;987.2255000000087;966.5523999999978;967.4325999999978;993.9632000000336;987.1374000000087;991.9744000000446;987.2255000000087;982.1331000000011;982.1331000000011;982.1331000000011;981.5170000000012;953.7894999999969;982.1331000000011;966.5523999999978;987.2255000000087;
4349.78193932717;989.9680000000558;987.2255000000087;966.5523999999978;967.4325999999978;993.9632000000336;987.1374000000087;991.9656000000447;987.2255000000087;982.1331000000011;982.1331000000011;982.1331000000011;981.5170000000012;953.7894999999969;982.1331000000011;966.5523999999978;987.2255000000087;
4349.894086030153;989.9680000000558;987.2255000000087;966.5523999999978;967.4325999999978;993.9632000000336;987.1374000000087;991.9656000000447;987.2255000000087;982.1330000000012;982.1331000000011;982.1331000000011;981.5170000000012;953.7894999999969;982.1331000000011;966.5523999999978;987.2255000000087;
4349.894086030153;989.9680000000558;987.2255000000087;966.5523999999978;967.4325999999978;993.9632000000336;987.1374000000087;991.9656000000447;987.2255000000087;981.5170000000012;982.1331000000011;982.1331000000011;981.5170000000012;953.7894999999969;982.1331000000011;966.5523999999978;987.2255000000087;
4349.8994020301525;989.9592000000558;987.2255000000087;966.5523999999978;967.4325999999978;993.9632000000336;987.1374000000087;991.9656000000447;987.2255000000087;981.5170000000012;982.1331000000011;982.1331000000011;981.5170000000012;953.7894999999969;982.1331000000011;966.5523999999978;987.2255000000087;
4349.903664579591;989.9592000000558;987.2255000000087;966.5523999999978;967.4325999999978;993.9632000000336;987.1374000000087;991.9656000000447;987.2255000000087;981.5170000000012;982.1331000000011;982.1331000000011;981.5170000000012;953.7893999999969;982.1331000000011;966.5523999999978;987.2255000000087;
4349.903664579591;989.9592000000558;987.2255000000087;966.5523999999978;967.4325999999978;993.9632000000336;987.1374000000087;991.9656000000447;987.2255000000087;981.5170000000012;982.1331000000011;982.1331000000011;981.5170000000012;953.3493999999969;982.1331000000011;966.5523999999978;987.2255000000087;
4349.908980579591;989.9592000000558;987.2255000000087;966.5523999999978;967.4325999999978;993.9544000000336;987.1374000000087;991.9656000000447;987.2255000000087;981.5170000000012;982.1331000000011;982.1331000000011;981.5170000000012;953.3493999999969;982.1331000000011;966.5523999999978;987.2255000000087;
4349.908980579591;989.9592000000558;987.2255000000087;966.5523999999978;967.4325999999978;993.9456000000337;987.1374000000087;991.9656000000447;987.2255000000087;981.5170000000012;982.1331000000011;982.1331000000011;981.5170000000012;953.3493999999969;982.1331000000011;966.5523999999978;987.2255000000087;
4350.776628103505;989.932800000056;987.1374000000087;966.5523999999978;966.9924999999978;993.9104000000339;987.1374000000087;991.9568000000447;987.1374000000087;981.5170000000012;981.5170000000012;981.5170000000012;981.5170000000012;953.3493999999969;981.5170000000012;966.1122999999977;987.1374000000087;
4351.776632879841;989.924000000056;987.1374000000087;966.5523999999978;966.9924999999978;993.9016000000339;987.1374000000087;991.9392000000448;987.1374000000087;981.5170000000012;981.5170000000012;981.5170000000012;981.5170000000012;953.3493999999969;981.5170000000012;966.1122999999977;987.1374000000087;
4351.908960285544;989.9152000000561;987.1374000000087;966.5523999999978;966.9924999999978;993.9016000000339;987.1374000000087;991.9304000000449;987.1374000000087;981.5170000000012;981.5170000000012;981.5170000000012;981.5170000000012;953.3493999999969;981.5170000000012;966.1122999999977;987.1374000000087;
4352.776637656178;989.9152000000561;987.1374000000087;966.5523999999978;966.9924999999978;993.892800000034;987.1374000000087;991.9216000000449;987.1374000000087;981.5170000000012;981.5170000000012;981.5170000000012;981.5170000000012;953.3493999999969;981.5170000000012;966.1122999999977;987.1374000000087;
4353.776642432515;989.9064000000561;987.1374000000087;966.5523999999978;966.9924999999978;993.884000000034;987.1374000000087;991.904000000045;987.1374000000087;981.5170000000012;981.5170000000012;981.5170000000012;981.5170000000012;953.3493999999969;981.5170000000012;966.1122999999977;987.1374000000087;
4354.000000000118;989.8976000000562;987.1374000000087;966.5523999999978;966.9924999999978;993.875200000034;987.1374000000087;991.8864000000451;987.1374000000087;981.5170000000012;981.5170000000012;981.5170000000012;981.5170000000012;953.3493999999969;981.5170000000012;966.1122999999977;987.1374000000087;
4354.7766472088515;989.8976000000562;987.1374000000087;966.5523999999978;966.9924999999978;993.875200000034;987.1374000000087;991.8864000000451;987.1374000000087;981.5170000000012;981.5170000000012;981.5170000000012;981.5170000000012;953.3493999999969;981.5170000000012;966.1122999999977;987.1374000000087;
4356.000000000118;989.8976000000562;987.1374000000087;966.5523999999978;966.9924999999978;993.875200000034;987.1374000000087;991.8864000000451;987.1374000000087;981.5170000000012;981.5170000000012;981.5170000000012;981.5170000000012;953.3493999999969;981.5170000000012;966.1122999999977;987.1374000000087;
4357.000000000118;989.8976000000562;987.1374000000087;966.5523999999978;966.9924999999978;993.875200000034;987.1374000000087;991.8864000000451;987.1374000000087;981.5170000000012;981.5170000000012;981.5170000000012;981.5170000000012;953.3493999999969;981.5170000000012;966.1122999999977;987.1374000000087;
4358.000000000118;989.8976000000562;987.1374000000087;966.5523999999978;966.9924999999978;993.875200000034;987.1374000000087;991.8864000000451;987.1374000000087;981.5170000000012;981.5170000000012;981.5170000000012;981.5170000000012;953.3493999999969;981.5170000000012;966.1122999999977;987.1374000000087;
4359.000000000118;989.8976000000562;987.1374000000087;966.5523999999978;966.9924999999978;993.875200000034;987.1374000000087;991.8864000000451;987.1374000000087;981.5170000000012;981.5170000000012;981.5170000000012;981.5170000000012;953.3493999999969;981.5170000000012;966.1122999999977;987.1374000000087;
4360.000000000118;989.8976000000562;987.1374000000087;966.5523999999978;966.9924999999978;993.875200000034;987.1374000000087;991.8864000000451;987.1374000000087;981.5170000000012;981.5170000000012;981.5170000000012;981.5170000000012;953.3493999999969;981.5170000000012;966.1122999999977;987.1374000000087;
4361.000000000118;989.8976000000562;987.1374000000087;966.5523999999978;966.9924999999978;993.875200000034;987.1374000000087;991.8864000000451;987.1374000000087;981.5170000000012;981.5170000000012;981.5170000000012;981.5170000000012;953.3493999999969;981.5170000000012;966.1122999999977;987.1374000000087;
4362.000000000118;989.8976000000562;987.1374000000087;966.5523999999978;966.9924999999978;993.875200000034;987.1374000000087;991.8864000000451;987.1374000000087;981.5170000000012;981.5170000000012;981.5170000000012;981.5170000000012;953.3493999999969;981.5170000000012;966.1122999999977;987.1374000000087;
4363.000000000118;989.8976000000562;987.1374000000087;966.5523999999978;966.9924999999978;993.875200000034;987.1374000000087;991.8864000000451;987.1374000000087;981.5170000000012;981.5170000000012;981.5170000000012;981.5170000000012;953.3493999999969;981.5170000000012;966.1122999999977;987.1374000000087;
4364.000000000118;989.8976000000562;987.1374000000087;966.5523999999978;966.9924999999978;993.875200000034;987.1374000000087;991.8864000000451;987.1374000000087;981.5170000000012;981.5170000000012;981.5170000000012;981.5170000000012;953.3493999999969;981.5170000000012;966.1122999999977;987.1374000000087;
4365.000000000118;989.8976000000562;987.1374000000087;966.5523999999978;966.9924999999978;993.875200000034;987.1374000000087;991.8864000000451;987.1374000000087;981.5170000000012;981.5170000000012;981.5170000000012;981.5170000000012;953.3493999999969;981.5170000000012;966.1122999999977;987.1374000000087;
4366.000000000118;989.8976000000562;987.1374000000087;966.5523999999978;966.9924999999978;993.875200000034;987.1374000000087;991.8864000000451;987.1374000000087;981.5170000000012;981.5170000000012;981.5170000000012;981.5170000000012;953.3493999999969;981.5170000000012;966.1122999999977;987.1374000000087;
4367.000000000118;989.8976000000562;987.1374000000087;966.5523999999978;966.9924999999978;993.875200000034;987.1374000000087;991.8864000000451;987.1374000000087;981.5170000000012;981.5170000000012;981.5170000000012;981.5170000000012;953.3493999999969;981.5170000000012;966.1122999999977;987.1374000000087;
4368.000000000118;989.8976000000562;987.1374000000087;966.5523999999978;966.9924999999978;993.875200000034;987.1374000000087;991.8864000000451;987.1374000000087;981.5170000000012;981.5170000000012;981.5170000000012;981.5170000000012;953.3493999999969;981.5170000000012;966.1122999999977;987.1374000000087;
4369.000000000118;989.8976000000562;987.1374000000087;966.5523999999978;966.9924999999978;993.875200000034;987.1374000000087;991.8864000000451;987.1374000000087;981.5170000000012;981.5170000000012;981.5170000000012;981.5170000000012;953.3493999999969;981.5170000000012;966.1122999999977;987.1374000000087;
4370.000000000118;989.8976000000562;987.1374000000087;966.5523999999978;966.9924999999978;993.875200000034;987.1374000000087;991.8864000000451;987.1374000000087;981.5170000000012;981.5170000000012;981.5170000000012;981.5170000000012;953.3493999999969;981.5170000000012;966.1122999999977;987.1374000000087;
4371.000000000118;989.8976000000562;987.1374000000087;966.5523999999978;966.9924999999978;993.875200000034;987.1374000000087;991.8864000000451;987.1374000000087;981.5170000000012;981.5170000000012;981.5170000000012;981.5170000000012;953.3493999999969;981.5170000000012;966.1122999999977;987.1374000000087;
4372.000000000118;989.8976000000562;987.1374000000087;966.5523999999978;966.9924999999978;993.875200000034;987.1374000000087;991.8864000000451;987.1374000000087;981.5170000000012;981.5170000000012;981.5170000000012;981.5170000000012;953.3493999999969;981.5170000000012;966.1122999999977;987.1374000000087;
4373.000000000118;989.8976000000562;987.1374000000087;966.5523999999978;966.9924999999978;993.875200000034;987.1374000000087;991.8864000000451;987.1374000000087;981.5170000000012;981.5170000000012;981.5170000000012;981.5170000000012;953.3493999999969;981.5170000000012;966.1122999999977;987.1374000000087;
4374.000000000118;989.8976000000562;987.1374000000087;966.5523999999978;966.9924999999978;993.875200000034;987.1374000000087;991.8864000000451;987.1374000000087;981.5170000000012;981.5170000000012;981.5170000000012;981.5170000000012;953.3493999999969;981.5170000000012;966.1122999999977;987.1374000000087;
4375.000000000118;989.8976000000562;987.1374000000087;966.5523999999978;966.9924999999978;993.875200000034;987.1374000000087;991.8864000000451;987.1374000000087;981.5170000000012;981.5170000000012;981.5170000000012;981.5170000000012;953.3493999999969;981.5170000000012;966.1122999999977;987.1374000000087;
4376.000000000118;989.8976000000562;987.1374000000087;966.5523999999978;966.9924999999978;993.875200000034;987.1374000000087;991.8864000000451;987.1374000000087;981.5170000000012;981.5170000000012;981.5170000000012;981.5170000000012;953.3493999999969;981.5170000000012;966.1122999999977;987.1374000000087;
4377.000000000118;989.8976000000562;987.1374000000087;966.5523999999978;966.9924999999978;993.875200000034;987.1374000000087;991.8864000000451;987.1374000000087;981.5170000000012;981.5170000000012;981.5170000000012;981.5170000000012;953.3493999999969;981.5170000000012;966.1122999999977;987.1374000000087;
4378.000000000118;989.8976000000562;987.1374000000087;966.5523999999978;966.9924999999978;993.875200000034;987.1374000000087;991.8864000000451;987.1374000000087;981.5170000000012;981.5170000000012;981.5170000000012;981.5170000000012;953.3493999999969;981.5170000000012;966.1122999999977;987.1374000000087;
4379.000000000118;989.8976000000562;987.1374000000087;966.5523999999978;966.9924999999978;993.875200000034;987.1374000000087;991.8864000000451;987.1374000000087;981.5170000000012;981.5170000000012;981.5170000000012;981.5170000000012;953.3493999999969;981.5170000000012;966.1122999999977;987.1374000000087;
4379.771280064898;989.8976000000562;987.1374000000087;966.5523999999978;966.9924999999978;993.875200000034;987.1373000000087;991.8864000000451;987.1374000000087;981.5170000000012;981.5170000000012;981.5170000000012;981.5170000000012;953.3493999999969;981.5170000000012;966.1122999999977;987.1374000000087;
4379.771280064898;989.8976000000562;987.1374000000087;966.5523999999978;966.9924999999978;993.875200000034;987.0493000000088;991.8864000000451;987.1374000000087;981.5170000000012;981.5170000000012;981.5170000000012;981.5170000000012;953.3493999999969;981.5170000000012;966.1122999999977;987.1374000000087;
4379.776596064898;989.8888000000562;987.1374000000087;966.5523999999978;966.9924999999978;993.875200000034;987.0493000000088;991.8864000000451;987.1374000000087;981.5170000000012;981.5170000000012;981.5170000000012;981.5170000000012;953.3493999999969;981.5170000000012;966.1122999999977;987.1374000000087;
4379.776596064898;989.8800000000563;987.1374000000087;966.5523999999978;966.9924999999978;993.875200000034;987.0493000000088;991.8864000000451;987.1374000000087;981.5170000000012;981.5170000000012;981.5170000000012;981.5170000000012;953.3493999999969;981.5170000000012;966.1122999999977;987.1374000000087;
4379.781912064897;989.8800000000563;987.1374000000087;966.5523999999978;966.9924999999978;993.875200000034;987.0493000000088;991.8776000000452;987.1374000000087;981.5170000000012;981.5170000000012;981.5170000000012;981.5170000000012;953.3493999999969;981.5170000000012;966.1122999999977;987.1374000000087;
4379.803995949965;989.8800000000563;987.1374000000087;966.5522999999978;966.9924999999978;993.875200000034;987.0493000000088;991.8776000000452;987.1374000000087;981.5170000000012;981.5170000000012;981.5170000000012;981.5170000000012;953.3493999999969;981.5170000000012;966.1122999999977;987.1374000000087;
4379.803995949965;989.8800000000563;987.1374000000087;966.1122999999977;966.9924999999978;993.875200000034;987.0493000000088;991.8776000000452;987.1374000000087;981.5170000000012;981.5170000000012;981.5170000000012;981.5170000000012;953.3493999999969;981.5170000000012;966.1122999999977;987.1374000000087;
4379.8093119499645;989.8712000000563;987.1374000000087;966.1122999999977;966.9924999999978;993.875200000034;987.0493000000088;991.8776000000452;987.1374000000087;981.5170000000012;981.5170000000012;981.5170000000012;981.5170000000012;953.3493999999969;981.5170000000012;966.1122999999977;987.1374000000087;
4379.901936969456;989.8712000000563;987.1374000000087;966.1122999999977;966.9924999999978;993.875200000034;987.0493000000088;991.8776000000452;987.1374000000087;981.5170000000012;981.5170000000012;981.5170000000012;981.5170000000012;953.3492999999969;981.5170000000012;966.1122999999977;987.1374000000087;
4379.901936969456;989.8712000000563;987.1374000000087;966.1122999999977;966.9924999999978;993.875200000034;987.0493000000088;991.8776000000452;987.1374000000087;981.5170000000012;981.5170000000012;981.5170000000012;981.5170000000012;952.9092999999968;981.5170000000012;966.1122999999977;987.1374000000087;
4379.907252969456;989.8712000000563;987.1374000000087;966.1122999999977;966.9924999999978;993.8664000000341;987.0493000000088;991.8776000000452;987.1374000000087;981.5170000000012;981.5170000000012;981.5170000000012;981.5170000000012;952.9092999999968;981.5170000000012;966.1122999999977;987.1374000000087;
4379.907252969456;989.8712000000563;987.1374000000087;966.1122999999977;966.9924999999978;993.8576000000342;987.0493000000088;991.8776000000452;987.1374000000087;981.5170000000012;981.5170000000012;981.5170000000012;981.5170000000012;952.9092999999968;981.5170000000012;966.1122999999977;987.1374000000087;
4380.776600841234;989.8536000000564;987.0493000000088;966.1122999999977;966.9924999999978;993.8488000000342;987.0493000000088;991.8688000000452;987.0493000000088;981.5170000000012;981.5170000000012;981.5170000000012;981.5170000000012;952.9092999999968;981.5170000000012;965.6721999999977;987.0493000000088;
4381.7766056175715;989.8448000000565;987.0493000000088;966.1122999999977;966.9924999999978;993.8400000000343;987.0493000000088;991.8512000000453;987.0493000000088;981.5170000000012;981.5170000000012;981.5170000000012;981.5170000000012;952.9092999999968;981.5170000000012;965.6721999999977;987.0493000000088;
4382.000000000117;989.8360000000565;987.0493000000088;966.1122999999977;966.9924999999978;993.8400000000343;987.0493000000088;991.8424000000454;987.0493000000088;981.5170000000012;981.5170000000012;981.5170000000012;981.5170000000012;952.9092999999968;981.5170000000012;965.6721999999977;987.0493000000088;
4382.776610393909;989.8360000000565;987.0493000000088;966.1122999999977;966.9924999999978;993.8400000000343;987.0493000000088;991.8424000000454;987.0493000000088;981.5170000000012;981.5170000000012;981.5170000000012;981.5170000000012;952.9092999999968;981.5170000000012;965.6721999999977;987.0493000000088;
4383.776615170246;989.8272000000566;987.0493000000088;966.1122999999977;966.9924999999978;993.8400000000343;987.0493000000088;991.8336000000454;987.0493000000088;981.5170000000012;981.5170000000012;981.5170000000012;981.5170000000012;952.9092999999968;981.5170000000012;965.6721999999977;987.0493000000088;
4385.000000000117;989.8272000000566;987.0493000000088;966.1122999999977;966.9924999999978;993.8400000000343;987.0493000000088;991.8336000000454;987.0493000000088;981.5170000000012;981.5170000000012;981.5170000000012;981.5170000000012;952.9092999999968;981.5170000000012;965.6721999999977;987.0493000000088;
4386.000000000117;989.8272000000566;987.0493000000088;966.1122999999977;966.9924999999978;993.8400000000343;987.0493000000088;991.8336000000454;987.0493000000088;981.5170000000012;981.5170000000012;981.5170000000012;981.5170000000012;952.9092999999968;981.5170000000012;965.6721999999977;987.0493000000088;
4387.000000000117;989.8272000000566;987.0493000000088;966.1122999999977;966.9924999999978;993.8400000000343;987.0493000000088;991.8336000000454;987.0493000000088;981.5170000000012;981.5170000000012;981.5170000000012;981.5170000000012;952.9092999999968;981.5170000000012;965.6721999999977;987.0493000000088;
4388.000000000117;989.8272000000566;987.0493000000088;966.1122999999977;966.9924999999978;993.8400000000343;987.0493000000088;991.8336000000454;987.0493000000088;981.5170000000012;981.5170000000012;981.5170000000012;981.5170000000012;952.9092999999968;981.5170000000012;965.6721999999977;987.0493000000088;
4389.000000000117;989.8272000000566;987.0493000000088;966.1122999999977;966.9924999999978;993.8400000000343;987.0493000000088;991.8336000000454;987.0493000000088;981.5170000000012;981.5170000000012;981.5170000000012;981.5170000000012;952.9092999999968;981.5170000000012;965.6721999999977;987.0493000000088;
4390.000000000117;989.8272000000566;987.0493000000088;966.1122999999977;966.9924999999978;993.8400000000343;987.0493000000088;991.8336000000454;987.0493000000088;981.5170000000012;981.5170000000012;981.5170000000012;981.5170000000012;952.9092999999968;981.5170000000012;965.6721999999977;987.0493000000088;
4391.000000000117;989.8272000000566;987.0493000000088;966.1122999999977;966.9924999999978;993.8400000000343;987.0493000000088;991.8336000000454;987.0493000000088;981.5170000000012;981.5170000000012;981.5170000000012;981.5170000000012;952.9092999999968;981.5170000000012;965.6721999999977;987.0493000000088;
4392.000000000117;989.8272000000566;987.0493000000088;966.1122999999977;966.9924999999978;993.8400000000343;987.0493000000088;991.8336000000454;987.0493000000088;981.5170000000012;981.5170000000012;981.5170000000012;981.5170000000012;952.9092999999968;981.5170000000012;965.6721999999977;987.0493000000088;
4393.000000000117;989.8272000000566;987.0493000000088;966.1122999999977;966.9924999999978;993.8400000000343;987.0493000000088;991.8336000000454;987.0493000000088;981.5170000000012;981.5170000000012;981.5170000000012;981.5170000000012;952.9092999999968;981.5170000000012;965.6721999999977;987.0493000000088;
4394.000000000117;989.8272000000566;987.0493000000088;966.1122999999977;966.9924999999978;993.8400000000343;987.0493000000088;991.8336000000454;987.0493000000088;981.5170000000012;981.5170000000012;981.5170000000012;981.5170000000012;952.9092999999968;981.5170000000012;965.6721999999977;987.0493000000088;
4395.000000000117;989.8272000000566;987.0493000000088;966.1122999999977;966.9924999999978;993.8400000000343;987.0493000000088;991.8336000000454;987.0493000000088;981.5170000000012;981.5170000000012;981.5170000000012;981.5170000000012;952.9092999999968;981.5170000000012;965.6721999999977;987.0493000000088;
4396.000000000117;989.8272000000566;987.0493000000088;966.1122999999977;966.9924999999978;993.8400000000343;987.0493000000088;991.8336000000454;987.0493000000088;981.5170000000012;981.5170000000012;981.5170000000012;981.5170000000012;952.9092999999968;981.5170000000012;965.6721999999977;987.0493000000088;
4397.000000000117;989.8272000000566;987.0493000000088;966.1122999999977;966.9924999999978;993.8400000000343;987.0493000000088;991.8336000000454;987.0493000000088;981.5170000000012;981.5170000000012;981.5170000000012;981.5170000000012;952.9092999999968;981.5170000000012;965.6721999999977;987.0493000000088;
4398.000000000117;989.8272000000566;987.0493000000088;966.1122999999977;966.9924999999978;993.8400000000343;987.0493000000088;991.8336000000454;987.0493000000088;981.5170000000012;981.5170000000012;981.5170000000012;981.5170000000012;952.9092999999968;981.5170000000012;965.6721999999977;987.0493000000088;
4399.000000000117;989.8272000000566;987.0493000000088;966.1122999999977;966.9924999999978;993.8400000000343;987.0493000000088;991.8336000000454;987.0493000000088;981.5170000000012;981.5170000000012;981.5170000000012;981.5170000000012;952.9092999999968;981.5170000000012;965.6721999999977;987.0493000000088;
4400.000000000117;989.8272000000566;987.0493000000088;966.1122999999977;966.9924999999978;993.8400000000343;987.0493000000088;991.8336000000454;987.0493000000088;981.5170000000012;981.5170000000012;981.5170000000012;981.5170000000012;952.9092999999968;981.5170000000012;965.6721999999977;987.0493000000088;
4401.000000000117;989.8272000000566;987.0493000000088;966.1122999999977;966.9924999999978;993.8400000000343;987.0493000000088;991.8336000000454;987.0493000000088;981.5170000000012;981.5170000000012;981.5170000000012;981.5170000000012;952.9092999999968;981.5170000000012;965.6721999999977;987.0493000000088;
4402.000000000117;989.8272000000566;987.0493000000088;966.1122999999977;966.9924999999978;993.8400000000343;987.0493000000088;991.8336000000454;987.0493000000088;981.5170000000012;981.5170000000012;981.5170000000012;981.5170000000012;952.9092999999968;981.5170000000012;965.6721999999977;987.0493000000088;
4403.000000000117;989.8272000000566;987.0493000000088;966.1122999999977;966.9924999999978;993.8400000000343;987.0493000000088;991.8336000000454;987.0493000000088;981.5170000000012;981.5170000000012;981.5170000000012;981.5170000000012;952.9092999999968;981.5170000000012;965.6721999999977;987.0493000000088;
4404.000000000117;989.8272000000566;987.0493000000088;966.1122999999977;966.9924999999978;993.8400000000343;987.0493000000088;991.8336000000454;987.0493000000088;981.5170000000012;981.5170000000012;981.5170000000012;981.5170000000012;952.9092999999968;981.5170000000012;965.6721999999977;987.0493000000088;
4405.000000000117;989.8272000000566;987.0493000000088;966.1122999999977;966.9924999999978;993.8400000000343;987.0493000000088;991.8336000000454;987.0493000000088;981.5170000000012;981.5170000000012;981.5170000000012;981.5170000000012;952.9092999999968;981.5170000000012;965.6721999999977;987.0493000000088;
4406.000000000117;989.8272000000566;987.0493000000088;966.1122999999977;966.9924999999978;993.8400000000343;987.0493000000088;991.8336000000454;987.0493000000088;981.5170000000012;981.5170000000012;981.5170000000012;981.5170000000012;952.9092999999968;981.5170000000012;965.6721999999977;987.0493000000088;
4407.000000000117;989.8272000000566;987.0493000000088;966.1122999999977;966.9924999999978;993.8400000000343;987.0493000000088;991.8336000000454;987.0493000000088;981.5170000000012;981.5170000000012;981.5170000000012;981.5170000000012;952.9092999999968;981.5170000000012;965.6721999999977;987.0493000000088;
4408.000000000117;989.8272000000566;987.0493000000088;966.1122999999977;966.9924999999978;993.8400000000343;987.0493000000088;991.8336000000454;987.0493000000088;981.5170000000012;981.5170000000012;981.5170000000012;981.5170000000012;952.9092999999968;981.5170000000012;965.6721999999977;987.0493000000088;
4409.000000000117;989.8272000000566;987.0493000000088;966.1122999999977;966.9924999999978;993.8400000000343;987.0493000000088;991.8336000000454;987.0493000000088;981.5170000000012;981.5170000000012;981.5170000000012;981.5170000000012;952.9092999999968;981.5170000000012;965.6721999999977;987.0493000000088;
4409.771252802631;989.8272000000566;987.0493000000088;966.1122999999977;966.9924999999978;993.8400000000343;987.0492000000088;991.8336000000454;987.0493000000088;981.5170000000012;981.5170000000012;981.5170000000012;981.5170000000012;952.9092999999968;981.5170000000012;965.6721999999977;987.0493000000088;
4409.771252802631;989.8272000000566;987.0493000000088;966.1122999999977;966.9924999999978;993.8400000000343;986.9612000000088;991.8336000000454;987.0493000000088;981.5170000000012;981.5170000000012;981.5170000000012;981.5170000000012;952.9092999999968;981.5170000000012;965.6721999999977;987.0493000000088;
4409.776568802631;989.8184000000566;987.0493000000088;966.1122999999977;966.9924999999978;993.8400000000343;986.9612000000088;991.8336000000454;987.0493000000088;981.5170000000012;981.5170000000012;981.5170000000012;981.5170000000012;952.9092999999968;981.5170000000012;965.6721999999977;987.0493000000088;
4409.776568802631;989.8096000000567;987.0493000000088;966.1122999999977;966.9924999999978;993.8400000000343;986.9612000000088;991.8336000000454;987.0493000000088;981.5170000000012;981.5170000000012;981.5170000000012;981.5170000000012;952.9092999999968;981.5170000000012;965.6721999999977;987.0493000000088;
4409.781884802631;989.8096000000567;987.0493000000088;966.1122999999977;966.9924999999978;993.8400000000343;986.9612000000088;991.8248000000455;987.0493000000088;981.5170000000012;981.5170000000012;981.5170000000012;981.5170000000012;952.9092999999968;981.5170000000012;965.6721999999977;987.0493000000088;
4409.900209359327;989.8096000000567;987.0493000000088;966.1122999999977;966.9924999999978;993.8400000000343;986.9612000000088;991.8248000000455;987.0493000000088;981.5170000000012;981.5170000000012;981.5170000000012;981.5170000000012;952.9091999999969;981.5170000000012;965.6721999999977;987.0493000000088;
4409.900209359327;989.8096000000567;987.0493000000088;966.1122999999977;966.9924999999978;993.8400000000343;986.9612000000088;991.8248000000455;987.0493000000088;981.5170000000012;981.5170000000012;981.5170000000012;981.5170000000012;952.4691999999968;981.5170000000012;965.6721999999977;987.0493000000088;
4409.905525359327;989.8096000000567;987.0493000000088;966.1122999999977;966.9924999999978;993.8312000000343;986.9612000000088;991.8248000000455;987.0493000000088;981.5170000000012;981.5170000000012;981.5170000000012;981.5170000000012;952.4691999999968;981.5170000000012;965.6721999999977;987.0493000000088;
4409.905525359327;989.8096000000567;987.0493000000088;966.1122999999977;966.9924999999978;993.8224000000343;986.9612000000088;991.8248000000455;987.0493000000088;981.5170000000012;981.5170000000012;981.5170000000012;981.5170000000012;952.4691999999968;981.5170000000012;965.6721999999977;987.0493000000088;
4409.910841359327;989.8096000000567;987.0493000000088;966.1122999999977;966.9924999999978;993.8224000000343;986.9612000000088;991.8160000000455;987.0493000000088;981.5170000000012;981.5170000000012;981.5170000000012;981.5170000000012;952.4691999999968;981.5170000000012;965.6721999999977;987.0493000000088;
4409.933240644528;989.8096000000567;987.0493000000088;966.1122999999977;966.9923999999978;993.8224000000343;986.9612000000088;991.8160000000455;987.0493000000088;981.5170000000012;981.5170000000012;981.5170000000012;981.5170000000012;952.4691999999968;981.5170000000012;965.6721999999977;987.0493000000088;
4409.933240644528;989.8096000000567;987.0493000000088;966.1122999999977;966.5523999999978;993.8224000000343;986.9612000000088;991.8160000000455;987.0493000000088;981.5170000000012;981.5170000000012;981.5170000000012;981.5170000000012;952.4691999999968;981.5170000000012;965.6721999999977;987.0493000000088;
4410.0000000001155;989.8008000000567;987.0493000000088;966.1122999999977;966.5523999999978;993.8136000000344;986.9612000000088;991.8160000000455;986.9612000000088;981.5170000000012;981.5170000000012;981.5170000000012;981.5170000000012;952.4691999999968;981.5170000000012;965.6721999999977;987.0493000000088;
4410.776573578966;989.7920000000568;986.9612000000088;966.1122999999977;966.5523999999978;993.8136000000344;986.9612000000088;991.8160000000455;986.9612000000088;981.5170000000012;981.5170000000012;981.5170000000012;981.5170000000012;952.4691999999968;981.5170000000012;965.6721999999977;986.9612000000088;
4411.776578355303;989.7832000000568;986.9612000000088;966.1122999999977;966.5523999999978;993.8048000000344;986.9612000000088;991.7984000000456;986.9612000000088;981.5170000000012;981.5170000000012;981.5170000000012;981.5170000000012;952.4691999999968;981.5170000000012;965.6721999999977;986.9612000000088;
4412.77658313164;989.7744000000569;986.9612000000088;966.1122999999977;966.5523999999978;993.8048000000344;986.9612000000088;991.7896000000457;986.9612000000088;981.5170000000012;981.5170000000012;981.5170000000012;981.5170000000012;952.4691999999968;981.5170000000012;965.6721999999977;986.9612000000088;
4413.000000000115;989.7744000000569;986.9612000000088;966.1122999999977;966.5523999999978;993.8048000000344;986.9612000000088;991.7896000000457;986.9612000000088;981.5170000000012;981.5170000000012;981.5170000000012;981.5170000000012;952.4691999999968;981.5170000000012;965.6721999999977;986.9612000000088;
4414.000000000115;989.7744000000569;986.9612000000088;966.1122999999977;966.5523999999978;993.8048000000344;986.9612000000088;991.7896000000457;986.9612000000088;981.5170000000012;981.5170000000012;981.5170000000012;981.5170000000012;952.4691999999968;981.5170000000012;965.6721999999977;986.9612000000088;
4415.000000000115;989.7744000000569;986.9612000000088;966.1122999999977;966.5523999999978;993.8048000000344;986.9612000000088;991.7896000000457;986.9612000000088;981.5170000000012;981.5170000000012;981.5170000000012;981.5170000000012;952.4691999999968;981.5170000000012;965.6721999999977;986.9612000000088;
4416.000000000115;989.7744000000569;986.9612000000088;966.1122999999977;966.5523999999978;993.8048000000344;986.9612000000088;991.7896000000457;986.9612000000088;981.5170000000012;981.5170000000012;981.5170000000012;981.5170000000012;952.4691999999968;981.5170000000012;965.6721999999977;986.9612000000088;
4417.000000000115;989.7744000000569;986.9612000000088;966.1122999999977;966.5523999999978;993.8048000000344;986.9612000000088;991.7896000000457;986.9612000000088;981.5170000000012;981.5170000000012;981.5170000000012;981.5170000000012;952.4691999999968;981.5170000000012;965.6721999999977;986.9612000000088;
4418.000000000115;989.7744000000569;986.9612000000088;966.1122999999977;966.5523999999978;993.8048000000344;986.9612000000088;991.7896000000457;986.9612000000088;981.5170000000012;981.5170000000012;981.5170000000012;981.5170000000012;952.4691999999968;981.5170000000012;965.6721999999977;986.9612000000088;
4419.000000000115;989.7744000000569;986.9612000000088;966.1122999999977;966.5523999999978;993.8048000000344;986.9612000000088;991.7896000000457;986.9612000000088;981.5170000000012;981.5170000000012;981.5170000000012;981.5170000000012;952.4691999999968;981.5170000000012;965.6721999999977;986.9612000000088;
4420.000000000115;989.7744000000569;986.9612000000088;966.1122999999977;966.5523999999978;993.8048000000344;986.9612000000088;991.7896000000457;986.9612000000088;981.5170000000012;981.5170000000012;981.5170000000012;981.5170000000012;952.4691999999968;981.5170000000012;965.6721999999977;986.9612000000088;
4421.000000000115;989.7744000000569;986.9612000000088;966.1122999999977;966.5523999999978;993.8048000000344;986.9612000000088;991.7896000000457;986.9612000000088;981.5170000000012;981.5170000000012;981.5170000000012;981.5170000000012;952.4691999999968;981.5170000000012;965.6721999999977;986.9612000000088;
4422.000000000115;989.7744000000569;986.9612000000088;966.1122999999977;966.5523999999978;993.8048000000344;986.9612000000088;991.7896000000457;986.9612000000088;981.5170000000012;981.5170000000012;981.5170000000012;981.5170000000012;952.4691999999968;981.5170000000012;965.6721999999977;986.9612000000088;
4423.000000000115;989.7744000000569;986.9612000000088;966.1122999999977;966.5523999999978;993.8048000000344;986.9612000000088;991.7896000000457;986.9612000000088;981.5170000000012;981.5170000000012;981.5170000000012;981.5170000000012;952.4691999999968;981.5170000000012;965.6721999999977;986.9612000000088;
4424.000000000115;989.7744000000569;986.9612000000088;966.1122999999977;966.5523999999978;993.8048000000344;986.9612000000088;991.7896000000457;986.9612000000088;981.5170000000012;981.5170000000012;981.5170000000012;981.5170000000012;952.4691999999968;981.5170000000012;965.6721999999977;986.9612000000088;
4425.000000000115;989.7744000000569;986.9612000000088;966.1122999999977;966.5523999999978;993.8048000000344;986.9612000000088;991.7896000000457;986.9612000000088;981.5170000000012;981.5170000000012;981.5170000000012;981.5170000000012;952.4691999999968;981.5170000000012;965.6721999999977;986.9612000000088;
4425.030436603678;989.7744000000569;986.9612000000088;966.1122999999977;966.5523999999978;993.8048000000344;986.9612000000088;991.7896000000457;986.9612000000088;981.5170000000012;981.5170000000012;981.5170000000012;981.5169000000012;952.4691999999968;981.5170000000012;965.6721999999977;986.9612000000088;
4425.030436603678;989.7744000000569;986.9612000000088;966.1122999999977;966.5523999999978;993.8048000000344;986.9612000000088;991.7896000000457;986.9612000000088;981.5170000000012;981.5170000000012;981.5170000000012;980.9009000000012;952.4691999999968;981.5170000000012;965.6721999999977;986.9612000000088;
4425.035752603678;989.7744000000569;986.9612000000088;966.1122999999977;966.5523999999978;993.7960000000345;986.9612000000088;991.7896000000457;986.9612000000088;981.5170000000012;981.5170000000012;981.5170000000012;980.9009000000012;952.4691999999968;981.5170000000012;965.6721999999977;986.9612000000088;
4425.035752603678;989.7744000000569;986.9612000000088;966.1122999999977;966.5523999999978;993.7872000000345;986.9612000000088;991.7896000000457;986.9612000000088;981.5170000000012;981.5170000000012;981.5170000000012;980.9009000000012;952.4691999999968;981.5170000000012;965.6721999999977;986.9612000000088;
4425.041068603678;989.7744000000569;986.9612000000088;966.1122999999977;966.5523999999978;993.7872000000345;986.9612000000088;991.7808000000457;986.9612000000088;981.5170000000012;981.5170000000012;981.5170000000012;980.9009000000012;952.4691999999968;981.5170000000012;965.6721999999977;986.9612000000088;
4426.000000000115;989.7744000000569;986.9612000000088;966.1122999999977;966.5523999999978;993.7872000000345;986.9612000000088;991.7808000000457;986.9612000000088;981.5170000000012;981.5170000000012;981.5170000000012;980.9009000000012;952.4691999999968;981.5170000000012;965.6721999999977;986.9612000000088;
4427.000000000115;989.7744000000569;986.9612000000088;966.1122999999977;966.5523999999978;993.7872000000345;986.9612000000088;991.7808000000457;986.9612000000088;981.5170000000012;981.5170000000012;981.5170000000012;980.9009000000012;952.4691999999968;981.5170000000012;965.6721999999977;986.9612000000088;
4428.000000000115;989.7744000000569;986.9612000000088;966.1122999999977;966.5523999999978;993.7872000000345;986.9612000000088;991.7808000000457;986.9612000000088;981.5170000000012;981.5170000000012;981.5170000000012;980.9009000000012;952.4691999999968;981.5170000000012;965.6721999999977;986.9612000000088;
4429.000000000115;989.7744000000569;986.9612000000088;966.1122999999977;966.5523999999978;993.7872000000345;986.9612000000088;991.7808000000457;986.9612000000088;981.5170000000012;981.5170000000012;981.5170000000012;980.9009000000012;952.4691999999968;981.5170000000012;965.6721999999977;986.9612000000088;
4430.000000000115;989.7744000000569;986.9612000000088;966.1122999999977;966.5523999999978;993.7872000000345;986.9612000000088;991.7808000000457;986.9612000000088;981.5170000000012;981.5170000000012;981.5170000000012;980.9009000000012;952.4691999999968;981.5170000000012;965.6721999999977;986.9612000000088;
4431.000000000115;989.7744000000569;986.9612000000088;966.1122999999977;966.5523999999978;993.7872000000345;986.9612000000088;991.7808000000457;986.9612000000088;981.5170000000012;981.5170000000012;981.5170000000012;980.9009000000012;952.4691999999968;981.5170000000012;965.6721999999977;986.9612000000088;
4432.000000000115;989.7744000000569;986.9612000000088;966.1122999999977;966.5523999999978;993.7872000000345;986.9612000000088;991.7808000000457;986.9612000000088;981.5170000000012;981.5170000000012;981.5170000000012;980.9009000000012;952.4691999999968;981.5170000000012;965.6721999999977;986.9612000000088;
4433.000000000115;989.7744000000569;986.9612000000088;966.1122999999977;966.5523999999978;993.7872000000345;986.9612000000088;991.7808000000457;986.9612000000088;981.5170000000012;981.5170000000012;981.5170000000012;980.9009000000012;952.4691999999968;981.5170000000012;965.6721999999977;986.9612000000088;
4434.000000000115;989.7744000000569;986.9612000000088;966.1122999999977;966.5523999999978;993.7872000000345;986.9612000000088;991.7808000000457;986.9612000000088;981.5170000000012;981.5170000000012;981.5170000000012;980.9009000000012;952.4691999999968;981.5170000000012;965.6721999999977;986.9612000000088;
4435.000000000115;989.7744000000569;986.9612000000088;966.1122999999977;966.5523999999978;993.7872000000345;986.9612000000088;991.7808000000457;986.9612000000088;981.5170000000012;981.5170000000012;981.5170000000012;980.9009000000012;952.4691999999968;981.5170000000012;965.6721999999977;986.9612000000088;
4436.000000000115;989.7744000000569;986.9612000000088;966.1122999999977;966.5523999999978;993.7872000000345;986.9612000000088;991.7808000000457;986.9612000000088;981.5170000000012;981.5170000000012;981.5170000000012;980.9009000000012;952.4691999999968;981.5170000000012;965.6721999999977;986.9612000000088;
4437.000000000115;989.7744000000569;986.9612000000088;966.1122999999977;966.5523999999978;993.7872000000345;986.9612000000088;991.7808000000457;986.9612000000088;981.5170000000012;981.5170000000012;981.5170000000012;980.9009000000012;952.4691999999968;981.5170000000012;965.6721999999977;986.9612000000088;
4438.000000000115;989.7744000000569;986.9612000000088;966.1122999999977;966.5523999999978;993.7872000000345;986.9612000000088;991.7808000000457;986.9612000000088;981.5170000000012;981.5170000000012;981.5170000000012;980.9009000000012;952.4691999999968;981.5170000000012;965.6721999999977;986.9612000000088;
4439.000000000115;989.7744000000569;986.9612000000088;966.1122999999977;966.5523999999978;993.7872000000345;986.9612000000088;991.7808000000457;986.9612000000088;981.5170000000012;981.5170000000012;981.5170000000012;980.9009000000012;952.4691999999968;981.5170000000012;965.6721999999977;986.9612000000088;
4439.771225540362;989.7744000000569;986.9612000000088;966.1122999999977;966.5523999999978;993.7872000000345;986.9611000000089;991.7808000000457;986.9612000000088;981.5170000000012;981.5170000000012;981.5170000000012;980.9009000000012;952.4691999999968;981.5170000000012;965.6721999999977;986.9612000000088;
4439.771225540362;989.7744000000569;986.9612000000088;966.1122999999977;966.5523999999978;993.7872000000345;986.8731000000089;991.7808000000457;986.9612000000088;981.5170000000012;981.5170000000012;981.5170000000012;980.9009000000012;952.4691999999968;981.5170000000012;965.6721999999977;986.9612000000088;
4439.776541540362;989.7656000000569;986.9612000000088;966.1122999999977;966.5523999999978;993.7872000000345;986.8731000000089;991.7808000000457;986.9612000000088;981.5170000000012;981.5170000000012;981.5170000000012;980.9009000000012;952.4691999999968;981.5170000000012;965.6721999999977;986.9612000000088;
4439.776541540362;989.756800000057;986.9612000000088;966.1122999999977;966.5523999999978;993.7872000000345;986.8731000000089;991.7808000000457;986.9612000000088;981.5170000000012;981.5170000000012;981.5170000000012;980.9009000000012;952.4691999999968;981.5170000000012;965.6721999999977;986.9612000000088;
4439.781857540362;989.756800000057;986.9612000000088;966.1122999999977;966.5523999999978;993.7872000000345;986.8731000000089;991.7720000000458;986.9612000000088;981.5170000000012;981.5170000000012;981.5170000000012;980.9009000000012;952.4691999999968;981.5170000000012;965.6721999999977;986.9612000000088;
4439.804003384108;989.756800000057;986.9612000000088;966.1121999999978;966.5523999999978;993.7872000000345;986.8731000000089;991.7720000000458;986.9612000000088;981.5170000000012;981.5170000000012;981.5170000000012;980.9009000000012;952.4691999999968;981.5170000000012;965.6721999999977;986.9612000000088;
4439.804003384108;989.756800000057;986.9612000000088;965.6721999999977;966.5523999999978;993.7872000000345;986.8731000000089;991.7720000000458;986.9612000000088;981.5170000000012;981.5170000000012;981.5170000000012;980.9009000000012;952.4691999999968;981.5170000000012;965.6721999999977;986.9612000000088;
4440.215999081354;989.7304000000571;986.8731000000089;965.6721999999977;966.5523999999978;993.7872000000345;986.8731000000089;991.7720000000458;986.8731000000089;981.5170000000012;981.5170000000012;981.5170000000012;980.9009000000012;952.4691999999968;981.5170000000012;965.6720999999977;986.8731000000089;
4441.000000000114;989.7216000000572;986.8731000000089;965.6721999999977;966.5523999999978;993.7696000000346;986.8731000000089;991.7544000000458;986.8731000000089;981.5170000000012;981.5170000000012;981.5170000000012;980.9009000000012;952.4691999999968;981.5170000000012;965.2320999999977;986.8731000000089;
4441.776551093035;989.7216000000572;986.8731000000089;965.6721999999977;966.5523999999978;993.7696000000346;986.8731000000089;991.7544000000458;986.8731000000089;981.5170000000012;981.5170000000012;981.5170000000012;980.9009000000012;952.4691999999968;981.5170000000012;965.2320999999977;986.8731000000089;
4442.776555869372;989.7128000000572;986.8731000000089;965.6721999999977;966.5523999999978;993.7696000000346;986.8731000000089;991.7456000000459;986.8731000000089;981.5170000000012;981.5170000000012;981.5170000000012;980.9009000000012;952.4691999999968;981.5170000000012;965.2320999999977;986.8731000000089;
4443.000000000113;989.7040000000572;986.8731000000089;965.6721999999977;966.5523999999978;993.7696000000346;986.8731000000089;991.736800000046;986.8731000000089;981.5170000000012;981.5170000000012;981.5170000000012;980.9009000000012;952.4691999999968;981.5170000000012;965.2320999999977;986.8731000000089;
4443.776560645709;989.7040000000572;986.8731000000089;965.6721999999977;966.5523999999978;993.7696000000346;986.8731000000089;991.736800000046;986.8731000000089;981.5170000000012;981.5170000000012;981.5170000000012;980.9009000000012;952.4691999999968;981.5170000000012;965.2320999999977;986.8731000000089;
4445.000000000113;989.7040000000572;986.8731000000089;965.6721999999977;966.5523999999978;993.7696000000346;986.8731000000089;991.736800000046;986.8731000000089;981.5170000000012;981.5170000000012;981.5170000000012;980.9009000000012;952.4691999999968;981.5170000000012;965.2320999999977;986.8731000000089;
4446.000000000113;989.7040000000572;986.8731000000089;965.6721999999977;966.5523999999978;993.7696000000346;986.8731000000089;991.736800000046;986.8731000000089;981.5170000000012;981.5170000000012;981.5170000000012;980.9009000000012;952.4691999999968;981.5170000000012;965.2320999999977;986.8731000000089;
4447.000000000113;989.7040000000572;986.8731000000089;965.6721999999977;966.5523999999978;993.7696000000346;986.8731000000089;991.736800000046;986.8731000000089;981.5170000000012;981.5170000000012;981.5170000000012;980.9009000000012;952.4691999999968;981.5170000000012;965.2320999999977;986.8731000000089;
4448.000000000113;989.7040000000572;986.8731000000089;965.6721999999977;966.5523999999978;993.7696000000346;986.8731000000089;991.736800000046;986.8731000000089;981.5170000000012;981.5170000000012;981.5170000000012;980.9009000000012;952.4691999999968;981.5170000000012;965.2320999999977;986.8731000000089;
4449.000000000113;989.7040000000572;986.8731000000089;965.6721999999977;966.5523999999978;993.7696000000346;986.8731000000089;991.736800000046;986.8731000000089;981.5170000000012;981.5170000000012;981.5170000000012;980.9009000000012;952.4691999999968;981.5170000000012;965.2320999999977;986.8731000000089;
4450.000000000113;989.7040000000572;986.8731000000089;965.6721999999977;966.5523999999978;993.7696000000346;986.8731000000089;991.736800000046;986.8731000000089;981.5170000000012;981.5170000000012;981.5170000000012;980.9009000000012;952.4691999999968;981.5170000000012;965.2320999999977;986.8731000000089;
4451.000000000113;989.7040000000572;986.8731000000089;965.6721999999977;966.5523999999978;993.7696000000346;986.8731000000089;991.736800000046;986.8731000000089;981.5170000000012;981.5170000000012;981.5170000000012;980.9009000000012;952.4691999999968;981.5170000000012;965.2320999999977;986.8731000000089;
4452.000000000113;989.7040000000572;986.8731000000089;965.6721999999977;966.5523999999978;993.7696000000346;986.8731000000089;991.736800000046;986.8731000000089;981.5170000000012;981.5170000000012;981.5170000000012;980.9009000000012;952.4691999999968;981.5170000000012;965.2320999999977;986.8731000000089;
4453.000000000113;989.7040000000572;986.8731000000089;965.6721999999977;966.5523999999978;993.7696000000346;986.8731000000089;991.736800000046;986.8731000000089;981.5170000000012;981.5170000000012;981.5170000000012;980.9009000000012;952.4691999999968;981.5170000000012;965.2320999999977;986.8731000000089;
4454.000000000113;989.7040000000572;986.8731000000089;965.6721999999977;966.5523999999978;993.7696000000346;986.8731000000089;991.736800000046;986.8731000000089;981.5170000000012;981.5170000000012;981.5170000000012;980.9009000000012;952.4691999999968;981.5170000000012;965.2320999999977;986.8731000000089;
4455.000000000113;989.7040000000572;986.8731000000089;965.6721999999977;966.5523999999978;993.7696000000346;986.8731000000089;991.736800000046;986.8731000000089;981.5170000000012;981.5170000000012;981.5170000000012;980.9009000000012;952.4691999999968;981.5170000000012;965.2320999999977;986.8731000000089;
4456.000000000113;989.7040000000572;986.8731000000089;965.6721999999977;966.5523999999978;993.7696000000346;986.8731000000089;991.736800000046;986.8731000000089;981.5170000000012;981.5170000000012;981.5170000000012;980.9009000000012;952.4691999999968;981.5170000000012;965.2320999999977;986.8731000000089;
4457.000000000113;989.7040000000572;986.8731000000089;965.6721999999977;966.5523999999978;993.7696000000346;986.8731000000089;991.736800000046;986.8731000000089;981.5170000000012;981.5170000000012;981.5170000000012;980.9009000000012;952.4691999999968;981.5170000000012;965.2320999999977;986.8731000000089;
4458.000000000113;989.7040000000572;986.8731000000089;965.6721999999977;966.5523999999978;993.7696000000346;986.8731000000089;991.736800000046;986.8731000000089;981.5170000000012;981.5170000000012;981.5170000000012;980.9009000000012;952.4691999999968;981.5170000000012;965.2320999999977;986.8731000000089;
4459.000000000113;989.7040000000572;986.8731000000089;965.6721999999977;966.5523999999978;993.7696000000346;986.8731000000089;991.736800000046;986.8731000000089;981.5170000000012;981.5170000000012;981.5170000000012;980.9009000000012;952.4691999999968;981.5170000000012;965.2320999999977;986.8731000000089;
4460.000000000113;989.7040000000572;986.8731000000089;965.6721999999977;966.5523999999978;993.7696000000346;986.8731000000089;991.736800000046;986.8731000000089;981.5170000000012;981.5170000000012;981.5170000000012;980.9009000000012;952.4691999999968;981.5170000000012;965.2320999999977;986.8731000000089;
4461.000000000113;989.7040000000572;986.8731000000089;965.6721999999977;966.5523999999978;993.7696000000346;986.8731000000089;991.736800000046;986.8731000000089;981.5170000000012;981.5170000000012;981.5170000000012;980.9009000000012;952.4691999999968;981.5170000000012;965.2320999999977;986.8731000000089;
4462.000000000113;989.7040000000572;986.8731000000089;965.6721999999977;966.5523999999978;993.7696000000346;986.8731000000089;991.736800000046;986.8731000000089;981.5170000000012;981.5170000000012;981.5170000000012;980.9009000000012;952.4691999999968;981.5170000000012;965.2320999999977;986.8731000000089;
4463.000000000113;989.7040000000572;986.8731000000089;965.6721999999977;966.5523999999978;993.7696000000346;986.8731000000089;991.736800000046;986.8731000000089;981.5170000000012;981.5170000000012;981.5170000000012;980.9009000000012;952.4691999999968;981.5170000000012;965.2320999999977;986.8731000000089;
4464.000000000113;989.7040000000572;986.8731000000089;965.6721999999977;966.5523999999978;993.7696000000346;986.8731000000089;991.736800000046;986.8731000000089;981.5170000000012;981.5170000000012;981.5170000000012;980.9009000000012;952.4691999999968;981.5170000000012;965.2320999999977;986.8731000000089;
4465.000000000113;989.7040000000572;986.8731000000089;965.6721999999977;966.5523999999978;993.7696000000346;986.8731000000089;991.736800000046;986.8731000000089;981.5170000000012;981.5170000000012;981.5170000000012;980.9009000000012;952.4691999999968;981.5170000000012;965.2320999999977;986.8731000000089;
4466.000000000113;989.7040000000572;986.8731000000089;965.6721999999977;966.5523999999978;993.7696000000346;986.8731000000089;991.736800000046;986.8731000000089;981.5170000000012;981.5170000000012;981.5170000000012;980.9009000000012;952.4691999999968;981.5170000000012;965.2320999999977;986.8731000000089;
4467.000000000113;989.7040000000572;986.8731000000089;965.6721999999977;966.5523999999978;993.7696000000346;986.8731000000089;991.736800000046;986.8731000000089;981.5170000000012;981.5170000000012;981.5170000000012;980.9009000000012;952.4691999999968;981.5170000000012;965.2320999999977;986.8731000000089;
4468.000000000113;989.7040000000572;986.8731000000089;965.6721999999977;966.5523999999978;993.7696000000346;986.8731000000089;991.736800000046;986.8731000000089;981.5170000000012;981.5170000000012;981.5170000000012;980.9009000000012;952.4691999999968;981.5170000000012;965.2320999999977;986.8731000000089;
4469.000000000113;989.7040000000572;986.8731000000089;965.6721999999977;966.5523999999978;993.7696000000346;986.8731000000089;991.736800000046;986.8731000000089;981.5170000000012;981.5170000000012;981.5170000000012;980.9009000000012;952.4691999999968;981.5170000000012;965.2320999999977;986.8731000000089;
4469.771198278094;989.7040000000572;986.8731000000089;965.6721999999977;966.5523999999978;993.7696000000346;986.8730000000089;991.736800000046;986.8731000000089;981.5170000000012;981.5170000000012;981.5170000000012;980.9009000000012;952.4691999999968;981.5170000000012;965.2320999999977;986.8731000000089;
4469.771198278094;989.7040000000572;986.8731000000089;965.6721999999977;966.5523999999978;993.7696000000346;986.785000000009;991.736800000046;986.8731000000089;981.5170000000012;981.5170000000012;981.5170000000012;980.9009000000012;952.4691999999968;981.5170000000012;965.2320999999977;986.8731000000089;
4469.776514278094;989.6952000000573;986.8731000000089;965.6721999999977;966.5523999999978;993.7696000000346;986.785000000009;991.736800000046;986.8731000000089;981.5170000000012;981.5170000000012;981.5170000000012;980.9009000000012;952.4691999999968;981.5170000000012;965.2320999999977;986.8731000000089;
4469.776514278094;989.6864000000573;986.8731000000089;965.6721999999977;966.5523999999978;993.7696000000346;986.785000000009;991.736800000046;986.8731000000089;981.5170000000012;981.5170000000012;981.5170000000012;980.9009000000012;952.4691999999968;981.5170000000012;965.2320999999977;986.8731000000089;
4469.781830278093;989.6864000000573;986.8731000000089;965.6721999999977;966.5523999999978;993.7696000000346;986.785000000009;991.728000000046;986.8731000000089;981.5170000000012;981.5170000000012;981.5170000000012;980.9009000000012;952.4691999999968;981.5170000000012;965.2320999999977;986.8731000000089;
4469.896754139065;989.6864000000573;986.8731000000089;965.6721999999977;966.5523999999978;993.7696000000346;986.785000000009;991.728000000046;986.8731000000089;981.5170000000012;981.5170000000012;981.5170000000012;980.9009000000012;952.4690999999968;981.5170000000012;965.2320999999977;986.8731000000089;
4469.896754139065;989.6864000000573;986.8731000000089;965.6721999999977;966.5523999999978;993.7696000000346;986.785000000009;991.728000000046;986.8731000000089;981.5170000000012;981.5170000000012;981.5170000000012;980.9009000000012;952.0290999999968;981.5170000000012;965.2320999999977;986.8731000000089;
4469.902070139065;989.6864000000573;986.8731000000089;965.6721999999977;966.5523999999978;993.7608000000347;986.785000000009;991.728000000046;986.8731000000089;981.5170000000012;981.5170000000012;981.5170000000012;980.9009000000012;952.0290999999968;981.5170000000012;965.2320999999977;986.8731000000089;
4469.902070139065;989.6864000000573;986.8731000000089;965.6721999999977;966.5523999999978;993.7520000000347;986.785000000009;991.728000000046;986.8731000000089;981.5170000000012;981.5170000000012;981.5170000000012;980.9009000000012;952.0290999999968;981.5170000000012;965.2320999999977;986.8731000000089;
4469.907386139064;989.6864000000573;986.8731000000089;965.6721999999977;966.5523999999978;993.7520000000347;986.785000000009;991.719200000046;986.8731000000089;981.5170000000012;981.5170000000012;981.5170000000012;980.9009000000012;952.0290999999968;981.5170000000012;965.2320999999977;986.8731000000089;
4469.9338431427905;989.6864000000573;986.8731000000089;965.6721999999977;966.5522999999978;993.7520000000347;986.785000000009;991.719200000046;986.8731000000089;981.5170000000012;981.5170000000012;981.5170000000012;980.9009000000012;952.0290999999968;981.5170000000012;965.2320999999977;986.8731000000089;
4469.9338431427905;989.6864000000573;986.8731000000089;965.6721999999977;966.1122999999977;993.7520000000347;986.785000000009;991.719200000046;986.8731000000089;981.5170000000012;981.5170000000012;981.5170000000012;980.9009000000012;952.0290999999968;981.5170000000012;965.2320999999977;986.8731000000089;
4470.77651905443;989.6688000000574;986.785000000009;965.6721999999977;966.1122999999977;993.7432000000348;986.785000000009;991.719200000046;986.785000000009;981.5170000000012;981.5170000000012;981.5170000000012;980.9009000000012;952.0290999999968;981.5170000000012;965.2320999999977;986.785000000009;
4470.902059992041;989.6600000000575;986.785000000009;965.6721999999977;966.1122999999977;993.7432000000348;986.785000000009;991.7104000000461;986.785000000009;981.5170000000012;981.5170000000012;981.5170000000012;980.9009000000012;952.0290999999968;981.5170000000012;965.2320999999977;986.785000000009;
4471.776523830767;989.6600000000575;986.785000000009;965.6721999999977;966.1122999999977;993.7344000000348;986.785000000009;991.7016000000461;986.785000000009;981.5170000000012;981.5170000000012;981.5170000000012;980.9009000000012;952.0290999999968;981.5170000000012;965.2320999999977;986.785000000009;
4472.7765286071035;989.6512000000575;986.785000000009;965.6721999999977;966.1122999999977;993.7344000000348;986.785000000009;991.6928000000462;986.785000000009;981.5170000000012;981.5170000000012;981.5170000000012;980.9009000000012;952.0290999999968;981.5170000000012;965.2320999999977;986.785000000009;
4473.000000000111;989.6512000000575;986.785000000009;965.6721999999977;966.1122999999977;993.7344000000348;986.785000000009;991.6928000000462;986.785000000009;981.5170000000012;981.5170000000012;981.5170000000012;980.9009000000012;952.0290999999968;981.5170000000012;965.2320999999977;986.785000000009;
4474.000000000111;989.6512000000575;986.785000000009;965.6721999999977;966.1122999999977;993.7344000000348;986.785000000009;991.6928000000462;986.785000000009;981.5170000000012;981.5170000000012;981.5170000000012;980.9009000000012;952.0290999999968;981.5170000000012;965.2320999999977;986.785000000009;
4475.000000000111;989.6512000000575;986.785000000009;965.6721999999977;966.1122999999977;993.7344000000348;986.785000000009;991.6928000000462;986.785000000009;981.5170000000012;981.5170000000012;981.5170000000012;980.9009000000012;952.0290999999968;981.5170000000012;965.2320999999977;986.785000000009;
4476.000000000111;989.6512000000575;986.785000000009;965.6721999999977;966.1122999999977;993.7344000000348;986.785000000009;991.6928000000462;986.785000000009;981.5170000000012;981.5170000000012;981.5170000000012;980.9009000000012;952.0290999999968;981.5170000000012;965.2320999999977;986.785000000009;
4477.000000000111;989.6512000000575;986.785000000009;965.6721999999977;966.1122999999977;993.7344000000348;986.785000000009;991.6928000000462;986.785000000009;981.5170000000012;981.5170000000012;981.5170000000012;980.9009000000012;952.0290999999968;981.5170000000012;965.2320999999977;986.785000000009;
4478.000000000111;989.6512000000575;986.785000000009;965.6721999999977;966.1122999999977;993.7344000000348;986.785000000009;991.6928000000462;986.785000000009;981.5170000000012;981.5170000000012;981.5170000000012;980.9009000000012;952.0290999999968;981.5170000000012;965.2320999999977;986.785000000009;
4479.000000000111;989.6512000000575;986.785000000009;965.6721999999977;966.1122999999977;993.7344000000348;986.785000000009;991.6928000000462;986.785000000009;981.5170000000012;981.5170000000012;981.5170000000012;980.9009000000012;952.0290999999968;981.5170000000012;965.2320999999977;986.785000000009;
4480.000000000111;989.6512000000575;986.785000000009;965.6721999999977;966.1122999999977;993.7344000000348;986.785000000009;991.6928000000462;986.785000000009;981.5170000000012;981.5170000000012;981.5170000000012;980.9009000000012;952.0290999999968;981.5170000000012;965.2320999999977;986.785000000009;
4481.000000000111;989.6512000000575;986.785000000009;965.6721999999977;966.1122999999977;993.7344000000348;986.785000000009;991.6928000000462;986.785000000009;981.5170000000012;981.5170000000012;981.5170000000012;980.9009000000012;952.0290999999968;981.5170000000012;965.2320999999977;986.785000000009;
4482.000000000111;989.6512000000575;986.785000000009;965.6721999999977;966.1122999999977;993.7344000000348;986.785000000009;991.6928000000462;986.785000000009;981.5170000000012;981.5170000000012;981.5170000000012;980.9009000000012;952.0290999999968;981.5170000000012;965.2320999999977;986.785000000009;
4483.000000000111;989.6512000000575;986.785000000009;965.6721999999977;966.1122999999977;993.7344000000348;986.785000000009;991.6928000000462;986.785000000009;981.5170000000012;981.5170000000012;981.5170000000012;980.9009000000012;952.0290999999968;981.5170000000012;965.2320999999977;986.785000000009;
4484.000000000111;989.6512000000575;986.785000000009;965.6721999999977;966.1122999999977;993.7344000000348;986.785000000009;991.6928000000462;986.785000000009;981.5170000000012;981.5170000000012;981.5170000000012;980.9009000000012;952.0290999999968;981.5170000000012;965.2320999999977;986.785000000009;
4485.000000000111;989.6512000000575;986.785000000009;965.6721999999977;966.1122999999977;993.7344000000348;986.785000000009;991.6928000000462;986.785000000009;981.5170000000012;981.5170000000012;981.5170000000012;980.9009000000012;952.0290999999968;981.5170000000012;965.2320999999977;986.785000000009;
4486.000000000111;989.6512000000575;986.785000000009;965.6721999999977;966.1122999999977;993.7344000000348;986.785000000009;991.6928000000462;986.785000000009;981.5170000000012;981.5170000000012;981.5170000000012;980.9009000000012;952.0290999999968;981.5170000000012;965.2320999999977;986.785000000009;
4487.000000000111;989.6512000000575;986.785000000009;965.6721999999977;966.1122999999977;993.7344000000348;986.785000000009;991.6928000000462;986.785000000009;981.5170000000012;981.5170000000012;981.5170000000012;980.9009000000012;952.0290999999968;981.5170000000012;965.2320999999977;986.785000000009;
4488.000000000111;989.6512000000575;986.785000000009;965.6721999999977;966.1122999999977;993.7344000000348;986.785000000009;991.6928000000462;986.785000000009;981.5170000000012;981.5170000000012;981.5170000000012;980.9009000000012;952.0290999999968;981.5170000000012;965.2320999999977;986.785000000009;
4489.000000000111;989.6512000000575;986.785000000009;965.6721999999977;966.1122999999977;993.7344000000348;986.785000000009;991.6928000000462;986.785000000009;981.5170000000012;981.5170000000012;981.5170000000012;980.9009000000012;952.0290999999968;981.5170000000012;965.2320999999977;986.785000000009;
4490.000000000111;989.6512000000575;986.785000000009;965.6721999999977;966.1122999999977;993.7344000000348;986.785000000009;991.6928000000462;986.785000000009;981.5170000000012;981.5170000000012;981.5170000000012;980.9009000000012;952.0290999999968;981.5170000000012;965.2320999999977;986.785000000009;
4491.000000000111;989.6512000000575;986.785000000009;965.6721999999977;966.1122999999977;993.7344000000348;986.785000000009;991.6928000000462;986.785000000009;981.5170000000012;981.5170000000012;981.5170000000012;980.9009000000012;952.0290999999968;981.5170000000012;965.2320999999977;986.785000000009;
4492.000000000111;989.6512000000575;986.785000000009;965.6721999999977;966.1122999999977;993.7344000000348;986.785000000009;991.6928000000462;986.785000000009;981.5170000000012;981.5170000000012;981.5170000000012;980.9009000000012;952.0290999999968;981.5170000000012;965.2320999999977;986.785000000009;
4493.000000000111;989.6512000000575;986.785000000009;965.6721999999977;966.1122999999977;993.7344000000348;986.785000000009;991.6928000000462;986.785000000009;981.5170000000012;981.5170000000012;981.5170000000012;980.9009000000012;952.0290999999968;981.5170000000012;965.2320999999977;986.785000000009;
4494.000000000111;989.6512000000575;986.785000000009;965.6721999999977;966.1122999999977;993.7344000000348;986.785000000009;991.6928000000462;986.785000000009;981.5170000000012;981.5170000000012;981.5170000000012;980.9009000000012;952.0290999999968;981.5170000000012;965.2320999999977;986.785000000009;
4495.000000000111;989.6512000000575;986.785000000009;965.6721999999977;966.1122999999977;993.7344000000348;986.785000000009;991.6928000000462;986.785000000009;981.5170000000012;981.5170000000012;981.5170000000012;980.9009000000012;952.0290999999968;981.5170000000012;965.2320999999977;986.785000000009;
4496.000000000111;989.6512000000575;986.785000000009;965.6721999999977;966.1122999999977;993.7344000000348;986.785000000009;991.6928000000462;986.785000000009;981.5170000000012;981.5170000000012;981.5170000000012;980.9009000000012;952.0290999999968;981.5170000000012;965.2320999999977;986.785000000009;
4497.000000000111;989.6512000000575;986.785000000009;965.6721999999977;966.1122999999977;993.7344000000348;986.785000000009;991.6928000000462;986.785000000009;981.5170000000012;981.5170000000012;981.5170000000012;980.9009000000012;952.0290999999968;981.5170000000012;965.2320999999977;986.785000000009;
4498.000000000111;989.6512000000575;986.785000000009;965.6721999999977;966.1122999999977;993.7344000000348;986.785000000009;991.6928000000462;986.785000000009;981.5170000000012;981.5170000000012;981.5170000000012;980.9009000000012;952.0290999999968;981.5170000000012;965.2320999999977;986.785000000009;
4499.000000000111;989.6512000000575;986.785000000009;965.6721999999977;966.1122999999977;993.7344000000348;986.785000000009;991.6928000000462;986.785000000009;981.5170000000012;981.5170000000012;981.5170000000012;980.9009000000012;952.0290999999968;981.5170000000012;965.2320999999977;986.785000000009;
4499.7711710158255;989.6512000000575;986.785000000009;965.6721999999977;966.1122999999977;993.7344000000348;986.784900000009;991.6928000000462;986.785000000009;981.5170000000012;981.5170000000012;981.5170000000012;980.9009000000012;952.0290999999968;981.5170000000012;965.2320999999977;986.785000000009;
4499.7711710158255;989.6512000000575;986.785000000009;965.6721999999977;966.1122999999977;993.7344000000348;986.696900000009;991.6928000000462;986.785000000009;981.5170000000012;981.5170000000012;981.5170000000012;980.9009000000012;952.0290999999968;981.5170000000012;965.2320999999977;986.785000000009;
4499.776487015825;989.6424000000576;986.785000000009;965.6721999999977;966.1122999999977;993.7344000000348;986.696900000009;991.6928000000462;986.785000000009;981.5170000000012;981.5170000000012;981.5170000000012;980.9009000000012;952.0290999999968;981.5170000000012;965.2320999999977;986.785000000009;
4499.776487015825;989.6336000000576;986.785000000009;965.6721999999977;966.1122999999977;993.7344000000348;986.696900000009;991.6928000000462;986.785000000009;981.5170000000012;981.5170000000012;981.5170000000012;980.9009000000012;952.0290999999968;981.5170000000012;965.2320999999977;986.785000000009;
4499.781803015825;989.6336000000576;986.785000000009;965.6721999999977;966.1122999999977;993.7344000000348;986.696900000009;991.6840000000462;986.785000000009;981.5170000000012;981.5170000000012;981.5170000000012;980.9009000000012;952.0290999999968;981.5170000000012;965.2320999999977;986.785000000009;
4499.8040108182495;989.6336000000576;986.785000000009;965.6720999999977;966.1122999999977;993.7344000000348;986.696900000009;991.6840000000462;986.785000000009;981.5170000000012;981.5170000000012;981.5170000000012;980.9009000000012;952.0290999999968;981.5170000000012;965.2320999999977;986.785000000009;
4499.8040108182495;989.6336000000576;986.785000000009;965.2320999999977;966.1122999999977;993.7344000000348;986.696900000009;991.6840000000462;986.785000000009;981.5170000000012;981.5170000000012;981.5170000000012;980.9009000000012;952.0290999999968;981.5170000000012;965.2320999999977;986.785000000009;
4499.809326818249;989.6248000000577;986.785000000009;965.2320999999977;966.1122999999977;993.7344000000348;986.696900000009;991.6840000000462;986.785000000009;981.5170000000012;981.5170000000012;981.5170000000012;980.9009000000012;952.0290999999968;981.5170000000012;965.2320999999977;986.785000000009;
4499.886188940616;989.6248000000577;986.785000000009;965.2320999999977;966.1122999999977;993.7344000000348;986.696900000009;991.6840000000462;986.785000000009;981.5169000000012;981.5170000000012;981.5170000000012;980.9009000000012;952.0290999999968;981.5170000000012;965.2320999999977;986.785000000009;
4499.886188940616;989.6248000000577;986.785000000009;965.2320999999977;966.1122999999977;993.7344000000348;986.696900000009;991.6840000000462;986.785000000009;980.9009000000012;981.5170000000012;981.5170000000012;980.9009000000012;952.0290999999968;981.5170000000012;965.2320999999977;986.785000000009;
4499.891504940616;989.6160000000577;986.785000000009;965.2320999999977;966.1122999999977;993.7344000000348;986.696900000009;991.6840000000462;986.785000000009;980.9009000000012;981.5170000000012;981.5170000000012;980.9009000000012;952.0290999999968;981.5170000000012;965.2320999999977;986.785000000009;
4499.895026528933;989.6160000000577;986.785000000009;965.2320999999977;966.1122999999977;993.7344000000348;986.696900000009;991.6840000000462;986.785000000009;980.9009000000012;981.5170000000012;981.5170000000012;980.9009000000012;952.0289999999968;981.5170000000012;965.2320999999977;986.785000000009;
4500.77649179216;989.5896000000579;986.696900000009;965.2320999999977;966.1122999999977;993.6904000000351;986.696900000009;991.6752000000463;986.696900000009;980.9009000000012;980.9009000000012;980.9009000000012;980.9009000000012;951.5889999999968;980.9009000000012;964.7919999999976;986.696900000009;
4501.000000000108;989.5808000000579;986.696900000009;965.2320999999977;966.1122999999977;993.6816000000351;986.696900000009;991.6576000000464;986.696900000009;980.9009000000012;980.9009000000012;980.9009000000012;980.9009000000012;951.5889999999968;980.9009000000012;964.7919999999976;986.696900000009;
4501.776496568497;989.5808000000579;986.696900000009;965.2320999999977;966.1122999999977;993.6816000000351;986.696900000009;991.6576000000464;986.696900000009;980.9009000000012;980.9009000000012;980.9009000000012;980.9009000000012;951.5889999999968;980.9009000000012;964.7919999999976;986.696900000009;
4502.776501344834;989.572000000058;986.696900000009;965.2320999999977;966.1122999999977;993.6728000000352;986.696900000009;991.6400000000465;986.696900000009;980.9009000000012;980.9009000000012;980.9009000000012;980.9009000000012;951.5889999999968;980.9009000000012;964.7919999999976;986.696900000009;
4503.776506121172;989.563200000058;986.696900000009;965.2320999999977;966.1122999999977;993.6640000000352;986.696900000009;991.6224000000466;986.696900000009;980.9009000000012;980.9009000000012;980.9009000000012;980.9009000000012;951.5889999999968;980.9009000000012;964.7919999999976;986.696900000009;
4503.900301940843;989.5544000000581;986.696900000009;965.2320999999977;966.1122999999977;993.6640000000352;986.696900000009;991.6136000000466;986.696900000009;980.9009000000012;980.9009000000012;980.9009000000012;980.9009000000012;951.5889999999968;980.9009000000012;964.7919999999976;986.696900000009;
4504.776510897509;989.5544000000581;986.696900000009;965.2320999999977;966.1122999999977;993.6640000000352;986.696900000009;991.6136000000466;986.696900000009;980.9009000000012;980.9009000000012;980.9009000000012;980.9009000000012;951.5889999999968;980.9009000000012;964.7919999999976;986.696900000009;
4505.776515673846;989.5456000000581;986.696900000009;965.2320999999977;966.1122999999977;993.6640000000352;986.696900000009;991.6048000000467;986.696900000009;980.9009000000012;980.9009000000012;980.9009000000012;980.9009000000012;951.5889999999968;980.9009000000012;964.7919999999976;986.696900000009;
4506.000000000108;989.5456000000581;986.696900000009;965.2320999999977;966.1122999999977;993.6640000000352;986.696900000009;991.6048000000467;986.696900000009;980.9009000000012;980.9009000000012;980.9009000000012;980.9009000000012;951.5889999999968;980.9009000000012;964.7919999999976;986.696900000009;
4507.000000000108;989.5456000000581;986.696900000009;965.2320999999977;966.1122999999977;993.6640000000352;986.696900000009;991.6048000000467;986.696900000009;980.9009000000012;980.9009000000012;980.9009000000012;980.9009000000012;951.5889999999968;980.9009000000012;964.7919999999976;986.696900000009;
4508.000000000108;989.5456000000581;986.696900000009;965.2320999999977;966.1122999999977;993.6640000000352;986.696900000009;991.6048000000467;986.696900000009;980.9009000000012;980.9009000000012;980.9009000000012;980.9009000000012;951.5889999999968;980.9009000000012;964.7919999999976;986.696900000009;
4509.000000000108;989.5456000000581;986.696900000009;965.2320999999977;966.1122999999977;993.6640000000352;986.696900000009;991.6048000000467;986.696900000009;980.9009000000012;980.9009000000012;980.9009000000012;980.9009000000012;951.5889999999968;980.9009000000012;964.7919999999976;986.696900000009;
4510.000000000108;989.5456000000581;986.696900000009;965.2320999999977;966.1122999999977;993.6640000000352;986.696900000009;991.6048000000467;986.696900000009;980.9009000000012;980.9009000000012;980.9009000000012;980.9009000000012;951.5889999999968;980.9009000000012;964.7919999999976;986.696900000009;
4511.000000000108;989.5456000000581;986.696900000009;965.2320999999977;966.1122999999977;993.6640000000352;986.696900000009;991.6048000000467;986.696900000009;980.9009000000012;980.9009000000012;980.9009000000012;980.9009000000012;951.5889999999968;980.9009000000012;964.7919999999976;986.696900000009;
4512.000000000108;989.5456000000581;986.696900000009;965.2320999999977;966.1122999999977;993.6640000000352;986.696900000009;991.6048000000467;986.696900000009;980.9009000000012;980.9009000000012;980.9009000000012;980.9009000000012;951.5889999999968;980.9009000000012;964.7919999999976;986.696900000009;
4513.000000000108;989.5456000000581;986.696900000009;965.2320999999977;966.1122999999977;993.6640000000352;986.696900000009;991.6048000000467;986.696900000009;980.9009000000012;980.9009000000012;980.9009000000012;980.9009000000012;951.5889999999968;980.9009000000012;964.7919999999976;986.696900000009;
4514.000000000108;989.5456000000581;986.696900000009;965.2320999999977;966.1122999999977;993.6640000000352;986.696900000009;991.6048000000467;986.696900000009;980.9009000000012;980.9009000000012;980.9009000000012;980.9009000000012;951.5889999999968;980.9009000000012;964.7919999999976;986.696900000009;
4515.000000000108;989.5456000000581;986.696900000009;965.2320999999977;966.1122999999977;993.6640000000352;986.696900000009;991.6048000000467;986.696900000009;980.9009000000012;980.9009000000012;980.9009000000012;980.9009000000012;951.5889999999968;980.9009000000012;964.7919999999976;986.696900000009;
4516.000000000108;989.5456000000581;986.696900000009;965.2320999999977;966.1122999999977;993.6640000000352;986.696900000009;991.6048000000467;986.696900000009;980.9009000000012;980.9009000000012;980.9009000000012;980.9009000000012;951.5889999999968;980.9009000000012;964.7919999999976;986.696900000009;
4517.000000000108;989.5456000000581;986.696900000009;965.2320999999977;966.1122999999977;993.6640000000352;986.696900000009;991.6048000000467;986.696900000009;980.9009000000012;980.9009000000012;980.9009000000012;980.9009000000012;951.5889999999968;980.9009000000012;964.7919999999976;986.696900000009;
4518.000000000108;989.5456000000581;986.696900000009;965.2320999999977;966.1122999999977;993.6640000000352;986.696900000009;991.6048000000467;986.696900000009;980.9009000000012;980.9009000000012;980.9009000000012;980.9009000000012;951.5889999999968;980.9009000000012;964.7919999999976;986.696900000009;
4519.000000000108;989.5456000000581;986.696900000009;965.2320999999977;966.1122999999977;993.6640000000352;986.696900000009;991.6048000000467;986.696900000009;980.9009000000012;980.9009000000012;980.9009000000012;980.9009000000012;951.5889999999968;980.9009000000012;964.7919999999976;986.696900000009;
4520.000000000108;989.5456000000581;986.696900000009;965.2320999999977;966.1122999999977;993.6640000000352;986.696900000009;991.6048000000467;986.696900000009;980.9009000000012;980.9009000000012;980.9009000000012;980.9009000000012;951.5889999999968;980.9009000000012;964.7919999999976;986.696900000009;
4521.000000000108;989.5456000000581;986.696900000009;965.2320999999977;966.1122999999977;993.6640000000352;986.696900000009;991.6048000000467;986.696900000009;980.9009000000012;980.9009000000012;980.9009000000012;980.9009000000012;951.5889999999968;980.9009000000012;964.7919999999976;986.696900000009;
4522.000000000108;989.5456000000581;986.696900000009;965.2320999999977;966.1122999999977;993.6640000000352;986.696900000009;991.6048000000467;986.696900000009;980.9009000000012;980.9009000000012;980.9009000000012;980.9009000000012;951.5889999999968;980.9009000000012;964.7919999999976;986.696900000009;
4523.000000000108;989.5456000000581;986.696900000009;965.2320999999977;966.1122999999977;993.6640000000352;986.696900000009;991.6048000000467;986.696900000009;980.9009000000012;980.9009000000012;980.9009000000012;980.9009000000012;951.5889999999968;980.9009000000012;964.7919999999976;986.696900000009;
4524.000000000108;989.5456000000581;986.696900000009;965.2320999999977;966.1122999999977;993.6640000000352;986.696900000009;991.6048000000467;986.696900000009;980.9009000000012;980.9009000000012;980.9009000000012;980.9009000000012;951.5889999999968;980.9009000000012;964.7919999999976;986.696900000009;
4525.000000000108;989.5456000000581;986.696900000009;965.2320999999977;966.1122999999977;993.6640000000352;986.696900000009;991.6048000000467;986.696900000009;980.9009000000012;980.9009000000012;980.9009000000012;980.9009000000012;951.5889999999968;980.9009000000012;964.7919999999976;986.696900000009;
4526.000000000108;989.5456000000581;986.696900000009;965.2320999999977;966.1122999999977;993.6640000000352;986.696900000009;991.6048000000467;986.696900000009;980.9009000000012;980.9009000000012;980.9009000000012;980.9009000000012;951.5889999999968;980.9009000000012;964.7919999999976;986.696900000009;
4527.000000000108;989.5456000000581;986.696900000009;965.2320999999977;966.1122999999977;993.6640000000352;986.696900000009;991.6048000000467;986.696900000009;980.9009000000012;980.9009000000012;980.9009000000012;980.9009000000012;951.5889999999968;980.9009000000012;964.7919999999976;986.696900000009;
4528.000000000108;989.5456000000581;986.696900000009;965.2320999999977;966.1122999999977;993.6640000000352;986.696900000009;991.6048000000467;986.696900000009;980.9009000000012;980.9009000000012;980.9009000000012;980.9009000000012;951.5889999999968;980.9009000000012;964.7919999999976;986.696900000009;
4529.000000000108;989.5456000000581;986.696900000009;965.2320999999977;966.1122999999977;993.6640000000352;986.696900000009;991.6048000000467;986.696900000009;980.9009000000012;980.9009000000012;980.9009000000012;980.9009000000012;951.5889999999968;980.9009000000012;964.7919999999976;986.696900000009;
4529.771143753556;989.5456000000581;986.696900000009;965.2320999999977;966.1122999999977;993.6640000000352;986.696800000009;991.6048000000467;986.696900000009;980.9009000000012;980.9009000000012;980.9009000000012;980.9009000000012;951.5889999999968;980.9009000000012;964.7919999999976;986.696900000009;
4529.771143753556;989.5456000000581;986.696900000009;965.2320999999977;966.1122999999977;993.6640000000352;986.6088000000091;991.6048000000467;986.696900000009;980.9009000000012;980.9009000000012;980.9009000000012;980.9009000000012;951.5889999999968;980.9009000000012;964.7919999999976;986.696900000009;
4529.776459753556;989.5368000000582;986.696900000009;965.2320999999977;966.1122999999977;993.6640000000352;986.6088000000091;991.6048000000467;986.696900000009;980.9009000000012;980.9009000000012;980.9009000000012;980.9009000000012;951.5889999999968;980.9009000000012;964.7919999999976;986.696900000009;
4529.776459753556;989.5280000000582;986.696900000009;965.2320999999977;966.1122999999977;993.6640000000352;986.6088000000091;991.6048000000467;986.696900000009;980.9009000000012;980.9009000000012;980.9009000000012;980.9009000000012;951.5889999999968;980.9009000000012;964.7919999999976;986.696900000009;
4529.781775753556;989.5280000000582;986.696900000009;965.2320999999977;966.1122999999977;993.6640000000352;986.6088000000091;991.5960000000467;986.696900000009;980.9009000000012;980.9009000000012;980.9009000000012;980.9009000000012;951.5889999999968;980.9009000000012;964.7919999999976;986.696900000009;
4529.80401453532;989.5280000000582;986.696900000009;965.2319999999977;966.1122999999977;993.6640000000352;986.6088000000091;991.5960000000467;986.696900000009;980.9009000000012;980.9009000000012;980.9009000000012;980.9009000000012;951.5889999999968;980.9009000000012;964.7919999999976;986.696900000009;
4529.80401453532;989.5280000000582;986.696900000009;964.7919999999976;966.1122999999977;993.6640000000352;986.6088000000091;991.5960000000467;986.696900000009;980.9009000000012;980.9009000000012;980.9009000000012;980.9009000000012;951.5889999999968;980.9009000000012;964.7919999999976;986.696900000009;
4529.8093305353195;989.5192000000583;986.696900000009;964.7919999999976;966.1122999999977;993.6640000000352;986.6088000000091;991.5960000000467;986.696900000009;980.9009000000012;980.9009000000012;980.9009000000012;980.9009000000012;951.5889999999968;980.9009000000012;964.7919999999976;986.696900000009;
4529.8932989188015;989.5192000000583;986.696900000009;964.7919999999976;966.1122999999977;993.6640000000352;986.6088000000091;991.5960000000467;986.696900000009;980.9009000000012;980.9009000000012;980.9009000000012;980.9009000000012;951.5888999999968;980.9009000000012;964.7919999999976;986.696900000009;
4529.8932989188015;989.5192000000583;986.696900000009;964.7919999999976;966.1122999999977;993.6640000000352;986.6088000000091;991.5960000000467;986.696900000009;980.9009000000012;980.9009000000012;980.9009000000012;980.9009000000012;951.1488999999967;980.9009000000012;964.7919999999976;986.696900000009;
4529.898614918801;989.5192000000583;986.696900000009;964.7919999999976;966.1122999999977;993.6552000000353;986.6088000000091;991.5960000000467;986.696900000009;980.9009000000012;980.9009000000012;980.9009000000012;980.9009000000012;951.1488999999967;980.9009000000012;964.7919999999976;986.696900000009;
4530.776464529891;989.5016000000584;986.6088000000091;964.7919999999976;965.6721999999977;993.6376000000354;986.6088000000091;991.5872000000468;986.6088000000091;980.9009000000012;980.9009000000012;980.9009000000012;980.9009000000012;951.1488999999967;980.9009000000012;964.7919999999976;986.6088000000091;
4531.776469306229;989.4928000000584;986.6088000000091;964.7919999999976;965.6721999999977;993.6288000000354;986.6088000000091;991.5696000000469;986.6088000000091;980.9009000000012;980.9009000000012;980.9009000000012;980.9009000000012;951.1488999999967;980.9009000000012;964.7919999999976;986.6088000000091;
4531.898594624756;989.4840000000585;986.6088000000091;964.7919999999976;965.6721999999977;993.6288000000354;986.6088000000091;991.5608000000469;986.6088000000091;980.9009000000012;980.9009000000012;980.9009000000012;980.9009000000012;951.1488999999967;980.9009000000012;964.7919999999976;986.6088000000091;
4532.776474082566;989.4840000000585;986.6088000000091;964.7919999999976;965.6721999999977;993.6288000000354;986.6088000000091;991.5608000000469;986.6088000000091;980.9009000000012;980.9009000000012;980.9009000000012;980.9009000000012;951.1488999999967;980.9009000000012;964.7919999999976;986.6088000000091;
4533.776478858904;989.4752000000585;986.6088000000091;964.7919999999976;965.6721999999977;993.6288000000354;986.6088000000091;991.552000000047;986.6088000000091;980.9009000000012;980.9009000000012;980.9009000000012;980.9009000000012;951.1488999999967;980.9009000000012;964.7919999999976;986.6088000000091;
4534.000000000106;989.4752000000585;986.6088000000091;964.7919999999976;965.6721999999977;993.6288000000354;986.6088000000091;991.552000000047;986.6088000000091;980.9009000000012;980.9009000000012;980.9009000000012;980.9009000000012;951.1488999999967;980.9009000000012;964.7919999999976;986.6088000000091;
4535.000000000106;989.4752000000585;986.6088000000091;964.7919999999976;965.6721999999977;993.6288000000354;986.6088000000091;991.552000000047;986.6088000000091;980.9009000000012;980.9009000000012;980.9009000000012;980.9009000000012;951.1488999999967;980.9009000000012;964.7919999999976;986.6088000000091;
4536.000000000106;989.4752000000585;986.6088000000091;964.7919999999976;965.6721999999977;993.6288000000354;986.6088000000091;991.552000000047;986.6088000000091;980.9009000000012;980.9009000000012;980.9009000000012;980.9009000000012;951.1488999999967;980.9009000000012;964.7919999999976;986.6088000000091;
4537.000000000106;989.4752000000585;986.6088000000091;964.7919999999976;965.6721999999977;993.6288000000354;986.6088000000091;991.552000000047;986.6088000000091;980.9009000000012;980.9009000000012;980.9009000000012;980.9009000000012;951.1488999999967;980.9009000000012;964.7919999999976;986.6088000000091;
4538.000000000106;989.4752000000585;986.6088000000091;964.7919999999976;965.6721999999977;993.6288000000354;986.6088000000091;991.552000000047;986.6088000000091;980.9009000000012;980.9009000000012;980.9009000000012;980.9009000000012;951.1488999999967;980.9009000000012;964.7919999999976;986.6088000000091;
4539.000000000106;989.4752000000585;986.6088000000091;964.7919999999976;965.6721999999977;993.6288000000354;986.6088000000091;991.552000000047;986.6088000000091;980.9009000000012;980.9009000000012;980.9009000000012;980.9009000000012;951.1488999999967;980.9009000000012;964.7919999999976;986.6088000000091;
4540.000000000106;989.4752000000585;986.6088000000091;964.7919999999976;965.6721999999977;993.6288000000354;986.6088000000091;991.552000000047;986.6088000000091;980.9009000000012;980.9009000000012;980.9009000000012;980.9009000000012;951.1488999999967;980.9009000000012;964.7919999999976;986.6088000000091;
4541.000000000106;989.4752000000585;986.6088000000091;964.7919999999976;965.6721999999977;993.6288000000354;986.6088000000091;991.552000000047;986.6088000000091;980.9009000000012;980.9009000000012;980.9009000000012;980.9009000000012;951.1488999999967;980.9009000000012;964.7919999999976;986.6088000000091;
4542.000000000106;989.4752000000585;986.6088000000091;964.7919999999976;965.6721999999977;993.6288000000354;986.6088000000091;991.552000000047;986.6088000000091;980.9009000000012;980.9009000000012;980.9009000000012;980.9009000000012;951.1488999999967;980.9009000000012;964.7919999999976;986.6088000000091;
4543.000000000106;989.4752000000585;986.6088000000091;964.7919999999976;965.6721999999977;993.6288000000354;986.6088000000091;991.552000000047;986.6088000000091;980.9009000000012;980.9009000000012;980.9009000000012;980.9009000000012;951.1488999999967;980.9009000000012;964.7919999999976;986.6088000000091;
4544.000000000106;989.4752000000585;986.6088000000091;964.7919999999976;965.6721999999977;993.6288000000354;986.6088000000091;991.552000000047;986.6088000000091;980.9009000000012;980.9009000000012;980.9009000000012;980.9009000000012;951.1488999999967;980.9009000000012;964.7919999999976;986.6088000000091;
4545.000000000106;989.4752000000585;986.6088000000091;964.7919999999976;965.6721999999977;993.6288000000354;986.6088000000091;991.552000000047;986.6088000000091;980.9009000000012;980.9009000000012;980.9009000000012;980.9009000000012;951.1488999999967;980.9009000000012;964.7919999999976;986.6088000000091;
4546.000000000106;989.4752000000585;986.6088000000091;964.7919999999976;965.6721999999977;993.6288000000354;986.6088000000091;991.552000000047;986.6088000000091;980.9009000000012;980.9009000000012;980.9009000000012;980.9009000000012;951.1488999999967;980.9009000000012;964.7919999999976;986.6088000000091;
4547.000000000106;989.4752000000585;986.6088000000091;964.7919999999976;965.6721999999977;993.6288000000354;986.6088000000091;991.552000000047;986.6088000000091;980.9009000000012;980.9009000000012;980.9009000000012;980.9009000000012;951.1488999999967;980.9009000000012;964.7919999999976;986.6088000000091;
4548.000000000106;989.4752000000585;986.6088000000091;964.7919999999976;965.6721999999977;993.6288000000354;986.6088000000091;991.552000000047;986.6088000000091;980.9009000000012;980.9009000000012;980.9009000000012;980.9009000000012;951.1488999999967;980.9009000000012;964.7919999999976;986.6088000000091;
4549.000000000106;989.4752000000585;986.6088000000091;964.7919999999976;965.6721999999977;993.6288000000354;986.6088000000091;991.552000000047;986.6088000000091;980.9009000000012;980.9009000000012;980.9009000000012;980.9009000000012;951.1488999999967;980.9009000000012;964.7919999999976;986.6088000000091;
4550.000000000106;989.4752000000585;986.6088000000091;964.7919999999976;965.6721999999977;993.6288000000354;986.6088000000091;991.552000000047;986.6088000000091;980.9009000000012;980.9009000000012;980.9009000000012;980.9009000000012;951.1488999999967;980.9009000000012;964.7919999999976;986.6088000000091;
4551.000000000106;989.4752000000585;986.6088000000091;964.7919999999976;965.6721999999977;993.6288000000354;986.6088000000091;991.552000000047;986.6088000000091;980.9009000000012;980.9009000000012;980.9009000000012;980.9009000000012;951.1488999999967;980.9009000000012;964.7919999999976;986.6088000000091;
4552.000000000106;989.4752000000585;986.6088000000091;964.7919999999976;965.6721999999977;993.6288000000354;986.6088000000091;991.552000000047;986.6088000000091;980.9009000000012;980.9009000000012;980.9009000000012;980.9009000000012;951.1488999999967;980.9009000000012;964.7919999999976;986.6088000000091;
4553.000000000106;989.4752000000585;986.6088000000091;964.7919999999976;965.6721999999977;993.6288000000354;986.6088000000091;991.552000000047;986.6088000000091;980.9009000000012;980.9009000000012;980.9009000000012;980.9009000000012;951.1488999999967;980.9009000000012;964.7919999999976;986.6088000000091;
4554.000000000106;989.4752000000585;986.6088000000091;964.7919999999976;965.6721999999977;993.6288000000354;986.6088000000091;991.552000000047;986.6088000000091;980.9009000000012;980.9009000000012;980.9009000000012;980.9009000000012;951.1488999999967;980.9009000000012;964.7919999999976;986.6088000000091;
4555.000000000106;989.4752000000585;986.6088000000091;964.7919999999976;965.6721999999977;993.6288000000354;986.6088000000091;991.552000000047;986.6088000000091;980.9009000000012;980.9009000000012;980.9009000000012;980.9009000000012;951.1488999999967;980.9009000000012;964.7919999999976;986.6088000000091;
4556.000000000106;989.4752000000585;986.6088000000091;964.7919999999976;965.6721999999977;993.6288000000354;986.6088000000091;991.552000000047;986.6088000000091;980.9009000000012;980.9009000000012;980.9009000000012;980.9009000000012;951.1488999999967;980.9009000000012;964.7919999999976;986.6088000000091;
4557.000000000106;989.4752000000585;986.6088000000091;964.7919999999976;965.6721999999977;993.6288000000354;986.6088000000091;991.552000000047;986.6088000000091;980.9009000000012;980.9009000000012;980.9009000000012;980.9009000000012;951.1488999999967;980.9009000000012;964.7919999999976;986.6088000000091;
4558.000000000106;989.4752000000585;986.6088000000091;964.7919999999976;965.6721999999977;993.6288000000354;986.6088000000091;991.552000000047;986.6088000000091;980.9009000000012;980.9009000000012;980.9009000000012;980.9009000000012;951.1488999999967;980.9009000000012;964.7919999999976;986.6088000000091;
4559.000000000106;989.4752000000585;986.6088000000091;964.7919999999976;965.6721999999977;993.6288000000354;986.6088000000091;991.552000000047;986.6088000000091;980.9009000000012;980.9009000000012;980.9009000000012;980.9009000000012;951.1488999999967;980.9009000000012;964.7919999999976;986.6088000000091;
4559.771116491288;989.4752000000585;986.6088000000091;964.7919999999976;965.6721999999977;993.6288000000354;986.6087000000091;991.552000000047;986.6088000000091;980.9009000000012;980.9009000000012;980.9009000000012;980.9009000000012;951.1488999999967;980.9009000000012;964.7919999999976;986.6088000000091;
4559.771116491288;989.4752000000585;986.6088000000091;964.7919999999976;965.6721999999977;993.6288000000354;986.5207000000091;991.552000000047;986.6088000000091;980.9009000000012;980.9009000000012;980.9009000000012;980.9009000000012;951.1488999999967;980.9009000000012;964.7919999999976;986.6088000000091;
4559.776432491288;989.4664000000586;986.6088000000091;964.7919999999976;965.6721999999977;993.6288000000354;986.5207000000091;991.552000000047;986.6088000000091;980.9009000000012;980.9009000000012;980.9009000000012;980.9009000000012;951.1488999999967;980.9009000000012;964.7919999999976;986.6088000000091;
4559.776432491288;989.4576000000586;986.6088000000091;964.7919999999976;965.6721999999977;993.6288000000354;986.5207000000091;991.552000000047;986.6088000000091;980.9009000000012;980.9009000000012;980.9009000000012;980.9009000000012;951.1488999999967;980.9009000000012;964.7919999999976;986.6088000000091;
4559.7817484912875;989.4576000000586;986.6088000000091;964.7919999999976;965.6721999999977;993.6288000000354;986.5207000000091;991.543200000047;986.6088000000091;980.9009000000012;980.9009000000012;980.9009000000012;980.9009000000012;951.1488999999967;980.9009000000012;964.7919999999976;986.6088000000091;
4559.891571308671;989.4576000000586;986.6088000000091;964.7919999999976;965.6721999999977;993.6288000000354;986.5207000000091;991.543200000047;986.6088000000091;980.9009000000012;980.9009000000012;980.9009000000012;980.9009000000012;951.1487999999968;980.9009000000012;964.7919999999976;986.6088000000091;
4559.891571308671;989.4576000000586;986.6088000000091;964.7919999999976;965.6721999999977;993.6288000000354;986.5207000000091;991.543200000047;986.6088000000091;980.9009000000012;980.9009000000012;980.9009000000012;980.9009000000012;950.7087999999967;980.9009000000012;964.7919999999976;986.6088000000091;
4559.896887308671;989.4576000000586;986.6088000000091;964.7919999999976;965.6721999999977;993.6200000000355;986.5207000000091;991.543200000047;986.6088000000091;980.9009000000012;980.9009000000012;980.9009000000012;980.9009000000012;950.7087999999967;980.9009000000012;964.7919999999976;986.6088000000091;
4559.896887308671;989.4576000000586;986.6088000000091;964.7919999999976;965.6721999999977;993.6112000000355;986.5207000000091;991.543200000047;986.6088000000091;980.9009000000012;980.9009000000012;980.9009000000012;980.9009000000012;950.7087999999967;980.9009000000012;964.7919999999976;986.6088000000091;
4559.90220330867;989.4576000000586;986.6088000000091;964.7919999999976;965.6721999999977;993.6112000000355;986.5207000000091;991.5344000000471;986.6088000000091;980.9009000000012;980.9009000000012;980.9009000000012;980.9009000000012;950.7087999999967;980.9009000000012;964.7919999999976;986.6088000000091;
4559.9396541206515;989.4576000000586;986.6088000000091;964.7919999999976;965.6721999999977;993.6112000000355;986.5207000000091;991.5344000000471;986.6087000000091;980.9009000000012;980.9009000000012;980.9009000000012;980.9009000000012;950.7087999999967;980.9009000000012;964.7919999999976;986.6088000000091;
4559.9396541206515;989.4576000000586;986.6088000000091;964.7919999999976;965.6721999999977;993.6112000000355;986.5207000000091;991.5344000000471;986.5207000000091;980.9009000000012;980.9009000000012;980.9009000000012;980.9009000000012;950.7087999999967;980.9009000000012;964.7919999999976;986.6088000000091;
4560.776437267623;989.4400000000587;986.5207000000091;964.7919999999976;965.6721999999977;993.6024000000356;986.5207000000091;991.5344000000471;986.5207000000091;980.9009000000012;980.9009000000012;980.9009000000012;980.9009000000012;950.7087999999967;980.9009000000012;964.3518999999976;986.5207000000091;
4561.77644204396;989.4312000000588;986.5207000000091;964.7919999999976;965.6721999999977;993.5936000000356;986.5207000000091;991.5168000000472;986.5207000000091;980.9009000000012;980.9009000000012;980.9009000000012;980.9009000000012;950.7087999999967;980.9009000000012;964.3518999999976;986.5207000000091;
4562.000000000104;989.4224000000588;986.5207000000091;964.7919999999976;965.6721999999977;993.5936000000356;986.5207000000091;991.5080000000472;986.5207000000091;980.9009000000012;980.9009000000012;980.9009000000012;980.9009000000012;950.7087999999967;980.9009000000012;964.3518999999976;986.5207000000091;
4562.776446820297;989.4224000000588;986.5207000000091;964.7919999999976;965.6721999999977;993.5936000000356;986.5207000000091;991.5080000000472;986.5207000000091;980.9009000000012;980.9009000000012;980.9009000000012;980.9009000000012;950.7087999999967;980.9009000000012;964.3518999999976;986.5207000000091;
4564.000000000104;989.4224000000588;986.5207000000091;964.7919999999976;965.6721999999977;993.5936000000356;986.5207000000091;991.5080000000472;986.5207000000091;980.9009000000012;980.9009000000012;980.9009000000012;980.9009000000012;950.7087999999967;980.9009000000012;964.3518999999976;986.5207000000091;
4565.000000000104;989.4224000000588;986.5207000000091;964.7919999999976;965.6721999999977;993.5936000000356;986.5207000000091;991.5080000000472;986.5207000000091;980.9009000000012;980.9009000000012;980.9009000000012;980.9009000000012;950.7087999999967;980.9009000000012;964.3518999999976;986.5207000000091;
4566.000000000104;989.4224000000588;986.5207000000091;964.7919999999976;965.6721999999977;993.5936000000356;986.5207000000091;991.5080000000472;986.5207000000091;980.9009000000012;980.9009000000012;980.9009000000012;980.9009000000012;950.7087999999967;980.9009000000012;964.3518999999976;986.5207000000091;
4567.000000000104;989.4224000000588;986.5207000000091;964.7919999999976;965.6721999999977;993.5936000000356;986.5207000000091;991.5080000000472;986.5207000000091;980.9009000000012;980.9009000000012;980.9009000000012;980.9009000000012;950.7087999999967;980.9009000000012;964.3518999999976;986.5207000000091;
4568.000000000104;989.4224000000588;986.5207000000091;964.7919999999976;965.6721999999977;993.5936000000356;986.5207000000091;991.5080000000472;986.5207000000091;980.9009000000012;980.9009000000012;980.9009000000012;980.9009000000012;950.7087999999967;980.9009000000012;964.3518999999976;986.5207000000091;
4569.000000000104;989.4224000000588;986.5207000000091;964.7919999999976;965.6721999999977;993.5936000000356;986.5207000000091;991.5080000000472;986.5207000000091;980.9009000000012;980.9009000000012;980.9009000000012;980.9009000000012;950.7087999999967;980.9009000000012;964.3518999999976;986.5207000000091;
4570.000000000104;989.4224000000588;986.5207000000091;964.7919999999976;965.6721999999977;993.5936000000356;986.5207000000091;991.5080000000472;986.5207000000091;980.9009000000012;980.9009000000012;980.9009000000012;980.9009000000012;950.7087999999967;980.9009000000012;964.3518999999976;986.5207000000091;
4571.000000000104;989.4224000000588;986.5207000000091;964.7919999999976;965.6721999999977;993.5936000000356;986.5207000000091;991.5080000000472;986.5207000000091;980.9009000000012;980.9009000000012;980.9009000000012;980.9009000000012;950.7087999999967;980.9009000000012;964.3518999999976;986.5207000000091;
4572.000000000104;989.4224000000588;986.5207000000091;964.7919999999976;965.6721999999977;993.5936000000356;986.5207000000091;991.5080000000472;986.5207000000091;980.9009000000012;980.9009000000012;980.9009000000012;980.9009000000012;950.7087999999967;980.9009000000012;964.3518999999976;986.5207000000091;
4573.000000000104;989.4224000000588;986.5207000000091;964.7919999999976;965.6721999999977;993.5936000000356;986.5207000000091;991.5080000000472;986.5207000000091;980.9009000000012;980.9009000000012;980.9009000000012;980.9009000000012;950.7087999999967;980.9009000000012;964.3518999999976;986.5207000000091;
4574.000000000104;989.4224000000588;986.5207000000091;964.7919999999976;965.6721999999977;993.5936000000356;986.5207000000091;991.5080000000472;986.5207000000091;980.9009000000012;980.9009000000012;980.9009000000012;980.9009000000012;950.7087999999967;980.9009000000012;964.3518999999976;986.5207000000091;
4575.000000000104;989.4224000000588;986.5207000000091;964.7919999999976;965.6721999999977;993.5936000000356;986.5207000000091;991.5080000000472;986.5207000000091;980.9009000000012;980.9009000000012;980.9009000000012;980.9009000000012;950.7087999999967;980.9009000000012;964.3518999999976;986.5207000000091;
4575.0288940587;989.4224000000588;986.5207000000091;964.7919999999976;965.6721999999977;993.5936000000356;986.5207000000091;991.5080000000472;986.5207000000091;980.9009000000012;980.9009000000012;980.9009000000012;980.9008000000013;950.7087999999967;980.9009000000012;964.3518999999976;986.5207000000091;
4575.0288940587;989.4224000000588;986.5207000000091;964.7919999999976;965.6721999999977;993.5936000000356;986.5207000000091;991.5080000000472;986.5207000000091;980.9009000000012;980.9009000000012;980.9009000000012;980.2848000000013;950.7087999999967;980.9009000000012;964.3518999999976;986.5207000000091;
4575.0342100586995;989.4224000000588;986.5207000000091;964.7919999999976;965.6721999999977;993.5848000000357;986.5207000000091;991.5080000000472;986.5207000000091;980.9009000000012;980.9009000000012;980.9009000000012;980.2848000000013;950.7087999999967;980.9009000000012;964.3518999999976;986.5207000000091;
4575.0342100586995;989.4224000000588;986.5207000000091;964.7919999999976;965.6721999999977;993.5760000000357;986.5207000000091;991.5080000000472;986.5207000000091;980.9009000000012;980.9009000000012;980.9009000000012;980.2848000000013;950.7087999999967;980.9009000000012;964.3518999999976;986.5207000000091;
4575.039526058699;989.4224000000588;986.5207000000091;964.7919999999976;965.6721999999977;993.5760000000357;986.5207000000091;991.4992000000473;986.5207000000091;980.9009000000012;980.9009000000012;980.9009000000012;980.2848000000013;950.7087999999967;980.9009000000012;964.3518999999976;986.5207000000091;
4576.000000000104;989.4224000000588;986.5207000000091;964.7919999999976;965.6721999999977;993.5760000000357;986.5207000000091;991.4992000000473;986.5207000000091;980.9009000000012;980.9009000000012;980.9009000000012;980.2848000000013;950.7087999999967;980.9009000000012;964.3518999999976;986.5207000000091;
4576.034199911678;989.4224000000588;986.5207000000091;964.7919999999976;965.6721999999977;993.5760000000357;986.5207000000091;991.4992000000473;986.5207000000091;980.9009000000012;980.9009000000012;980.9009000000012;980.2848000000013;950.7087999999967;980.9009000000012;964.3518999999976;986.5207000000091;
4577.000000000104;989.4224000000588;986.5207000000091;964.7919999999976;965.6721999999977;993.5760000000357;986.5207000000091;991.4992000000473;986.5207000000091;980.9009000000012;980.9009000000012;980.9009000000012;980.2848000000013;950.7087999999967;980.9009000000012;964.3518999999976;986.5207000000091;
4578.000000000104;989.4224000000588;986.5207000000091;964.7919999999976;965.6721999999977;993.5760000000357;986.5207000000091;991.4992000000473;986.5207000000091;980.9009000000012;980.9009000000012;980.9009000000012;980.2848000000013;950.7087999999967;980.9009000000012;964.3518999999976;986.5207000000091;
4579.000000000104;989.4224000000588;986.5207000000091;964.7919999999976;965.6721999999977;993.5760000000357;986.5207000000091;991.4992000000473;986.5207000000091;980.9009000000012;980.9009000000012;980.9009000000012;980.2848000000013;950.7087999999967;980.9009000000012;964.3518999999976;986.5207000000091;
4580.000000000104;989.4224000000588;986.5207000000091;964.7919999999976;965.6721999999977;993.5760000000357;986.5207000000091;991.4992000000473;986.5207000000091;980.9009000000012;980.9009000000012;980.9009000000012;980.2848000000013;950.7087999999967;980.9009000000012;964.3518999999976;986.5207000000091;
4581.000000000104;989.4224000000588;986.5207000000091;964.7919999999976;965.6721999999977;993.5760000000357;986.5207000000091;991.4992000000473;986.5207000000091;980.9009000000012;980.9009000000012;980.9009000000012;980.2848000000013;950.7087999999967;980.9009000000012;964.3518999999976;986.5207000000091;
4582.000000000104;989.4224000000588;986.5207000000091;964.7919999999976;965.6721999999977;993.5760000000357;986.5207000000091;991.4992000000473;986.5207000000091;980.9009000000012;980.9009000000012;980.9009000000012;980.2848000000013;950.7087999999967;980.9009000000012;964.3518999999976;986.5207000000091;
4583.000000000104;989.4224000000588;986.5207000000091;964.7919999999976;965.6721999999977;993.5760000000357;986.5207000000091;991.4992000000473;986.5207000000091;980.9009000000012;980.9009000000012;980.9009000000012;980.2848000000013;950.7087999999967;980.9009000000012;964.3518999999976;986.5207000000091;
4584.000000000104;989.4224000000588;986.5207000000091;964.7919999999976;965.6721999999977;993.5760000000357;986.5207000000091;991.4992000000473;986.5207000000091;980.9009000000012;980.9009000000012;980.9009000000012;980.2848000000013;950.7087999999967;980.9009000000012;964.3518999999976;986.5207000000091;
4585.000000000104;989.4224000000588;986.5207000000091;964.7919999999976;965.6721999999977;993.5760000000357;986.5207000000091;991.4992000000473;986.5207000000091;980.9009000000012;980.9009000000012;980.9009000000012;980.2848000000013;950.7087999999967;980.9009000000012;964.3518999999976;986.5207000000091;
4586.000000000104;989.4224000000588;986.5207000000091;964.7919999999976;965.6721999999977;993.5760000000357;986.5207000000091;991.4992000000473;986.5207000000091;980.9009000000012;980.9009000000012;980.9009000000012;980.2848000000013;950.7087999999967;980.9009000000012;964.3518999999976;986.5207000000091;
4587.000000000104;989.4224000000588;986.5207000000091;964.7919999999976;965.6721999999977;993.5760000000357;986.5207000000091;991.4992000000473;986.5207000000091;980.9009000000012;980.9009000000012;980.9009000000012;980.2848000000013;950.7087999999967;980.9009000000012;964.3518999999976;986.5207000000091;
4588.000000000104;989.4224000000588;986.5207000000091;964.7919999999976;965.6721999999977;993.5760000000357;986.5207000000091;991.4992000000473;986.5207000000091;980.9009000000012;980.9009000000012;980.9009000000012;980.2848000000013;950.7087999999967;980.9009000000012;964.3518999999976;986.5207000000091;
4589.000000000104;989.4224000000588;986.5207000000091;964.7919999999976;965.6721999999977;993.5760000000357;986.5207000000091;991.4992000000473;986.5207000000091;980.9009000000012;980.9009000000012;980.9009000000012;980.2848000000013;950.7087999999967;980.9009000000012;964.3518999999976;986.5207000000091;
4589.771089229019;989.4224000000588;986.5207000000091;964.7919999999976;965.6721999999977;993.5760000000357;986.5206000000092;991.4992000000473;986.5207000000091;980.9009000000012;980.9009000000012;980.9009000000012;980.2848000000013;950.7087999999967;980.9009000000012;964.3518999999976;986.5207000000091;
4589.771089229019;989.4224000000588;986.5207000000091;964.7919999999976;965.6721999999977;993.5760000000357;986.4326000000092;991.4992000000473;986.5207000000091;980.9009000000012;980.9009000000012;980.9009000000012;980.2848000000013;950.7087999999967;980.9009000000012;964.3518999999976;986.5207000000091;
4589.776405229019;989.4136000000589;986.5207000000091;964.7919999999976;965.6721999999977;993.5760000000357;986.4326000000092;991.4992000000473;986.5207000000091;980.9009000000012;980.9009000000012;980.9009000000012;980.2848000000013;950.7087999999967;980.9009000000012;964.3518999999976;986.5207000000091;
4589.776405229019;989.4048000000589;986.5207000000091;964.7919999999976;965.6721999999977;993.5760000000357;986.4326000000092;991.4992000000473;986.5207000000091;980.9009000000012;980.9009000000012;980.9009000000012;980.2848000000013;950.7087999999967;980.9009000000012;964.3518999999976;986.5207000000091;
4589.781721229018;989.4048000000589;986.5207000000091;964.7919999999976;965.6721999999977;993.5760000000357;986.4326000000092;991.4904000000473;986.5207000000091;980.9009000000012;980.9009000000012;980.9009000000012;980.2848000000013;950.7087999999967;980.9009000000012;964.3518999999976;986.5207000000091;
4589.80402196946;989.4048000000589;986.5207000000091;964.7918999999977;965.6721999999977;993.5760000000357;986.4326000000092;991.4904000000473;986.5207000000091;980.9009000000012;980.9009000000012;980.9009000000012;980.2848000000013;950.7087999999967;980.9009000000012;964.3518999999976;986.5207000000091;
4589.935048139314;989.396000000059;986.5207000000091;964.3518999999976;965.6720999999977;993.5760000000357;986.4326000000092;991.4904000000473;986.5207000000091;980.9009000000012;980.9009000000012;980.9009000000012;980.2848000000013;950.7087999999967;980.9009000000012;964.3518999999976;986.5207000000091;
4590.776410005354;989.3784000000591;986.4326000000092;964.3518999999976;965.2320999999977;993.5584000000358;986.4326000000092;991.4816000000474;986.4326000000092;980.9009000000012;980.9009000000012;980.9009000000012;980.2848000000013;950.7087999999967;980.9009000000012;964.3518999999976;986.4326000000092;
4591.776414781691;989.3696000000591;986.4326000000092;964.3518999999976;965.2320999999977;993.5584000000358;986.4326000000092;991.4728000000474;986.4326000000092;980.9009000000012;980.9009000000012;980.9009000000012;980.2848000000013;950.7087999999967;980.9009000000012;964.3518999999976;986.4326000000092;
4592.000000000101;989.3608000000592;986.4326000000092;964.3518999999976;965.2320999999977;993.5584000000358;986.4326000000092;991.4640000000475;986.4326000000092;980.9009000000012;980.9009000000012;980.9009000000012;980.2848000000013;950.7087999999967;980.9009000000012;964.3518999999976;986.4326000000092;
4592.776419558028;989.3608000000592;986.4326000000092;964.3518999999976;965.2320999999977;993.5584000000358;986.4326000000092;991.4640000000475;986.4326000000092;980.9009000000012;980.9009000000012;980.9009000000012;980.2848000000013;950.7087999999967;980.9009000000012;964.3518999999976;986.4326000000092;
4593.7764243343645;989.3520000000592;986.4326000000092;964.3518999999976;965.2320999999977;993.5584000000358;986.4326000000092;991.4552000000475;986.4326000000092;980.9009000000012;980.9009000000012;980.9009000000012;980.2848000000013;950.7087999999967;980.9009000000012;964.3518999999976;986.4326000000092;
4595.0000000001;989.3520000000592;986.4326000000092;964.3518999999976;965.2320999999977;993.5584000000358;986.4326000000092;991.4552000000475;986.4326000000092;980.9009000000012;980.9009000000012;980.9009000000012;980.2848000000013;950.7087999999967;980.9009000000012;964.3518999999976;986.4326000000092;
4596.0000000001;989.3520000000592;986.4326000000092;964.3518999999976;965.2320999999977;993.5584000000358;986.4326000000092;991.4552000000475;986.4326000000092;980.9009000000012;980.9009000000012;980.9009000000012;980.2848000000013;950.7087999999967;980.9009000000012;964.3518999999976;986.4326000000092;
4597.0000000001;989.3520000000592;986.4326000000092;964.3518999999976;965.2320999999977;993.5584000000358;986.4326000000092;991.4552000000475;986.4326000000092;980.9009000000012;980.9009000000012;980.9009000000012;980.2848000000013;950.7087999999967;980.9009000000012;964.3518999999976;986.4326000000092;
4598.0000000001;989.3520000000592;986.4326000000092;964.3518999999976;965.2320999999977;993.5584000000358;986.4326000000092;991.4552000000475;986.4326000000092;980.9009000000012;980.9009000000012;980.9009000000012;980.2848000000013;950.7087999999967;980.9009000000012;964.3518999999976;986.4326000000092;
4599.0000000001;989.3520000000592;986.4326000000092;964.3518999999976;965.2320999999977;993.5584000000358;986.4326000000092;991.4552000000475;986.4326000000092;980.9009000000012;980.9009000000012;980.9009000000012;980.2848000000013;950.7087999999967;980.9009000000012;964.3518999999976;986.4326000000092;
4600.0000000001;989.3520000000592;986.4326000000092;964.3518999999976;965.2320999999977;993.5584000000358;986.4326000000092;991.4552000000475;986.4326000000092;980.9009000000012;980.9009000000012;980.9009000000012;980.2848000000013;950.7087999999967;980.9009000000012;964.3518999999976;986.4326000000092;
4601.0000000001;989.3520000000592;986.4326000000092;964.3518999999976;965.2320999999977;993.5584000000358;986.4326000000092;991.4552000000475;986.4326000000092;980.9009000000012;980.9009000000012;980.9009000000012;980.2848000000013;950.7087999999967;980.9009000000012;964.3518999999976;986.4326000000092;
4602.0000000001;989.3520000000592;986.4326000000092;964.3518999999976;965.2320999999977;993.5584000000358;986.4326000000092;991.4552000000475;986.4326000000092;980.9009000000012;980.9009000000012;980.9009000000012;980.2848000000013;950.7087999999967;980.9009000000012;964.3518999999976;986.4326000000092;
4603.0000000001;989.3520000000592;986.4326000000092;964.3518999999976;965.2320999999977;993.5584000000358;986.4326000000092;991.4552000000475;986.4326000000092;980.9009000000012;980.9009000000012;980.9009000000012;980.2848000000013;950.7087999999967;980.9009000000012;964.3518999999976;986.4326000000092;
4604.0000000001;989.3520000000592;986.4326000000092;964.3518999999976;965.2320999999977;993.5584000000358;986.4326000000092;991.4552000000475;986.4326000000092;980.9009000000012;980.9009000000012;980.9009000000012;980.2848000000013;950.7087999999967;980.9009000000012;964.3518999999976;986.4326000000092;
4605.0000000001;989.3520000000592;986.4326000000092;964.3518999999976;965.2320999999977;993.5584000000358;986.4326000000092;991.4552000000475;986.4326000000092;980.9009000000012;980.9009000000012;980.9009000000012;980.2848000000013;950.7087999999967;980.9009000000012;964.3518999999976;986.4326000000092;
4606.0000000001;989.3520000000592;986.4326000000092;964.3518999999976;965.2320999999977;993.5584000000358;986.4326000000092;991.4552000000475;986.4326000000092;980.9009000000012;980.9009000000012;980.9009000000012;980.2848000000013;950.7087999999967;980.9009000000012;964.3518999999976;986.4326000000092;
4607.0000000001;989.3520000000592;986.4326000000092;964.3518999999976;965.2320999999977;993.5584000000358;986.4326000000092;991.4552000000475;986.4326000000092;980.9009000000012;980.9009000000012;980.9009000000012;980.2848000000013;950.7087999999967;980.9009000000012;964.3518999999976;986.4326000000092;
4608.0000000001;989.3520000000592;986.4326000000092;964.3518999999976;965.2320999999977;993.5584000000358;986.4326000000092;991.4552000000475;986.4326000000092;980.9009000000012;980.9009000000012;980.9009000000012;980.2848000000013;950.7087999999967;980.9009000000012;964.3518999999976;986.4326000000092;
4609.0000000001;989.3520000000592;986.4326000000092;964.3518999999976;965.2320999999977;993.5584000000358;986.4326000000092;991.4552000000475;986.4326000000092;980.9009000000012;980.9009000000012;980.9009000000012;980.2848000000013;950.7087999999967;980.9009000000012;964.3518999999976;986.4326000000092;
4610.0000000001;989.3520000000592;986.4326000000092;964.3518999999976;965.2320999999977;993.5584000000358;986.4326000000092;991.4552000000475;986.4326000000092;980.9009000000012;980.9009000000012;980.9009000000012;980.2848000000013;950.7087999999967;980.9009000000012;964.3518999999976;986.4326000000092;
4611.0000000001;989.3520000000592;986.4326000000092;964.3518999999976;965.2320999999977;993.5584000000358;986.4326000000092;991.4552000000475;986.4326000000092;980.9009000000012;980.9009000000012;980.9009000000012;980.2848000000013;950.7087999999967;980.9009000000012;964.3518999999976;986.4326000000092;
4612.0000000001;989.3520000000592;986.4326000000092;964.3518999999976;965.2320999999977;993.5584000000358;986.4326000000092;991.4552000000475;986.4326000000092;980.9009000000012;980.9009000000012;980.9009000000012;980.2848000000013;950.7087999999967;980.9009000000012;964.3518999999976;986.4326000000092;
4613.0000000001;989.3520000000592;986.4326000000092;964.3518999999976;965.2320999999977;993.5584000000358;986.4326000000092;991.4552000000475;986.4326000000092;980.9009000000012;980.9009000000012;980.9009000000012;980.2848000000013;950.7087999999967;980.9009000000012;964.3518999999976;986.4326000000092;
4614.0000000001;989.3520000000592;986.4326000000092;964.3518999999976;965.2320999999977;993.5584000000358;986.4326000000092;991.4552000000475;986.4326000000092;980.9009000000012;980.9009000000012;980.9009000000012;980.2848000000013;950.7087999999967;980.9009000000012;964.3518999999976;986.4326000000092;
4615.0000000001;989.3520000000592;986.4326000000092;964.3518999999976;965.2320999999977;993.5584000000358;986.4326000000092;991.4552000000475;986.4326000000092;980.9009000000012;980.9009000000012;980.9009000000012;980.2848000000013;950.7087999999967;980.9009000000012;964.3518999999976;986.4326000000092;
4616.0000000001;989.3520000000592;986.4326000000092;964.3518999999976;965.2320999999977;993.5584000000358;986.4326000000092;991.4552000000475;986.4326000000092;980.9009000000012;980.9009000000012;980.9009000000012;980.2848000000013;950.7087999999967;980.9009000000012;964.3518999999976;986.4326000000092;
4617.0000000001;989.3520000000592;986.4326000000092;964.3518999999976;965.2320999999977;993.5584000000358;986.4326000000092;991.4552000000475;986.4326000000092;980.9009000000012;980.9009000000012;980.9009000000012;980.2848000000013;950.7087999999967;980.9009000000012;964.3518999999976;986.4326000000092;
4618.0000000001;989.3520000000592;986.4326000000092;964.3518999999976;965.2320999999977;993.5584000000358;986.4326000000092;991.4552000000475;986.4326000000092;980.9009000000012;980.9009000000012;980.9009000000012;980.2848000000013;950.7087999999967;980.9009000000012;964.3518999999976;986.4326000000092;
4619.0000000001;989.3520000000592;986.4326000000092;964.3518999999976;965.2320999999977;993.5584000000358;986.4326000000092;991.4552000000475;986.4326000000092;980.9009000000012;980.9009000000012;980.9009000000012;980.2848000000013;950.7087999999967;980.9009000000012;964.3518999999976;986.4326000000092;
4619.771061966749;989.3520000000592;986.4326000000092;964.3518999999976;965.2320999999977;993.5584000000358;986.4325000000092;991.4552000000475;986.4326000000092;980.9009000000012;980.9009000000012;980.9009000000012;980.2848000000013;950.7087999999967;980.9009000000012;964.3518999999976;986.4326000000092;
4619.771061966749;989.3520000000592;986.4326000000092;964.3518999999976;965.2320999999977;993.5584000000358;986.3445000000092;991.4552000000475;986.4326000000092;980.9009000000012;980.9009000000012;980.9009000000012;980.2848000000013;950.7087999999967;980.9009000000012;964.3518999999976;986.4326000000092;
4619.776377966748;989.3432000000593;986.4326000000092;964.3518999999976;965.2320999999977;993.5584000000358;986.3445000000092;991.4552000000475;986.4326000000092;980.9009000000012;980.9009000000012;980.9009000000012;980.2848000000013;950.7087999999967;980.9009000000012;964.3518999999976;986.4326000000092;
4619.776377966748;989.3344000000593;986.4326000000092;964.3518999999976;965.2320999999977;993.5584000000358;986.3445000000092;991.4552000000475;986.4326000000092;980.9009000000012;980.9009000000012;980.9009000000012;980.2848000000013;950.7087999999967;980.9009000000012;964.3518999999976;986.4326000000092;
4619.781693966748;989.3344000000593;986.4326000000092;964.3518999999976;965.2320999999977;993.5584000000358;986.3445000000092;991.4464000000476;986.4326000000092;980.9009000000012;980.9009000000012;980.9009000000012;980.2848000000013;950.7087999999967;980.9009000000012;964.3518999999976;986.4326000000092;
4619.888116088407;989.3344000000593;986.4326000000092;964.3518999999976;965.2320999999977;993.5584000000358;986.3445000000092;991.4464000000476;986.4326000000092;980.9009000000012;980.9009000000012;980.9009000000012;980.2848000000013;950.7086999999967;980.9009000000012;964.3518999999976;986.4326000000092;
4619.888116088407;989.3344000000593;986.4326000000092;964.3518999999976;965.2320999999977;993.5584000000358;986.3445000000092;991.4464000000476;986.4326000000092;980.9009000000012;980.9009000000012;980.9009000000012;980.2848000000013;950.2686999999967;980.9009000000012;964.3518999999976;986.4326000000092;
4619.893432088406;989.3344000000593;986.4326000000092;964.3518999999976;965.2320999999977;993.5496000000359;986.3445000000092;991.4464000000476;986.4326000000092;980.9009000000012;980.9009000000012;980.9009000000012;980.2848000000013;950.2686999999967;980.9009000000012;964.3518999999976;986.4326000000092;
4619.893432088406;989.3344000000593;986.4326000000092;964.3518999999976;965.2320999999977;993.5408000000359;986.3445000000092;991.4464000000476;986.4326000000092;980.9009000000012;980.9009000000012;980.9009000000012;980.2848000000013;950.2686999999967;980.9009000000012;964.3518999999976;986.4326000000092;
4619.898748088406;989.3344000000593;986.4326000000092;964.3518999999976;965.2320999999977;993.5408000000359;986.3445000000092;991.4376000000476;986.4326000000092;980.9009000000012;980.9009000000012;980.9009000000012;980.2848000000013;950.2686999999967;980.9009000000012;964.3518999999976;986.4326000000092;
4619.939740738518;989.3344000000593;986.4326000000092;964.3518999999976;965.2320999999977;993.5408000000359;986.3445000000092;991.4376000000476;986.4325000000092;980.9009000000012;980.9009000000012;980.9009000000012;980.2848000000013;950.2686999999967;980.9009000000012;964.3518999999976;986.4326000000092;
4619.939740738518;989.3344000000593;986.4326000000092;964.3518999999976;965.2320999999977;993.5408000000359;986.3445000000092;991.4376000000476;986.3445000000092;980.9009000000012;980.9009000000012;980.9009000000012;980.2848000000013;950.2686999999967;980.9009000000012;964.3518999999976;986.4326000000092;
4620.000000000099;989.3256000000594;986.4326000000092;964.3518999999976;965.2320999999977;993.5408000000359;986.3445000000092;991.4376000000476;986.3445000000092;980.9009000000012;980.9009000000012;980.9009000000012;980.2848000000013;950.2686999999967;980.9009000000012;964.3518999999976;986.4326000000092;
4620.7763827430845;989.3168000000594;986.3445000000092;964.3518999999976;965.2320999999977;993.532000000036;986.3445000000092;991.4376000000476;986.3445000000092;980.9009000000012;980.9009000000012;980.9009000000012;980.2848000000013;950.2686999999967;980.9009000000012;963.9117999999976;986.3445000000092;
4621.776387519421;989.3080000000595;986.3445000000092;964.3518999999976;965.2320999999977;993.523200000036;986.3445000000092;991.4200000000477;986.3445000000092;980.9009000000012;980.9009000000012;980.9009000000012;980.2848000000013;950.2686999999967;980.9009000000012;963.9117999999976;986.3445000000092;
4622.776392295758;989.2992000000595;986.3445000000092;964.3518999999976;965.2320999999977;993.523200000036;986.3445000000092;991.4112000000478;986.3445000000092;980.9009000000012;980.9009000000012;980.9009000000012;980.2848000000013;950.2686999999967;980.9009000000012;963.9117999999976;986.3445000000092;
4623.000000000098;989.2992000000595;986.3445000000092;964.3518999999976;965.2320999999977;993.523200000036;986.3445000000092;991.4112000000478;986.3445000000092;980.9009000000012;980.9009000000012;980.9009000000012;980.2848000000013;950.2686999999967;980.9009000000012;963.9117999999976;986.3445000000092;
4624.000000000098;989.2992000000595;986.3445000000092;964.3518999999976;965.2320999999977;993.523200000036;986.3445000000092;991.4112000000478;986.3445000000092;980.9009000000012;980.9009000000012;980.9009000000012;980.2848000000013;950.2686999999967;980.9009000000012;963.9117999999976;986.3445000000092;
4625.000000000098;989.2992000000595;986.3445000000092;964.3518999999976;965.2320999999977;993.523200000036;986.3445000000092;991.4112000000478;986.3445000000092;980.9009000000012;980.9009000000012;980.9009000000012;980.2848000000013;950.2686999999967;980.9009000000012;963.9117999999976;986.3445000000092;
4626.000000000098;989.2992000000595;986.3445000000092;964.3518999999976;965.2320999999977;993.523200000036;986.3445000000092;991.4112000000478;986.3445000000092;980.9009000000012;980.9009000000012;980.9009000000012;980.2848000000013;950.2686999999967;980.9009000000012;963.9117999999976;986.3445000000092;
4627.000000000098;989.2992000000595;986.3445000000092;964.3518999999976;965.2320999999977;993.523200000036;986.3445000000092;991.4112000000478;986.3445000000092;980.9009000000012;980.9009000000012;980.9009000000012;980.2848000000013;950.2686999999967;980.9009000000012;963.9117999999976;986.3445000000092;
4628.000000000098;989.2992000000595;986.3445000000092;964.3518999999976;965.2320999999977;993.523200000036;986.3445000000092;991.4112000000478;986.3445000000092;980.9009000000012;980.9009000000012;980.9009000000012;980.2848000000013;950.2686999999967;980.9009000000012;963.9117999999976;986.3445000000092;
4629.000000000098;989.2992000000595;986.3445000000092;964.3518999999976;965.2320999999977;993.523200000036;986.3445000000092;991.4112000000478;986.3445000000092;980.9009000000012;980.9009000000012;980.9009000000012;980.2848000000013;950.2686999999967;980.9009000000012;963.9117999999976;986.3445000000092;
4630.000000000098;989.2992000000595;986.3445000000092;964.3518999999976;965.2320999999977;993.523200000036;986.3445000000092;991.4112000000478;986.3445000000092;980.9009000000012;980.9009000000012;980.9009000000012;980.2848000000013;950.2686999999967;980.9009000000012;963.9117999999976;986.3445000000092;
4631.000000000098;989.2992000000595;986.3445000000092;964.3518999999976;965.2320999999977;993.523200000036;986.3445000000092;991.4112000000478;986.3445000000092;980.9009000000012;980.9009000000012;980.9009000000012;980.2848000000013;950.2686999999967;980.9009000000012;963.9117999999976;986.3445000000092;
4632.000000000098;989.2992000000595;986.3445000000092;964.3518999999976;965.2320999999977;993.523200000036;986.3445000000092;991.4112000000478;986.3445000000092;980.9009000000012;980.9009000000012;980.9009000000012;980.2848000000013;950.2686999999967;980.9009000000012;963.9117999999976;986.3445000000092;
4633.000000000098;989.2992000000595;986.3445000000092;964.3518999999976;965.2320999999977;993.523200000036;986.3445000000092;991.4112000000478;986.3445000000092;980.9009000000012;980.9009000000012;980.9009000000012;980.2848000000013;950.2686999999967;980.9009000000012;963.9117999999976;986.3445000000092;
4634.000000000098;989.2992000000595;986.3445000000092;964.3518999999976;965.2320999999977;993.523200000036;986.3445000000092;991.4112000000478;986.3445000000092;980.9009000000012;980.9009000000012;980.9009000000012;980.2848000000013;950.2686999999967;980.9009000000012;963.9117999999976;986.3445000000092;
4635.000000000098;989.2992000000595;986.3445000000092;964.3518999999976;965.2320999999977;993.523200000036;986.3445000000092;991.4112000000478;986.3445000000092;980.9009000000012;980.9009000000012;980.9009000000012;980.2848000000013;950.2686999999967;980.9009000000012;963.9117999999976;986.3445000000092;
4636.000000000098;989.2992000000595;986.3445000000092;964.3518999999976;965.2320999999977;993.523200000036;986.3445000000092;991.4112000000478;986.3445000000092;980.9009000000012;980.9009000000012;980.9009000000012;980.2848000000013;950.2686999999967;980.9009000000012;963.9117999999976;986.3445000000092;
4637.000000000098;989.2992000000595;986.3445000000092;964.3518999999976;965.2320999999977;993.523200000036;986.3445000000092;991.4112000000478;986.3445000000092;980.9009000000012;980.9009000000012;980.9009000000012;980.2848000000013;950.2686999999967;980.9009000000012;963.9117999999976;986.3445000000092;
4638.000000000098;989.2992000000595;986.3445000000092;964.3518999999976;965.2320999999977;993.523200000036;986.3445000000092;991.4112000000478;986.3445000000092;980.9009000000012;980.9009000000012;980.9009000000012;980.2848000000013;950.2686999999967;980.9009000000012;963.9117999999976;986.3445000000092;
4639.000000000098;989.2992000000595;986.3445000000092;964.3518999999976;965.2320999999977;993.523200000036;986.3445000000092;991.4112000000478;986.3445000000092;980.9009000000012;980.9009000000012;980.9009000000012;980.2848000000013;950.2686999999967;980.9009000000012;963.9117999999976;986.3445000000092;
4640.000000000098;989.2992000000595;986.3445000000092;964.3518999999976;965.2320999999977;993.523200000036;986.3445000000092;991.4112000000478;986.3445000000092;980.9009000000012;980.9009000000012;980.9009000000012;980.2848000000013;950.2686999999967;980.9009000000012;963.9117999999976;986.3445000000092;
4641.000000000098;989.2992000000595;986.3445000000092;964.3518999999976;965.2320999999977;993.523200000036;986.3445000000092;991.4112000000478;986.3445000000092;980.9009000000012;980.9009000000012;980.9009000000012;980.2848000000013;950.2686999999967;980.9009000000012;963.9117999999976;986.3445000000092;
4642.000000000098;989.2992000000595;986.3445000000092;964.3518999999976;965.2320999999977;993.523200000036;986.3445000000092;991.4112000000478;986.3445000000092;980.9009000000012;980.9009000000012;980.9009000000012;980.2848000000013;950.2686999999967;980.9009000000012;963.9117999999976;986.3445000000092;
4643.000000000098;989.2992000000595;986.3445000000092;964.3518999999976;965.2320999999977;993.523200000036;986.3445000000092;991.4112000000478;986.3445000000092;980.9009000000012;980.9009000000012;980.9009000000012;980.2848000000013;950.2686999999967;980.9009000000012;963.9117999999976;986.3445000000092;
4644.000000000098;989.2992000000595;986.3445000000092;964.3518999999976;965.2320999999977;993.523200000036;986.3445000000092;991.4112000000478;986.3445000000092;980.9009000000012;980.9009000000012;980.9009000000012;980.2848000000013;950.2686999999967;980.9009000000012;963.9117999999976;986.3445000000092;
4645.000000000098;989.2992000000595;986.3445000000092;964.3518999999976;965.2320999999977;993.523200000036;986.3445000000092;991.4112000000478;986.3445000000092;980.9009000000012;980.9009000000012;980.9009000000012;980.2848000000013;950.2686999999967;980.9009000000012;963.9117999999976;986.3445000000092;
4646.000000000098;989.2992000000595;986.3445000000092;964.3518999999976;965.2320999999977;993.523200000036;986.3445000000092;991.4112000000478;986.3445000000092;980.9009000000012;980.9009000000012;980.9009000000012;980.2848000000013;950.2686999999967;980.9009000000012;963.9117999999976;986.3445000000092;
4647.000000000098;989.2992000000595;986.3445000000092;964.3518999999976;965.2320999999977;993.523200000036;986.3445000000092;991.4112000000478;986.3445000000092;980.9009000000012;980.9009000000012;980.9009000000012;980.2848000000013;950.2686999999967;980.9009000000012;963.9117999999976;986.3445000000092;
4648.000000000098;989.2992000000595;986.3445000000092;964.3518999999976;965.2320999999977;993.523200000036;986.3445000000092;991.4112000000478;986.3445000000092;980.9009000000012;980.9009000000012;980.9009000000012;980.2848000000013;950.2686999999967;980.9009000000012;963.9117999999976;986.3445000000092;
4649.000000000098;989.2992000000595;986.3445000000092;964.3518999999976;965.2320999999977;993.523200000036;986.3445000000092;991.4112000000478;986.3445000000092;980.9009000000012;980.9009000000012;980.9009000000012;980.2848000000013;950.2686999999967;980.9009000000012;963.9117999999976;986.3445000000092;
4649.77103470448;989.2992000000595;986.3445000000092;964.3518999999976;965.2320999999977;993.523200000036;986.3444000000093;991.4112000000478;986.3445000000092;980.9009000000012;980.9009000000012;980.9009000000012;980.2848000000013;950.2686999999967;980.9009000000012;963.9117999999976;986.3445000000092;
4649.77103470448;989.2992000000595;986.3445000000092;964.3518999999976;965.2320999999977;993.523200000036;986.2564000000093;991.4112000000478;986.3445000000092;980.9009000000012;980.9009000000012;980.9009000000012;980.2848000000013;950.2686999999967;980.9009000000012;963.9117999999976;986.3445000000092;
4649.77635070448;989.2904000000595;986.3445000000092;964.3518999999976;965.2320999999977;993.523200000036;986.2564000000093;991.4112000000478;986.3445000000092;980.9009000000012;980.9009000000012;980.9009000000012;980.2848000000013;950.2686999999967;980.9009000000012;963.9117999999976;986.3445000000092;
4649.77635070448;989.2816000000596;986.3445000000092;964.3518999999976;965.2320999999977;993.523200000036;986.2564000000093;991.4112000000478;986.3445000000092;980.9009000000012;980.9009000000012;980.9009000000012;980.2848000000013;950.2686999999967;980.9009000000012;963.9117999999976;986.3445000000092;
4649.78166670448;989.2816000000596;986.3445000000092;964.3518999999976;965.2320999999977;993.523200000036;986.2564000000093;991.4024000000478;986.3445000000092;980.9009000000012;980.9009000000012;980.9009000000012;980.2848000000013;950.2686999999967;980.9009000000012;963.9117999999976;986.3445000000092;
4649.804029403601;989.2816000000596;986.3445000000092;964.3517999999976;965.2320999999977;993.523200000036;986.2564000000093;991.4024000000478;986.3445000000092;980.9009000000012;980.9009000000012;980.9009000000012;980.2848000000013;950.2686999999967;980.9009000000012;963.9117999999976;986.3445000000092;
4649.804029403601;989.2816000000596;986.3445000000092;963.9117999999976;965.2320999999977;993.523200000036;986.2564000000093;991.4024000000478;986.3445000000092;980.9009000000012;980.9009000000012;980.9009000000012;980.2848000000013;950.2686999999967;980.9009000000012;963.9117999999976;986.3445000000092;
4649.809345403601;989.2728000000596;986.3445000000092;963.9117999999976;965.2320999999977;993.523200000036;986.2564000000093;991.4024000000478;986.3445000000092;980.9009000000012;980.9009000000012;980.9009000000012;980.2848000000013;950.2686999999967;980.9009000000012;963.9117999999976;986.3445000000092;
4649.878291851081;989.2728000000596;986.3445000000092;963.9117999999976;965.2320999999977;993.523200000036;986.2564000000093;991.4024000000478;986.3445000000092;980.9008000000013;980.9009000000012;980.9009000000012;980.2848000000013;950.2686999999967;980.9009000000012;963.9117999999976;986.3445000000092;
4649.878291851081;989.2728000000596;986.3445000000092;963.9117999999976;965.2320999999977;993.523200000036;986.2564000000093;991.4024000000478;986.3445000000092;980.2848000000013;980.9009000000012;980.9009000000012;980.2848000000013;950.2686999999967;980.9009000000012;963.9117999999976;986.3445000000092;
4649.88360785108;989.2640000000597;986.3445000000092;963.9117999999976;965.2320999999977;993.523200000036;986.2564000000093;991.4024000000478;986.3445000000092;980.2848000000013;980.9009000000012;980.9009000000012;980.2848000000013;950.2686999999967;980.9009000000012;963.9117999999976;986.3445000000092;
4649.935650637575;989.2640000000597;986.3445000000092;963.9117999999976;965.2319999999977;993.523200000036;986.2564000000093;991.4024000000478;986.3445000000092;980.2848000000013;980.9009000000012;980.9009000000012;980.2848000000013;950.2686999999967;980.9009000000012;963.9117999999976;986.3445000000092;
4650.104335241482;989.2376000000598;986.2564000000093;963.9117999999976;964.7919999999976;993.4968000000362;986.2564000000093;991.3936000000479;986.2564000000093;980.2848000000013;980.2848000000013;980.9008000000013;980.2848000000013;950.2686999999967;980.2848000000013;963.9117999999976;986.2564000000093;
4650.940956490553;989.2288000000599;986.2564000000093;963.9117999999976;964.7919999999976;993.4880000000362;986.2564000000093;991.3848000000479;986.2564000000093;980.2848000000013;980.2848000000013;980.2848000000013;980.2848000000013;950.2686999999967;980.2848000000013;963.9117999999976;986.2564000000093;
4651.776360257153;989.2288000000599;986.2564000000093;963.9117999999976;964.7919999999976;993.4792000000363;986.2564000000093;991.376000000048;986.2564000000093;980.2848000000013;980.2848000000013;980.2848000000013;980.2848000000013;950.2686999999967;980.2848000000013;963.9117999999976;986.2564000000093;
4652.77636503349;989.2200000000599;986.2564000000093;963.9117999999976;964.7919999999976;993.4704000000363;986.2564000000093;991.358400000048;986.2564000000093;980.2848000000013;980.2848000000013;980.2848000000013;980.2848000000013;950.2686999999967;980.2848000000013;963.9117999999976;986.2564000000093;
4652.940936196507;989.21120000006;986.2564000000093;963.9117999999976;964.7919999999976;993.4704000000363;986.2564000000093;991.3496000000481;986.2564000000093;980.2848000000013;980.2848000000013;980.2848000000013;980.2848000000013;950.2686999999967;980.2848000000013;963.9117999999976;986.2564000000093;
4653.776369809827;989.21120000006;986.2564000000093;963.9117999999976;964.7919999999976;993.4704000000363;986.2564000000093;991.3496000000481;986.2564000000093;980.2848000000013;980.2848000000013;980.2848000000013;980.2848000000013;950.2686999999967;980.2848000000013;963.9117999999976;986.2564000000093;
4654.776374586164;989.20240000006;986.2564000000093;963.9117999999976;964.7919999999976;993.4704000000363;986.2564000000093;991.3408000000481;986.2564000000093;980.2848000000013;980.2848000000013;980.2848000000013;980.2848000000013;950.2686999999967;980.2848000000013;963.9117999999976;986.2564000000093;
4655.000000000095;989.1936000000601;986.2564000000093;963.9117999999976;964.7919999999976;993.4704000000363;986.2564000000093;991.3320000000482;986.2564000000093;980.2848000000013;980.2848000000013;980.2848000000013;980.2848000000013;950.2686999999967;980.2848000000013;963.9117999999976;986.2564000000093;
4655.776379362501;989.1936000000601;986.2564000000093;963.9117999999976;964.7919999999976;993.4704000000363;986.2564000000093;991.3320000000482;986.2564000000093;980.2848000000013;980.2848000000013;980.2848000000013;980.2848000000013;950.2686999999967;980.2848000000013;963.9117999999976;986.2564000000093;
4657.000000000095;989.1936000000601;986.2564000000093;963.9117999999976;964.7919999999976;993.4704000000363;986.2564000000093;991.3320000000482;986.2564000000093;980.2848000000013;980.2848000000013;980.2848000000013;980.2848000000013;950.2686999999967;980.2848000000013;963.9117999999976;986.2564000000093;
4658.000000000095;989.1936000000601;986.2564000000093;963.9117999999976;964.7919999999976;993.4704000000363;986.2564000000093;991.3320000000482;986.2564000000093;980.2848000000013;980.2848000000013;980.2848000000013;980.2848000000013;950.2686999999967;980.2848000000013;963.9117999999976;986.2564000000093;
4659.000000000095;989.1936000000601;986.2564000000093;963.9117999999976;964.7919999999976;993.4704000000363;986.2564000000093;991.3320000000482;986.2564000000093;980.2848000000013;980.2848000000013;980.2848000000013;980.2848000000013;950.2686999999967;980.2848000000013;963.9117999999976;986.2564000000093;
4660.000000000095;989.1936000000601;986.2564000000093;963.9117999999976;964.7919999999976;993.4704000000363;986.2564000000093;991.3320000000482;986.2564000000093;980.2848000000013;980.2848000000013;980.2848000000013;980.2848000000013;950.2686999999967;980.2848000000013;963.9117999999976;986.2564000000093;
4661.000000000095;989.1936000000601;986.2564000000093;963.9117999999976;964.7919999999976;993.4704000000363;986.2564000000093;991.3320000000482;986.2564000000093;980.2848000000013;980.2848000000013;980.2848000000013;980.2848000000013;950.2686999999967;980.2848000000013;963.9117999999976;986.2564000000093;
4662.000000000095;989.1936000000601;986.2564000000093;963.9117999999976;964.7919999999976;993.4704000000363;986.2564000000093;991.3320000000482;986.2564000000093;980.2848000000013;980.2848000000013;980.2848000000013;980.2848000000013;950.2686999999967;980.2848000000013;963.9117999999976;986.2564000000093;
4663.000000000095;989.1936000000601;986.2564000000093;963.9117999999976;964.7919999999976;993.4704000000363;986.2564000000093;991.3320000000482;986.2564000000093;980.2848000000013;980.2848000000013;980.2848000000013;980.2848000000013;950.2686999999967;980.2848000000013;963.9117999999976;986.2564000000093;
4664.000000000095;989.1936000000601;986.2564000000093;963.9117999999976;964.7919999999976;993.4704000000363;986.2564000000093;991.3320000000482;986.2564000000093;980.2848000000013;980.2848000000013;980.2848000000013;980.2848000000013;950.2686999999967;980.2848000000013;963.9117999999976;986.2564000000093;
4665.000000000095;989.1936000000601;986.2564000000093;963.9117999999976;964.7919999999976;993.4704000000363;986.2564000000093;991.3320000000482;986.2564000000093;980.2848000000013;980.2848000000013;980.2848000000013;980.2848000000013;950.2686999999967;980.2848000000013;963.9117999999976;986.2564000000093;
4666.000000000095;989.1936000000601;986.2564000000093;963.9117999999976;964.7919999999976;993.4704000000363;986.2564000000093;991.3320000000482;986.2564000000093;980.2848000000013;980.2848000000013;980.2848000000013;980.2848000000013;950.2686999999967;980.2848000000013;963.9117999999976;986.2564000000093;
4667.000000000095;989.1936000000601;986.2564000000093;963.9117999999976;964.7919999999976;993.4704000000363;986.2564000000093;991.3320000000482;986.2564000000093;980.2848000000013;980.2848000000013;980.2848000000013;980.2848000000013;950.2686999999967;980.2848000000013;963.9117999999976;986.2564000000093;
4668.000000000095;989.1936000000601;986.2564000000093;963.9117999999976;964.7919999999976;993.4704000000363;986.2564000000093;991.3320000000482;986.2564000000093;980.2848000000013;980.2848000000013;980.2848000000013;980.2848000000013;950.2686999999967;980.2848000000013;963.9117999999976;986.2564000000093;
4669.000000000095;989.1936000000601;986.2564000000093;963.9117999999976;964.7919999999976;993.4704000000363;986.2564000000093;991.3320000000482;986.2564000000093;980.2848000000013;980.2848000000013;980.2848000000013;980.2848000000013;950.2686999999967;980.2848000000013;963.9117999999976;986.2564000000093;
4670.000000000095;989.1936000000601;986.2564000000093;963.9117999999976;964.7919999999976;993.4704000000363;986.2564000000093;991.3320000000482;986.2564000000093;980.2848000000013;980.2848000000013;980.2848000000013;980.2848000000013;950.2686999999967;980.2848000000013;963.9117999999976;986.2564000000093;
4671.000000000095;989.1936000000601;986.2564000000093;963.9117999999976;964.7919999999976;993.4704000000363;986.2564000000093;991.3320000000482;986.2564000000093;980.2848000000013;980.2848000000013;980.2848000000013;980.2848000000013;950.2686999999967;980.2848000000013;963.9117999999976;986.2564000000093;
4672.000000000095;989.1936000000601;986.2564000000093;963.9117999999976;964.7919999999976;993.4704000000363;986.2564000000093;991.3320000000482;986.2564000000093;980.2848000000013;980.2848000000013;980.2848000000013;980.2848000000013;950.2686999999967;980.2848000000013;963.9117999999976;986.2564000000093;
4673.000000000095;989.1936000000601;986.2564000000093;963.9117999999976;964.7919999999976;993.4704000000363;986.2564000000093;991.3320000000482;986.2564000000093;980.2848000000013;980.2848000000013;980.2848000000013;980.2848000000013;950.2686999999967;980.2848000000013;963.9117999999976;986.2564000000093;
4674.000000000095;989.1936000000601;986.2564000000093;963.9117999999976;964.7919999999976;993.4704000000363;986.2564000000093;991.3320000000482;986.2564000000093;980.2848000000013;980.2848000000013;980.2848000000013;980.2848000000013;950.2686999999967;980.2848000000013;963.9117999999976;986.2564000000093;
4675.000000000095;989.1936000000601;986.2564000000093;963.9117999999976;964.7919999999976;993.4704000000363;986.2564000000093;991.3320000000482;986.2564000000093;980.2848000000013;980.2848000000013;980.2848000000013;980.2848000000013;950.2686999999967;980.2848000000013;963.9117999999976;986.2564000000093;
4676.000000000095;989.1936000000601;986.2564000000093;963.9117999999976;964.7919999999976;993.4704000000363;986.2564000000093;991.3320000000482;986.2564000000093;980.2848000000013;980.2848000000013;980.2848000000013;980.2848000000013;950.2686999999967;980.2848000000013;963.9117999999976;986.2564000000093;
4677.000000000095;989.1936000000601;986.2564000000093;963.9117999999976;964.7919999999976;993.4704000000363;986.2564000000093;991.3320000000482;986.2564000000093;980.2848000000013;980.2848000000013;980.2848000000013;980.2848000000013;950.2686999999967;980.2848000000013;963.9117999999976;986.2564000000093;
4678.000000000095;989.1936000000601;986.2564000000093;963.9117999999976;964.7919999999976;993.4704000000363;986.2564000000093;991.3320000000482;986.2564000000093;980.2848000000013;980.2848000000013;980.2848000000013;980.2848000000013;950.2686999999967;980.2848000000013;963.9117999999976;986.2564000000093;
4679.000000000095;989.1936000000601;986.2564000000093;963.9117999999976;964.7919999999976;993.4704000000363;986.2564000000093;991.3320000000482;986.2564000000093;980.2848000000013;980.2848000000013;980.2848000000013;980.2848000000013;950.2686999999967;980.2848000000013;963.9117999999976;986.2564000000093;
4679.77100744221;989.1936000000601;986.2564000000093;963.9117999999976;964.7919999999976;993.4704000000363;986.2563000000093;991.3320000000482;986.2564000000093;980.2848000000013;980.2848000000013;980.2848000000013;980.2848000000013;950.2686999999967;980.2848000000013;963.9117999999976;986.2564000000093;
4679.77100744221;989.1936000000601;986.2564000000093;963.9117999999976;964.7919999999976;993.4704000000363;986.1683000000094;991.3320000000482;986.2564000000093;980.2848000000013;980.2848000000013;980.2848000000013;980.2848000000013;950.2686999999967;980.2848000000013;963.9117999999976;986.2564000000093;
4679.77632344221;989.1848000000601;986.2564000000093;963.9117999999976;964.7919999999976;993.4704000000363;986.1683000000094;991.3320000000482;986.2564000000093;980.2848000000013;980.2848000000013;980.2848000000013;980.2848000000013;950.2686999999967;980.2848000000013;963.9117999999976;986.2564000000093;
4679.77632344221;989.1760000000602;986.2564000000093;963.9117999999976;964.7919999999976;993.4704000000363;986.1683000000094;991.3320000000482;986.2564000000093;980.2848000000013;980.2848000000013;980.2848000000013;980.2848000000013;950.2686999999967;980.2848000000013;963.9117999999976;986.2564000000093;
4679.78163944221;989.1760000000602;986.2564000000093;963.9117999999976;964.7919999999976;993.4704000000363;986.1683000000094;991.3232000000482;986.2564000000093;980.2848000000013;980.2848000000013;980.2848000000013;980.2848000000013;950.2686999999967;980.2848000000013;963.9117999999976;986.2564000000093;
4679.884660868142;989.1760000000602;986.2564000000093;963.9117999999976;964.7919999999976;993.4704000000363;986.1683000000094;991.3232000000482;986.2564000000093;980.2848000000013;980.2848000000013;980.2848000000013;980.2848000000013;950.2685999999967;980.2848000000013;963.9117999999976;986.2564000000093;
4679.884660868142;989.1760000000602;986.2564000000093;963.9117999999976;964.7919999999976;993.4704000000363;986.1683000000094;991.3232000000482;986.2564000000093;980.2848000000013;980.2848000000013;980.2848000000013;980.2848000000013;949.8285999999966;980.2848000000013;963.9117999999976;986.2564000000093;
4679.889976868142;989.1760000000602;986.2564000000093;963.9117999999976;964.7919999999976;993.4616000000364;986.1683000000094;991.3232000000482;986.2564000000093;980.2848000000013;980.2848000000013;980.2848000000013;980.2848000000013;949.8285999999966;980.2848000000013;963.9117999999976;986.2564000000093;
4679.889976868142;989.1760000000602;986.2564000000093;963.9117999999976;964.7919999999976;993.4528000000364;986.1683000000094;991.3232000000482;986.2564000000093;980.2848000000013;980.2848000000013;980.2848000000013;980.2848000000013;949.8285999999966;980.2848000000013;963.9117999999976;986.2564000000093;
4679.895292868142;989.1760000000602;986.2564000000093;963.9117999999976;964.7919999999976;993.4528000000364;986.1683000000094;991.3144000000483;986.2564000000093;980.2848000000013;980.2848000000013;980.2848000000013;980.2848000000013;949.8285999999966;980.2848000000013;963.9117999999976;986.2564000000093;
4679.939827356384;989.1760000000602;986.2564000000093;963.9117999999976;964.7919999999976;993.4528000000364;986.1683000000094;991.3144000000483;986.2563000000093;980.2848000000013;980.2848000000013;980.2848000000013;980.2848000000013;949.8285999999966;980.2848000000013;963.9117999999976;986.2564000000093;
4680.2187113612335;989.1584000000603;986.1683000000094;963.9117999999976;964.7919999999976;993.4528000000364;986.1683000000094;991.3144000000483;986.1683000000094;980.2848000000013;980.2848000000013;980.2848000000013;980.2848000000013;949.8285999999966;980.2848000000013;963.9116999999976;986.1683000000094;
4681.000000000093;989.1496000000603;986.1683000000094;963.9117999999976;964.7919999999976;993.4352000000365;986.1683000000094;991.2968000000484;986.1683000000094;980.2848000000013;980.2848000000013;980.2848000000013;980.2848000000013;949.8285999999966;980.2848000000013;963.4716999999976;986.1683000000094;
4681.776332994883;989.1496000000603;986.1683000000094;963.9117999999976;964.7919999999976;993.4352000000365;986.1683000000094;991.2968000000484;986.1683000000094;980.2848000000013;980.2848000000013;980.2848000000013;980.2848000000013;949.8285999999966;980.2848000000013;963.4716999999976;986.1683000000094;
4682.77633777122;989.1408000000604;986.1683000000094;963.9117999999976;964.7919999999976;993.4352000000365;986.1683000000094;991.2880000000484;986.1683000000094;980.2848000000013;980.2848000000013;980.2848000000013;980.2848000000013;949.8285999999966;980.2848000000013;963.4716999999976;986.1683000000094;
4683.000000000092;989.1408000000604;986.1683000000094;963.9117999999976;964.7919999999976;993.4352000000365;986.1683000000094;991.2880000000484;986.1683000000094;980.2848000000013;980.2848000000013;980.2848000000013;980.2848000000013;949.8285999999966;980.2848000000013;963.4716999999976;986.1683000000094;
4684.000000000092;989.1408000000604;986.1683000000094;963.9117999999976;964.7919999999976;993.4352000000365;986.1683000000094;991.2880000000484;986.1683000000094;980.2848000000013;980.2848000000013;980.2848000000013;980.2848000000013;949.8285999999966;980.2848000000013;963.4716999999976;986.1683000000094;
4685.000000000092;989.1408000000604;986.1683000000094;963.9117999999976;964.7919999999976;993.4352000000365;986.1683000000094;991.2880000000484;986.1683000000094;980.2848000000013;980.2848000000013;980.2848000000013;980.2848000000013;949.8285999999966;980.2848000000013;963.4716999999976;986.1683000000094;
4686.000000000092;989.1408000000604;986.1683000000094;963.9117999999976;964.7919999999976;993.4352000000365;986.1683000000094;991.2880000000484;986.1683000000094;980.2848000000013;980.2848000000013;980.2848000000013;980.2848000000013;949.8285999999966;980.2848000000013;963.4716999999976;986.1683000000094;
4687.000000000092;989.1408000000604;986.1683000000094;963.9117999999976;964.7919999999976;993.4352000000365;986.1683000000094;991.2880000000484;986.1683000000094;980.2848000000013;980.2848000000013;980.2848000000013;980.2848000000013;949.8285999999966;980.2848000000013;963.4716999999976;986.1683000000094;
4688.000000000092;989.1408000000604;986.1683000000094;963.9117999999976;964.7919999999976;993.4352000000365;986.1683000000094;991.2880000000484;986.1683000000094;980.2848000000013;980.2848000000013;980.2848000000013;980.2848000000013;949.8285999999966;980.2848000000013;963.4716999999976;986.1683000000094;
4689.000000000092;989.1408000000604;986.1683000000094;963.9117999999976;964.7919999999976;993.4352000000365;986.1683000000094;991.2880000000484;986.1683000000094;980.2848000000013;980.2848000000013;980.2848000000013;980.2848000000013;949.8285999999966;980.2848000000013;963.4716999999976;986.1683000000094;
4690.000000000092;989.1408000000604;986.1683000000094;963.9117999999976;964.7919999999976;993.4352000000365;986.1683000000094;991.2880000000484;986.1683000000094;980.2848000000013;980.2848000000013;980.2848000000013;980.2848000000013;949.8285999999966;980.2848000000013;963.4716999999976;986.1683000000094;
4691.000000000092;989.1408000000604;986.1683000000094;963.9117999999976;964.7919999999976;993.4352000000365;986.1683000000094;991.2880000000484;986.1683000000094;980.2848000000013;980.2848000000013;980.2848000000013;980.2848000000013;949.8285999999966;980.2848000000013;963.4716999999976;986.1683000000094;
4692.000000000092;989.1408000000604;986.1683000000094;963.9117999999976;964.7919999999976;993.4352000000365;986.1683000000094;991.2880000000484;986.1683000000094;980.2848000000013;980.2848000000013;980.2848000000013;980.2848000000013;949.8285999999966;980.2848000000013;963.4716999999976;986.1683000000094;
4693.000000000092;989.1408000000604;986.1683000000094;963.9117999999976;964.7919999999976;993.4352000000365;986.1683000000094;991.2880000000484;986.1683000000094;980.2848000000013;980.2848000000013;980.2848000000013;980.2848000000013;949.8285999999966;980.2848000000013;963.4716999999976;986.1683000000094;
4694.000000000092;989.1408000000604;986.1683000000094;963.9117999999976;964.7919999999976;993.4352000000365;986.1683000000094;991.2880000000484;986.1683000000094;980.2848000000013;980.2848000000013;980.2848000000013;980.2848000000013;949.8285999999966;980.2848000000013;963.4716999999976;986.1683000000094;
4695.000000000092;989.1408000000604;986.1683000000094;963.9117999999976;964.7919999999976;993.4352000000365;986.1683000000094;991.2880000000484;986.1683000000094;980.2848000000013;980.2848000000013;980.2848000000013;980.2848000000013;949.8285999999966;980.2848000000013;963.4716999999976;986.1683000000094;
4696.000000000092;989.1408000000604;986.1683000000094;963.9117999999976;964.7919999999976;993.4352000000365;986.1683000000094;991.2880000000484;986.1683000000094;980.2848000000013;980.2848000000013;980.2848000000013;980.2848000000013;949.8285999999966;980.2848000000013;963.4716999999976;986.1683000000094;
4697.000000000092;989.1408000000604;986.1683000000094;963.9117999999976;964.7919999999976;993.4352000000365;986.1683000000094;991.2880000000484;986.1683000000094;980.2848000000013;980.2848000000013;980.2848000000013;980.2848000000013;949.8285999999966;980.2848000000013;963.4716999999976;986.1683000000094;
4698.000000000092;989.1408000000604;986.1683000000094;963.9117999999976;964.7919999999976;993.4352000000365;986.1683000000094;991.2880000000484;986.1683000000094;980.2848000000013;980.2848000000013;980.2848000000013;980.2848000000013;949.8285999999966;980.2848000000013;963.4716999999976;986.1683000000094;
4699.000000000092;989.1408000000604;986.1683000000094;963.9117999999976;964.7919999999976;993.4352000000365;986.1683000000094;991.2880000000484;986.1683000000094;980.2848000000013;980.2848000000013;980.2848000000013;980.2848000000013;949.8285999999966;980.2848000000013;963.4716999999976;986.1683000000094;
4700.000000000092;989.1408000000604;986.1683000000094;963.9117999999976;964.7919999999976;993.4352000000365;986.1683000000094;991.2880000000484;986.1683000000094;980.2848000000013;980.2848000000013;980.2848000000013;980.2848000000013;949.8285999999966;980.2848000000013;963.4716999999976;986.1683000000094;
4701.000000000092;989.1408000000604;986.1683000000094;963.9117999999976;964.7919999999976;993.4352000000365;986.1683000000094;991.2880000000484;986.1683000000094;980.2848000000013;980.2848000000013;980.2848000000013;980.2848000000013;949.8285999999966;980.2848000000013;963.4716999999976;986.1683000000094;
4702.000000000092;989.1408000000604;986.1683000000094;963.9117999999976;964.7919999999976;993.4352000000365;986.1683000000094;991.2880000000484;986.1683000000094;980.2848000000013;980.2848000000013;980.2848000000013;980.2848000000013;949.8285999999966;980.2848000000013;963.4716999999976;986.1683000000094;
4703.000000000092;989.1408000000604;986.1683000000094;963.9117999999976;964.7919999999976;993.4352000000365;986.1683000000094;991.2880000000484;986.1683000000094;980.2848000000013;980.2848000000013;980.2848000000013;980.2848000000013;949.8285999999966;980.2848000000013;963.4716999999976;986.1683000000094;
4704.000000000092;989.1408000000604;986.1683000000094;963.9117999999976;964.7919999999976;993.4352000000365;986.1683000000094;991.2880000000484;986.1683000000094;980.2848000000013;980.2848000000013;980.2848000000013;980.2848000000013;949.8285999999966;980.2848000000013;963.4716999999976;986.1683000000094;
4705.000000000092;989.1408000000604;986.1683000000094;963.9117999999976;964.7919999999976;993.4352000000365;986.1683000000094;991.2880000000484;986.1683000000094;980.2848000000013;980.2848000000013;980.2848000000013;980.2848000000013;949.8285999999966;980.2848000000013;963.4716999999976;986.1683000000094;
4706.000000000092;989.1408000000604;986.1683000000094;963.9117999999976;964.7919999999976;993.4352000000365;986.1683000000094;991.2880000000484;986.1683000000094;980.2848000000013;980.2848000000013;980.2848000000013;980.2848000000013;949.8285999999966;980.2848000000013;963.4716999999976;986.1683000000094;
4707.000000000092;989.1408000000604;986.1683000000094;963.9117999999976;964.7919999999976;993.4352000000365;986.1683000000094;991.2880000000484;986.1683000000094;980.2848000000013;980.2848000000013;980.2848000000013;980.2848000000013;949.8285999999966;980.2848000000013;963.4716999999976;986.1683000000094;
4708.000000000092;989.1408000000604;986.1683000000094;963.9117999999976;964.7919999999976;993.4352000000365;986.1683000000094;991.2880000000484;986.1683000000094;980.2848000000013;980.2848000000013;980.2848000000013;980.2848000000013;949.8285999999966;980.2848000000013;963.4716999999976;986.1683000000094;
4709.000000000092;989.1408000000604;986.1683000000094;963.9117999999976;964.7919999999976;993.4352000000365;986.1683000000094;991.2880000000484;986.1683000000094;980.2848000000013;980.2848000000013;980.2848000000013;980.2848000000013;949.8285999999966;980.2848000000013;963.4716999999976;986.1683000000094;
4709.770980179941;989.1408000000604;986.1683000000094;963.9117999999976;964.7919999999976;993.4352000000365;986.1682000000094;991.2880000000484;986.1683000000094;980.2848000000013;980.2848000000013;980.2848000000013;980.2848000000013;949.8285999999966;980.2848000000013;963.4716999999976;986.1683000000094;
4709.770980179941;989.1408000000604;986.1683000000094;963.9117999999976;964.7919999999976;993.4352000000365;986.0802000000094;991.2880000000484;986.1683000000094;980.2848000000013;980.2848000000013;980.2848000000013;980.2848000000013;949.8285999999966;980.2848000000013;963.4716999999976;986.1683000000094;
4709.776296179941;989.1320000000604;986.1683000000094;963.9117999999976;964.7919999999976;993.4352000000365;986.0802000000094;991.2880000000484;986.1683000000094;980.2848000000013;980.2848000000013;980.2848000000013;980.2848000000013;949.8285999999966;980.2848000000013;963.4716999999976;986.1683000000094;
4709.776296179941;989.1232000000605;986.1683000000094;963.9117999999976;964.7919999999976;993.4352000000365;986.0802000000094;991.2880000000484;986.1683000000094;980.2848000000013;980.2848000000013;980.2848000000013;980.2848000000013;949.8285999999966;980.2848000000013;963.4716999999976;986.1683000000094;
4709.781612179941;989.1232000000605;986.1683000000094;963.9117999999976;964.7919999999976;993.4352000000365;986.0802000000094;991.2792000000485;986.1683000000094;980.2848000000013;980.2848000000013;980.2848000000013;980.2848000000013;949.8285999999966;980.2848000000013;963.4716999999976;986.1683000000094;
4709.804036837741;989.1232000000605;986.1683000000094;963.9116999999976;964.7919999999976;993.4352000000365;986.0802000000094;991.2792000000485;986.1683000000094;980.2848000000013;980.2848000000013;980.2848000000013;980.2848000000013;949.8285999999966;980.2848000000013;963.4716999999976;986.1683000000094;
4709.804036837741;989.1232000000605;986.1683000000094;963.4716999999976;964.7919999999976;993.4352000000365;986.0802000000094;991.2792000000485;986.1683000000094;980.2848000000013;980.2848000000013;980.2848000000013;980.2848000000013;949.8285999999966;980.2848000000013;963.4716999999976;986.1683000000094;
4709.80935283774;989.1144000000605;986.1683000000094;963.4716999999976;964.7919999999976;993.4352000000365;986.0802000000094;991.2792000000485;986.1683000000094;980.2848000000013;980.2848000000013;980.2848000000013;980.2848000000013;949.8285999999966;980.2848000000013;963.4716999999976;986.1683000000094;
4709.882933258011;989.1144000000605;986.1683000000094;963.4716999999976;964.7919999999976;993.4352000000365;986.0802000000094;991.2792000000485;986.1683000000094;980.2848000000013;980.2848000000013;980.2848000000013;980.2848000000013;949.8284999999967;980.2848000000013;963.4716999999976;986.1683000000094;
4709.882933258011;989.1144000000605;986.1683000000094;963.4716999999976;964.7919999999976;993.4352000000365;986.0802000000094;991.2792000000485;986.1683000000094;980.2848000000013;980.2848000000013;980.2848000000013;980.2848000000013;949.3884999999966;980.2848000000013;963.4716999999976;986.1683000000094;
4709.888249258011;989.1144000000605;986.1683000000094;963.4716999999976;964.7919999999976;993.4264000000366;986.0802000000094;991.2792000000485;986.1683000000094;980.2848000000013;980.2848000000013;980.2848000000013;980.2848000000013;949.3884999999966;980.2848000000013;963.4716999999976;986.1683000000094;
4709.888249258011;989.1144000000605;986.1683000000094;963.4716999999976;964.7919999999976;993.4176000000366;986.0802000000094;991.2792000000485;986.1683000000094;980.2848000000013;980.2848000000013;980.2848000000013;980.2848000000013;949.3884999999966;980.2848000000013;963.4716999999976;986.1683000000094;
4710.776300956278;989.0968000000606;986.0802000000094;963.4716999999976;964.3518999999976;993.4088000000366;986.0802000000094;991.2704000000485;986.0802000000094;980.2848000000013;980.2848000000013;980.2848000000013;980.2848000000013;949.3884999999966;980.2848000000013;963.4716999999976;986.0802000000094;
4711.000000000091;989.0880000000607;986.0802000000094;963.4716999999976;964.3518999999976;993.4000000000367;986.0802000000094;991.2528000000486;986.0802000000094;980.2848000000013;980.2848000000013;980.2848000000013;980.2848000000013;949.3884999999966;980.2848000000013;963.4716999999976;986.0802000000094;
4711.776305732615;989.0880000000607;986.0802000000094;963.4716999999976;964.3518999999976;993.4000000000367;986.0802000000094;991.2528000000486;986.0802000000094;980.2848000000013;980.2848000000013;980.2848000000013;980.2848000000013;949.3884999999966;980.2848000000013;963.4716999999976;986.0802000000094;
4712.7763105089525;989.0792000000607;986.0802000000094;963.4716999999976;964.3518999999976;993.4000000000367;986.0802000000094;991.2440000000487;986.0802000000094;980.2848000000013;980.2848000000013;980.2848000000013;980.2848000000013;949.3884999999966;980.2848000000013;963.4716999999976;986.0802000000094;
4713.7763152852895;989.0704000000608;986.0802000000094;963.4716999999976;964.3518999999976;993.4000000000367;986.0802000000094;991.2352000000487;986.0802000000094;980.2848000000013;980.2848000000013;980.2848000000013;980.2848000000013;949.3884999999966;980.2848000000013;963.4716999999976;986.0802000000094;
4714.000000000091;989.0704000000608;986.0802000000094;963.4716999999976;964.3518999999976;993.4000000000367;986.0802000000094;991.2352000000487;986.0802000000094;980.2848000000013;980.2848000000013;980.2848000000013;980.2848000000013;949.3884999999966;980.2848000000013;963.4716999999976;986.0802000000094;
4715.000000000091;989.0704000000608;986.0802000000094;963.4716999999976;964.3518999999976;993.4000000000367;986.0802000000094;991.2352000000487;986.0802000000094;980.2848000000013;980.2848000000013;980.2848000000013;980.2848000000013;949.3884999999966;980.2848000000013;963.4716999999976;986.0802000000094;
4716.000000000091;989.0704000000608;986.0802000000094;963.4716999999976;964.3518999999976;993.4000000000367;986.0802000000094;991.2352000000487;986.0802000000094;980.2848000000013;980.2848000000013;980.2848000000013;980.2848000000013;949.3884999999966;980.2848000000013;963.4716999999976;986.0802000000094;
4717.000000000091;989.0704000000608;986.0802000000094;963.4716999999976;964.3518999999976;993.4000000000367;986.0802000000094;991.2352000000487;986.0802000000094;980.2848000000013;980.2848000000013;980.2848000000013;980.2848000000013;949.3884999999966;980.2848000000013;963.4716999999976;986.0802000000094;
4718.000000000091;989.0704000000608;986.0802000000094;963.4716999999976;964.3518999999976;993.4000000000367;986.0802000000094;991.2352000000487;986.0802000000094;980.2848000000013;980.2848000000013;980.2848000000013;980.2848000000013;949.3884999999966;980.2848000000013;963.4716999999976;986.0802000000094;
4719.000000000091;989.0704000000608;986.0802000000094;963.4716999999976;964.3518999999976;993.4000000000367;986.0802000000094;991.2352000000487;986.0802000000094;980.2848000000013;980.2848000000013;980.2848000000013;980.2848000000013;949.3884999999966;980.2848000000013;963.4716999999976;986.0802000000094;
4720.000000000091;989.0704000000608;986.0802000000094;963.4716999999976;964.3518999999976;993.4000000000367;986.0802000000094;991.2352000000487;986.0802000000094;980.2848000000013;980.2848000000013;980.2848000000013;980.2848000000013;949.3884999999966;980.2848000000013;963.4716999999976;986.0802000000094;
4721.000000000091;989.0704000000608;986.0802000000094;963.4716999999976;964.3518999999976;993.4000000000367;986.0802000000094;991.2352000000487;986.0802000000094;980.2848000000013;980.2848000000013;980.2848000000013;980.2848000000013;949.3884999999966;980.2848000000013;963.4716999999976;986.0802000000094;
4722.000000000091;989.0704000000608;986.0802000000094;963.4716999999976;964.3518999999976;993.4000000000367;986.0802000000094;991.2352000000487;986.0802000000094;980.2848000000013;980.2848000000013;980.2848000000013;980.2848000000013;949.3884999999966;980.2848000000013;963.4716999999976;986.0802000000094;
4723.000000000091;989.0704000000608;986.0802000000094;963.4716999999976;964.3518999999976;993.4000000000367;986.0802000000094;991.2352000000487;986.0802000000094;980.2848000000013;980.2848000000013;980.2848000000013;980.2848000000013;949.3884999999966;980.2848000000013;963.4716999999976;986.0802000000094;
4724.000000000091;989.0704000000608;986.0802000000094;963.4716999999976;964.3518999999976;993.4000000000367;986.0802000000094;991.2352000000487;986.0802000000094;980.2848000000013;980.2848000000013;980.2848000000013;980.2848000000013;949.3884999999966;980.2848000000013;963.4716999999976;986.0802000000094;
4725.000000000091;989.0704000000608;986.0802000000094;963.4716999999976;964.3518999999976;993.4000000000367;986.0802000000094;991.2352000000487;986.0802000000094;980.2848000000013;980.2848000000013;980.2848000000013;980.2848000000013;949.3884999999966;980.2848000000013;963.4716999999976;986.0802000000094;
4725.02735151372;989.0704000000608;986.0802000000094;963.4716999999976;964.3518999999976;993.4000000000367;986.0802000000094;991.2352000000487;986.0802000000094;980.2848000000013;980.2848000000013;980.2848000000013;980.2847000000013;949.3884999999966;980.2848000000013;963.4716999999976;986.0802000000094;
4725.02735151372;989.0704000000608;986.0802000000094;963.4716999999976;964.3518999999976;993.4000000000367;986.0802000000094;991.2352000000487;986.0802000000094;980.2848000000013;980.2848000000013;980.2848000000013;979.6687000000013;949.3884999999966;980.2848000000013;963.4716999999976;986.0802000000094;
4725.032667513719;989.0704000000608;986.0802000000094;963.4716999999976;964.3518999999976;993.3912000000367;986.0802000000094;991.2352000000487;986.0802000000094;980.2848000000013;980.2848000000013;980.2848000000013;979.6687000000013;949.3884999999966;980.2848000000013;963.4716999999976;986.0802000000094;
4725.032667513719;989.0704000000608;986.0802000000094;963.4716999999976;964.3518999999976;993.3824000000368;986.0802000000094;991.2352000000487;986.0802000000094;980.2848000000013;980.2848000000013;980.2848000000013;979.6687000000013;949.3884999999966;980.2848000000013;963.4716999999976;986.0802000000094;
4725.037983513719;989.0704000000608;986.0802000000094;963.4716999999976;964.3518999999976;993.3824000000368;986.0802000000094;991.2264000000488;986.0802000000094;980.2848000000013;980.2848000000013;980.2848000000013;979.6687000000013;949.3884999999966;980.2848000000013;963.4716999999976;986.0802000000094;
4726.00000000009;989.0704000000608;986.0802000000094;963.4716999999976;964.3518999999976;993.3824000000368;986.0802000000094;991.2264000000488;986.0802000000094;980.2848000000013;980.2848000000013;980.2848000000013;979.6687000000013;949.3884999999966;980.2848000000013;963.4716999999976;986.0802000000094;
4727.00000000009;989.0704000000608;986.0802000000094;963.4716999999976;964.3518999999976;993.3824000000368;986.0802000000094;991.2264000000488;986.0802000000094;980.2848000000013;980.2848000000013;980.2848000000013;979.6687000000013;949.3884999999966;980.2848000000013;963.4716999999976;986.0802000000094;
4728.00000000009;989.0704000000608;986.0802000000094;963.4716999999976;964.3518999999976;993.3824000000368;986.0802000000094;991.2264000000488;986.0802000000094;980.2848000000013;980.2848000000013;980.2848000000013;979.6687000000013;949.3884999999966;980.2848000000013;963.4716999999976;986.0802000000094;
4729.00000000009;989.0704000000608;986.0802000000094;963.4716999999976;964.3518999999976;993.3824000000368;986.0802000000094;991.2264000000488;986.0802000000094;980.2848000000013;980.2848000000013;980.2848000000013;979.6687000000013;949.3884999999966;980.2848000000013;963.4716999999976;986.0802000000094;
4730.00000000009;989.0704000000608;986.0802000000094;963.4716999999976;964.3518999999976;993.3824000000368;986.0802000000094;991.2264000000488;986.0802000000094;980.2848000000013;980.2848000000013;980.2848000000013;979.6687000000013;949.3884999999966;980.2848000000013;963.4716999999976;986.0802000000094;
4731.00000000009;989.0704000000608;986.0802000000094;963.4716999999976;964.3518999999976;993.3824000000368;986.0802000000094;991.2264000000488;986.0802000000094;980.2848000000013;980.2848000000013;980.2848000000013;979.6687000000013;949.3884999999966;980.2848000000013;963.4716999999976;986.0802000000094;
4732.00000000009;989.0704000000608;986.0802000000094;963.4716999999976;964.3518999999976;993.3824000000368;986.0802000000094;991.2264000000488;986.0802000000094;980.2848000000013;980.2848000000013;980.2848000000013;979.6687000000013;949.3884999999966;980.2848000000013;963.4716999999976;986.0802000000094;
4733.00000000009;989.0704000000608;986.0802000000094;963.4716999999976;964.3518999999976;993.3824000000368;986.0802000000094;991.2264000000488;986.0802000000094;980.2848000000013;980.2848000000013;980.2848000000013;979.6687000000013;949.3884999999966;980.2848000000013;963.4716999999976;986.0802000000094;
4734.00000000009;989.0704000000608;986.0802000000094;963.4716999999976;964.3518999999976;993.3824000000368;986.0802000000094;991.2264000000488;986.0802000000094;980.2848000000013;980.2848000000013;980.2848000000013;979.6687000000013;949.3884999999966;980.2848000000013;963.4716999999976;986.0802000000094;
4735.00000000009;989.0704000000608;986.0802000000094;963.4716999999976;964.3518999999976;993.3824000000368;986.0802000000094;991.2264000000488;986.0802000000094;980.2848000000013;980.2848000000013;980.2848000000013;979.6687000000013;949.3884999999966;980.2848000000013;963.4716999999976;986.0802000000094;
4736.00000000009;989.0704000000608;986.0802000000094;963.4716999999976;964.3518999999976;993.3824000000368;986.0802000000094;991.2264000000488;986.0802000000094;980.2848000000013;980.2848000000013;980.2848000000013;979.6687000000013;949.3884999999966;980.2848000000013;963.4716999999976;986.0802000000094;
4737.00000000009;989.0704000000608;986.0802000000094;963.4716999999976;964.3518999999976;993.3824000000368;986.0802000000094;991.2264000000488;986.0802000000094;980.2848000000013;980.2848000000013;980.2848000000013;979.6687000000013;949.3884999999966;980.2848000000013;963.4716999999976;986.0802000000094;
4738.00000000009;989.0704000000608;986.0802000000094;963.4716999999976;964.3518999999976;993.3824000000368;986.0802000000094;991.2264000000488;986.0802000000094;980.2848000000013;980.2848000000013;980.2848000000013;979.6687000000013;949.3884999999966;980.2848000000013;963.4716999999976;986.0802000000094;
4739.00000000009;989.0704000000608;986.0802000000094;963.4716999999976;964.3518999999976;993.3824000000368;986.0802000000094;991.2264000000488;986.0802000000094;980.2848000000013;980.2848000000013;980.2848000000013;979.6687000000013;949.3884999999966;980.2848000000013;963.4716999999976;986.0802000000094;
4739.770952917673;989.0704000000608;986.0802000000094;963.4716999999976;964.3518999999976;993.3824000000368;986.0801000000095;991.2264000000488;986.0802000000094;980.2848000000013;980.2848000000013;980.2848000000013;979.6687000000013;949.3884999999966;980.2848000000013;963.4716999999976;986.0802000000094;
4739.770952917673;989.0704000000608;986.0802000000094;963.4716999999976;964.3518999999976;993.3824000000368;985.9921000000095;991.2264000000488;986.0802000000094;980.2848000000013;980.2848000000013;980.2848000000013;979.6687000000013;949.3884999999966;980.2848000000013;963.4716999999976;986.0802000000094;
4739.7762689176725;989.0616000000608;986.0802000000094;963.4716999999976;964.3518999999976;993.3824000000368;985.9921000000095;991.2264000000488;986.0802000000094;980.2848000000013;980.2848000000013;980.2848000000013;979.6687000000013;949.3884999999966;980.2848000000013;963.4716999999976;986.0802000000094;
4739.7762689176725;989.0528000000609;986.0802000000094;963.4716999999976;964.3518999999976;993.3824000000368;985.9921000000095;991.2264000000488;986.0802000000094;980.2848000000013;980.2848000000013;980.2848000000013;979.6687000000013;949.3884999999966;980.2848000000013;963.4716999999976;986.0802000000094;
4739.781584917672;989.0528000000609;986.0802000000094;963.4716999999976;964.3518999999976;993.3824000000368;985.9921000000095;991.2176000000488;986.0802000000094;980.2848000000013;980.2848000000013;980.2848000000013;979.6687000000013;949.3884999999966;980.2848000000013;963.4716999999976;986.0802000000094;
4739.88120564788;989.0528000000609;986.0802000000094;963.4716999999976;964.3518999999976;993.3824000000368;985.9921000000095;991.2176000000488;986.0802000000094;980.2848000000013;980.2848000000013;980.2848000000013;979.6687000000013;949.3883999999966;980.2848000000013;963.4716999999976;986.0802000000094;
4739.88120564788;989.0528000000609;986.0802000000094;963.4716999999976;964.3518999999976;993.3824000000368;985.9921000000095;991.2176000000488;986.0802000000094;980.2848000000013;980.2848000000013;980.2848000000013;979.6687000000013;948.9483999999966;980.2848000000013;963.4716999999976;986.0802000000094;
4740.7762736940085;989.035200000061;985.9921000000095;963.4716999999976;964.3518999999976;993.3560000000369;985.9921000000095;991.2088000000489;985.9921000000095;980.2848000000013;980.2848000000013;980.2848000000013;979.6687000000013;948.9483999999966;980.2848000000013;963.0315999999975;985.9921000000095;
4741.7762784703455;989.026400000061;985.9921000000095;963.4716999999976;964.3518999999976;993.347200000037;985.9921000000095;991.191200000049;985.9921000000095;980.2848000000013;980.2848000000013;980.2848000000013;979.6687000000013;948.9483999999966;980.2848000000013;963.0315999999975;985.9921000000095;
4741.886501353834;989.0176000000611;985.9921000000095;963.4716999999976;964.3518999999976;993.347200000037;985.9921000000095;991.182400000049;985.9921000000095;980.2848000000013;980.2848000000013;980.2848000000013;979.6687000000013;948.9483999999966;980.2848000000013;963.0315999999975;985.9921000000095;
4742.776283246683;989.0176000000611;985.9921000000095;963.4716999999976;964.3518999999976;993.347200000037;985.9921000000095;991.182400000049;985.9921000000095;980.2848000000013;980.2848000000013;980.2848000000013;979.6687000000013;948.9483999999966;980.2848000000013;963.0315999999975;985.9921000000095;
4744.000000000088;989.0176000000611;985.9921000000095;963.4716999999976;964.3518999999976;993.347200000037;985.9921000000095;991.182400000049;985.9921000000095;980.2848000000013;980.2848000000013;980.2848000000013;979.6687000000013;948.9483999999966;980.2848000000013;963.0315999999975;985.9921000000095;
4745.000000000088;989.0176000000611;985.9921000000095;963.4716999999976;964.3518999999976;993.347200000037;985.9921000000095;991.182400000049;985.9921000000095;980.2848000000013;980.2848000000013;980.2848000000013;979.6687000000013;948.9483999999966;980.2848000000013;963.0315999999975;985.9921000000095;
4746.000000000088;989.0176000000611;985.9921000000095;963.4716999999976;964.3518999999976;993.347200000037;985.9921000000095;991.182400000049;985.9921000000095;980.2848000000013;980.2848000000013;980.2848000000013;979.6687000000013;948.9483999999966;980.2848000000013;963.0315999999975;985.9921000000095;
4747.000000000088;989.0176000000611;985.9921000000095;963.4716999999976;964.3518999999976;993.347200000037;985.9921000000095;991.182400000049;985.9921000000095;980.2848000000013;980.2848000000013;980.2848000000013;979.6687000000013;948.9483999999966;980.2848000000013;963.0315999999975;985.9921000000095;
4748.000000000088;989.0176000000611;985.9921000000095;963.4716999999976;964.3518999999976;993.347200000037;985.9921000000095;991.182400000049;985.9921000000095;980.2848000000013;980.2848000000013;980.2848000000013;979.6687000000013;948.9483999999966;980.2848000000013;963.0315999999975;985.9921000000095;
4749.000000000088;989.0176000000611;985.9921000000095;963.4716999999976;964.3518999999976;993.347200000037;985.9921000000095;991.182400000049;985.9921000000095;980.2848000000013;980.2848000000013;980.2848000000013;979.6687000000013;948.9483999999966;980.2848000000013;963.0315999999975;985.9921000000095;
4750.000000000088;989.0176000000611;985.9921000000095;963.4716999999976;964.3518999999976;993.347200000037;985.9921000000095;991.182400000049;985.9921000000095;980.2848000000013;980.2848000000013;980.2848000000013;979.6687000000013;948.9483999999966;980.2848000000013;963.0315999999975;985.9921000000095;
4751.000000000088;989.0176000000611;985.9921000000095;963.4716999999976;964.3518999999976;993.347200000037;985.9921000000095;991.182400000049;985.9921000000095;980.2848000000013;980.2848000000013;980.2848000000013;979.6687000000013;948.9483999999966;980.2848000000013;963.0315999999975;985.9921000000095;
4752.000000000088;989.0176000000611;985.9921000000095;963.4716999999976;964.3518999999976;993.347200000037;985.9921000000095;991.182400000049;985.9921000000095;980.2848000000013;980.2848000000013;980.2848000000013;979.6687000000013;948.9483999999966;980.2848000000013;963.0315999999975;985.9921000000095;
4753.000000000088;989.0176000000611;985.9921000000095;963.4716999999976;964.3518999999976;993.347200000037;985.9921000000095;991.182400000049;985.9921000000095;980.2848000000013;980.2848000000013;980.2848000000013;979.6687000000013;948.9483999999966;980.2848000000013;963.0315999999975;985.9921000000095;
4754.000000000088;989.0176000000611;985.9921000000095;963.4716999999976;964.3518999999976;993.347200000037;985.9921000000095;991.182400000049;985.9921000000095;980.2848000000013;980.2848000000013;980.2848000000013;979.6687000000013;948.9483999999966;980.2848000000013;963.0315999999975;985.9921000000095;
4755.000000000088;989.0176000000611;985.9921000000095;963.4716999999976;964.3518999999976;993.347200000037;985.9921000000095;991.182400000049;985.9921000000095;980.2848000000013;980.2848000000013;980.2848000000013;979.6687000000013;948.9483999999966;980.2848000000013;963.0315999999975;985.9921000000095;
4756.000000000088;989.0176000000611;985.9921000000095;963.4716999999976;964.3518999999976;993.347200000037;985.9921000000095;991.182400000049;985.9921000000095;980.2848000000013;980.2848000000013;980.2848000000013;979.6687000000013;948.9483999999966;980.2848000000013;963.0315999999975;985.9921000000095;
4757.000000000088;989.0176000000611;985.9921000000095;963.4716999999976;964.3518999999976;993.347200000037;985.9921000000095;991.182400000049;985.9921000000095;980.2848000000013;980.2848000000013;980.2848000000013;979.6687000000013;948.9483999999966;980.2848000000013;963.0315999999975;985.9921000000095;
4758.000000000088;989.0176000000611;985.9921000000095;963.4716999999976;964.3518999999976;993.347200000037;985.9921000000095;991.182400000049;985.9921000000095;980.2848000000013;980.2848000000013;980.2848000000013;979.6687000000013;948.9483999999966;980.2848000000013;963.0315999999975;985.9921000000095;
4759.000000000088;989.0176000000611;985.9921000000095;963.4716999999976;964.3518999999976;993.347200000037;985.9921000000095;991.182400000049;985.9921000000095;980.2848000000013;980.2848000000013;980.2848000000013;979.6687000000013;948.9483999999966;980.2848000000013;963.0315999999975;985.9921000000095;
4760.000000000088;989.0176000000611;985.9921000000095;963.4716999999976;964.3518999999976;993.347200000037;985.9921000000095;991.182400000049;985.9921000000095;980.2848000000013;980.2848000000013;980.2848000000013;979.6687000000013;948.9483999999966;980.2848000000013;963.0315999999975;985.9921000000095;
4761.000000000088;989.0176000000611;985.9921000000095;963.4716999999976;964.3518999999976;993.347200000037;985.9921000000095;991.182400000049;985.9921000000095;980.2848000000013;980.2848000000013;980.2848000000013;979.6687000000013;948.9483999999966;980.2848000000013;963.0315999999975;985.9921000000095;
4762.000000000088;989.0176000000611;985.9921000000095;963.4716999999976;964.3518999999976;993.347200000037;985.9921000000095;991.182400000049;985.9921000000095;980.2848000000013;980.2848000000013;980.2848000000013;979.6687000000013;948.9483999999966;980.2848000000013;963.0315999999975;985.9921000000095;
4763.000000000088;989.0176000000611;985.9921000000095;963.4716999999976;964.3518999999976;993.347200000037;985.9921000000095;991.182400000049;985.9921000000095;980.2848000000013;980.2848000000013;980.2848000000013;979.6687000000013;948.9483999999966;980.2848000000013;963.0315999999975;985.9921000000095;
4764.000000000088;989.0176000000611;985.9921000000095;963.4716999999976;964.3518999999976;993.347200000037;985.9921000000095;991.182400000049;985.9921000000095;980.2848000000013;980.2848000000013;980.2848000000013;979.6687000000013;948.9483999999966;980.2848000000013;963.0315999999975;985.9921000000095;
4765.000000000088;989.0176000000611;985.9921000000095;963.4716999999976;964.3518999999976;993.347200000037;985.9921000000095;991.182400000049;985.9921000000095;980.2848000000013;980.2848000000013;980.2848000000013;979.6687000000013;948.9483999999966;980.2848000000013;963.0315999999975;985.9921000000095;
4766.000000000088;989.0176000000611;985.9921000000095;963.4716999999976;964.3518999999976;993.347200000037;985.9921000000095;991.182400000049;985.9921000000095;980.2848000000013;980.2848000000013;980.2848000000013;979.6687000000013;948.9483999999966;980.2848000000013;963.0315999999975;985.9921000000095;
4767.000000000088;989.0176000000611;985.9921000000095;963.4716999999976;964.3518999999976;993.347200000037;985.9921000000095;991.182400000049;985.9921000000095;980.2848000000013;980.2848000000013;980.2848000000013;979.6687000000013;948.9483999999966;980.2848000000013;963.0315999999975;985.9921000000095;
4768.000000000088;989.0176000000611;985.9921000000095;963.4716999999976;964.3518999999976;993.347200000037;985.9921000000095;991.182400000049;985.9921000000095;980.2848000000013;980.2848000000013;980.2848000000013;979.6687000000013;948.9483999999966;980.2848000000013;963.0315999999975;985.9921000000095;
4769.000000000088;989.0176000000611;985.9921000000095;963.4716999999976;964.3518999999976;993.347200000037;985.9921000000095;991.182400000049;985.9921000000095;980.2848000000013;980.2848000000013;980.2848000000013;979.6687000000013;948.9483999999966;980.2848000000013;963.0315999999975;985.9921000000095;
4769.770925655404;989.0176000000611;985.9921000000095;963.4716999999976;964.3518999999976;993.347200000037;985.9920000000095;991.182400000049;985.9921000000095;980.2848000000013;980.2848000000013;980.2848000000013;979.6687000000013;948.9483999999966;980.2848000000013;963.0315999999975;985.9921000000095;
4769.770925655404;989.0176000000611;985.9921000000095;963.4716999999976;964.3518999999976;993.347200000037;985.9040000000095;991.182400000049;985.9921000000095;980.2848000000013;980.2848000000013;980.2848000000013;979.6687000000013;948.9483999999966;980.2848000000013;963.0315999999975;985.9921000000095;
4769.776241655404;989.0088000000611;985.9921000000095;963.4716999999976;964.3518999999976;993.347200000037;985.9040000000095;991.182400000049;985.9921000000095;980.2848000000013;980.2848000000013;980.2848000000013;979.6687000000013;948.9483999999966;980.2848000000013;963.0315999999975;985.9921000000095;
4769.776241655404;989.0000000000612;985.9921000000095;963.4716999999976;964.3518999999976;993.347200000037;985.9040000000095;991.182400000049;985.9921000000095;980.2848000000013;980.2848000000013;980.2848000000013;979.6687000000013;948.9483999999966;980.2848000000013;963.0315999999975;985.9921000000095;
4769.781557655404;989.0000000000612;985.9921000000095;963.4716999999976;964.3518999999976;993.347200000037;985.9040000000095;991.1736000000491;985.9921000000095;980.2848000000013;980.2848000000013;980.2848000000013;979.6687000000013;948.9483999999966;980.2848000000013;963.0315999999975;985.9921000000095;
4769.804044271882;989.0000000000612;985.9921000000095;963.4715999999976;964.3518999999976;993.347200000037;985.9040000000095;991.1736000000491;985.9921000000095;980.2848000000013;980.2848000000013;980.2848000000013;979.6687000000013;948.9483999999966;980.2848000000013;963.0315999999975;985.9921000000095;
4769.804044271882;989.0000000000612;985.9921000000095;963.0315999999975;964.3518999999976;993.347200000037;985.9040000000095;991.1736000000491;985.9921000000095;980.2848000000013;980.2848000000013;980.2848000000013;979.6687000000013;948.9483999999966;980.2848000000013;963.0315999999975;985.9921000000095;
4769.809360271882;988.9912000000612;985.9921000000095;963.0315999999975;964.3518999999976;993.347200000037;985.9040000000095;991.1736000000491;985.9921000000095;980.2848000000013;980.2848000000013;980.2848000000013;979.6687000000013;948.9483999999966;980.2848000000013;963.0315999999975;985.9921000000095;
4769.879478037748;988.9912000000612;985.9921000000095;963.0315999999975;964.3518999999976;993.347200000037;985.9040000000095;991.1736000000491;985.9921000000095;980.2848000000013;980.2848000000013;980.2848000000013;979.6687000000013;948.9482999999966;980.2848000000013;963.0315999999975;985.9921000000095;
4769.879478037748;988.9912000000612;985.9921000000095;963.0315999999975;964.3518999999976;993.347200000037;985.9040000000095;991.1736000000491;985.9921000000095;980.2848000000013;980.2848000000013;980.2848000000013;979.6687000000013;948.5082999999966;980.2848000000013;963.0315999999975;985.9921000000095;
4769.884794037748;988.9912000000612;985.9921000000095;963.0315999999975;964.3518999999976;993.338400000037;985.9040000000095;991.1736000000491;985.9921000000095;980.2848000000013;980.2848000000013;980.2848000000013;979.6687000000013;948.5082999999966;980.2848000000013;963.0315999999975;985.9921000000095;
4769.884794037748;988.9912000000612;985.9921000000095;963.0315999999975;964.3518999999976;993.3296000000371;985.9040000000095;991.1736000000491;985.9921000000095;980.2848000000013;980.2848000000013;980.2848000000013;979.6687000000013;948.5082999999966;980.2848000000013;963.0315999999975;985.9921000000095;
4769.890110037748;988.9912000000612;985.9921000000095;963.0315999999975;964.3518999999976;993.3296000000371;985.9040000000095;991.1648000000491;985.9921000000095;980.2848000000013;980.2848000000013;980.2848000000013;979.6687000000013;948.5082999999966;980.2848000000013;963.0315999999975;985.9921000000095;
4770.776246431739;988.9736000000613;985.9040000000095;963.0315999999975;963.9117999999976;993.3208000000371;985.9040000000095;991.1648000000491;985.9040000000095;980.2848000000013;980.2848000000013;980.2848000000013;979.6687000000013;948.5082999999966;980.2848000000013;963.0315999999975;985.9040000000095;
4771.776251208075;988.9648000000614;985.9040000000095;963.0315999999975;963.9117999999976;993.3120000000372;985.9040000000095;991.1472000000492;985.9040000000095;980.2848000000013;980.2848000000013;980.2848000000013;979.6687000000013;948.5082999999966;980.2848000000013;963.0315999999975;985.9040000000095;
4772.000000000084;988.9560000000614;985.9040000000095;963.0315999999975;963.9117999999976;993.3120000000372;985.9040000000095;991.1384000000493;985.9040000000095;980.2848000000013;980.2848000000013;980.2848000000013;979.6687000000013;948.5082999999966;980.2848000000013;963.0315999999975;985.9040000000095;
4772.776255984412;988.9560000000614;985.9040000000095;963.0315999999975;963.9117999999976;993.3120000000372;985.9040000000095;991.1384000000493;985.9040000000095;980.2848000000013;980.2848000000013;980.2848000000013;979.6687000000013;948.5082999999966;980.2848000000013;963.0315999999975;985.9040000000095;
4773.776260760749;988.9472000000615;985.9040000000095;963.0315999999975;963.9117999999976;993.3120000000372;985.9040000000095;991.1296000000493;985.9040000000095;980.2848000000013;980.2848000000013;980.2848000000013;979.6687000000013;948.5082999999966;980.2848000000013;963.0315999999975;985.9040000000095;
4774.000000000084;988.9472000000615;985.9040000000095;963.0315999999975;963.9117999999976;993.3120000000372;985.9040000000095;991.1296000000493;985.9040000000095;980.2848000000013;980.2848000000013;980.2848000000013;979.6687000000013;948.5082999999966;980.2848000000013;963.0315999999975;985.9040000000095;
4775.000000000084;988.9472000000615;985.9040000000095;963.0315999999975;963.9117999999976;993.3120000000372;985.9040000000095;991.1296000000493;985.9040000000095;980.2848000000013;980.2848000000013;980.2848000000013;979.6687000000013;948.5082999999966;980.2848000000013;963.0315999999975;985.9040000000095;
4776.000000000084;988.9472000000615;985.9040000000095;963.0315999999975;963.9117999999976;993.3120000000372;985.9040000000095;991.1296000000493;985.9040000000095;980.2848000000013;980.2848000000013;980.2848000000013;979.6687000000013;948.5082999999966;980.2848000000013;963.0315999999975;985.9040000000095;
4777.000000000084;988.9472000000615;985.9040000000095;963.0315999999975;963.9117999999976;993.3120000000372;985.9040000000095;991.1296000000493;985.9040000000095;980.2848000000013;980.2848000000013;980.2848000000013;979.6687000000013;948.5082999999966;980.2848000000013;963.0315999999975;985.9040000000095;
4778.000000000084;988.9472000000615;985.9040000000095;963.0315999999975;963.9117999999976;993.3120000000372;985.9040000000095;991.1296000000493;985.9040000000095;980.2848000000013;980.2848000000013;980.2848000000013;979.6687000000013;948.5082999999966;980.2848000000013;963.0315999999975;985.9040000000095;
4779.000000000084;988.9472000000615;985.9040000000095;963.0315999999975;963.9117999999976;993.3120000000372;985.9040000000095;991.1296000000493;985.9040000000095;980.2848000000013;980.2848000000013;980.2848000000013;979.6687000000013;948.5082999999966;980.2848000000013;963.0315999999975;985.9040000000095;
4780.000000000084;988.9472000000615;985.9040000000095;963.0315999999975;963.9117999999976;993.3120000000372;985.9040000000095;991.1296000000493;985.9040000000095;980.2848000000013;980.2848000000013;980.2848000000013;979.6687000000013;948.5082999999966;980.2848000000013;963.0315999999975;985.9040000000095;
4781.000000000084;988.9472000000615;985.9040000000095;963.0315999999975;963.9117999999976;993.3120000000372;985.9040000000095;991.1296000000493;985.9040000000095;980.2848000000013;980.2848000000013;980.2848000000013;979.6687000000013;948.5082999999966;980.2848000000013;963.0315999999975;985.9040000000095;
4782.000000000084;988.9472000000615;985.9040000000095;963.0315999999975;963.9117999999976;993.3120000000372;985.9040000000095;991.1296000000493;985.9040000000095;980.2848000000013;980.2848000000013;980.2848000000013;979.6687000000013;948.5082999999966;980.2848000000013;963.0315999999975;985.9040000000095;
4783.000000000084;988.9472000000615;985.9040000000095;963.0315999999975;963.9117999999976;993.3120000000372;985.9040000000095;991.1296000000493;985.9040000000095;980.2848000000013;980.2848000000013;980.2848000000013;979.6687000000013;948.5082999999966;980.2848000000013;963.0315999999975;985.9040000000095;
4784.000000000084;988.9472000000615;985.9040000000095;963.0315999999975;963.9117999999976;993.3120000000372;985.9040000000095;991.1296000000493;985.9040000000095;980.2848000000013;980.2848000000013;980.2848000000013;979.6687000000013;948.5082999999966;980.2848000000013;963.0315999999975;985.9040000000095;
4785.000000000084;988.9472000000615;985.9040000000095;963.0315999999975;963.9117999999976;993.3120000000372;985.9040000000095;991.1296000000493;985.9040000000095;980.2848000000013;980.2848000000013;980.2848000000013;979.6687000000013;948.5082999999966;980.2848000000013;963.0315999999975;985.9040000000095;
4786.000000000084;988.9472000000615;985.9040000000095;963.0315999999975;963.9117999999976;993.3120000000372;985.9040000000095;991.1296000000493;985.9040000000095;980.2848000000013;980.2848000000013;980.2848000000013;979.6687000000013;948.5082999999966;980.2848000000013;963.0315999999975;985.9040000000095;
4787.000000000084;988.9472000000615;985.9040000000095;963.0315999999975;963.9117999999976;993.3120000000372;985.9040000000095;991.1296000000493;985.9040000000095;980.2848000000013;980.2848000000013;980.2848000000013;979.6687000000013;948.5082999999966;980.2848000000013;963.0315999999975;985.9040000000095;
4788.000000000084;988.9472000000615;985.9040000000095;963.0315999999975;963.9117999999976;993.3120000000372;985.9040000000095;991.1296000000493;985.9040000000095;980.2848000000013;980.2848000000013;980.2848000000013;979.6687000000013;948.5082999999966;980.2848000000013;963.0315999999975;985.9040000000095;
4789.000000000084;988.9472000000615;985.9040000000095;963.0315999999975;963.9117999999976;993.3120000000372;985.9040000000095;991.1296000000493;985.9040000000095;980.2848000000013;980.2848000000013;980.2848000000013;979.6687000000013;948.5082999999966;980.2848000000013;963.0315999999975;985.9040000000095;
4790.000000000084;988.9472000000615;985.9040000000095;963.0315999999975;963.9117999999976;993.3120000000372;985.9040000000095;991.1296000000493;985.9040000000095;980.2848000000013;980.2848000000013;980.2848000000013;979.6687000000013;948.5082999999966;980.2848000000013;963.0315999999975;985.9040000000095;
4791.000000000084;988.9472000000615;985.9040000000095;963.0315999999975;963.9117999999976;993.3120000000372;985.9040000000095;991.1296000000493;985.9040000000095;980.2848000000013;980.2848000000013;980.2848000000013;979.6687000000013;948.5082999999966;980.2848000000013;963.0315999999975;985.9040000000095;
4792.000000000084;988.9472000000615;985.9040000000095;963.0315999999975;963.9117999999976;993.3120000000372;985.9040000000095;991.1296000000493;985.9040000000095;980.2848000000013;980.2848000000013;980.2848000000013;979.6687000000013;948.5082999999966;980.2848000000013;963.0315999999975;985.9040000000095;
4793.000000000084;988.9472000000615;985.9040000000095;963.0315999999975;963.9117999999976;993.3120000000372;985.9040000000095;991.1296000000493;985.9040000000095;980.2848000000013;980.2848000000013;980.2848000000013;979.6687000000013;948.5082999999966;980.2848000000013;963.0315999999975;985.9040000000095;
4794.000000000084;988.9472000000615;985.9040000000095;963.0315999999975;963.9117999999976;993.3120000000372;985.9040000000095;991.1296000000493;985.9040000000095;980.2848000000013;980.2848000000013;980.2848000000013;979.6687000000013;948.5082999999966;980.2848000000013;963.0315999999975;985.9040000000095;
4795.000000000084;988.9472000000615;985.9040000000095;963.0315999999975;963.9117999999976;993.3120000000372;985.9040000000095;991.1296000000493;985.9040000000095;980.2848000000013;980.2848000000013;980.2848000000013;979.6687000000013;948.5082999999966;980.2848000000013;963.0315999999975;985.9040000000095;
4796.000000000084;988.9472000000615;985.9040000000095;963.0315999999975;963.9117999999976;993.3120000000372;985.9040000000095;991.1296000000493;985.9040000000095;980.2848000000013;980.2848000000013;980.2848000000013;979.6687000000013;948.5082999999966;980.2848000000013;963.0315999999975;985.9040000000095;
4797.000000000084;988.9472000000615;985.9040000000095;963.0315999999975;963.9117999999976;993.3120000000372;985.9040000000095;991.1296000000493;985.9040000000095;980.2848000000013;980.2848000000013;980.2848000000013;979.6687000000013;948.5082999999966;980.2848000000013;963.0315999999975;985.9040000000095;
4798.000000000084;988.9472000000615;985.9040000000095;963.0315999999975;963.9117999999976;993.3120000000372;985.9040000000095;991.1296000000493;985.9040000000095;980.2848000000013;980.2848000000013;980.2848000000013;979.6687000000013;948.5082999999966;980.2848000000013;963.0315999999975;985.9040000000095;
4799.000000000084;988.9472000000615;985.9040000000095;963.0315999999975;963.9117999999976;993.3120000000372;985.9040000000095;991.1296000000493;985.9040000000095;980.2848000000013;980.2848000000013;980.2848000000013;979.6687000000013;948.5082999999966;980.2848000000013;963.0315999999975;985.9040000000095;
4799.770898393133;988.9472000000615;985.9040000000095;963.0315999999975;963.9117999999976;993.3120000000372;985.9039000000096;991.1296000000493;985.9040000000095;980.2848000000013;980.2848000000013;980.2848000000013;979.6687000000013;948.5082999999966;980.2848000000013;963.0315999999975;985.9040000000095;
4799.770898393133;988.9472000000615;985.9040000000095;963.0315999999975;963.9117999999976;993.3120000000372;985.8159000000096;991.1296000000493;985.9040000000095;980.2848000000013;980.2848000000013;980.2848000000013;979.6687000000013;948.5082999999966;980.2848000000013;963.0315999999975;985.9040000000095;
4799.776214393133;988.9384000000615;985.9040000000095;963.0315999999975;963.9117999999976;993.3120000000372;985.8159000000096;991.1296000000493;985.9040000000095;980.2848000000013;980.2848000000013;980.2848000000013;979.6687000000013;948.5082999999966;980.2848000000013;963.0315999999975;985.9040000000095;
4799.776214393133;988.9296000000616;985.9040000000095;963.0315999999975;963.9117999999976;993.3120000000372;985.8159000000096;991.1296000000493;985.9040000000095;980.2848000000013;980.2848000000013;980.2848000000013;979.6687000000013;948.5082999999966;980.2848000000013;963.0315999999975;985.9040000000095;
4799.781530393133;988.9296000000616;985.9040000000095;963.0315999999975;963.9117999999976;993.3120000000372;985.8159000000096;991.1208000000494;985.9040000000095;980.2848000000013;980.2848000000013;980.2848000000013;979.6687000000013;948.5082999999966;980.2848000000013;963.0315999999975;985.9040000000095;
4799.870394761543;988.9296000000616;985.9040000000095;963.0315999999975;963.9117999999976;993.3120000000372;985.8159000000096;991.1208000000494;985.9040000000095;980.2847000000013;980.2848000000013;980.2848000000013;979.6687000000013;948.5082999999966;980.2848000000013;963.0315999999975;985.9040000000095;
4799.870394761543;988.9296000000616;985.9040000000095;963.0315999999975;963.9117999999976;993.3120000000372;985.8159000000096;991.1208000000494;985.9040000000095;979.6687000000013;980.2848000000013;980.2848000000013;979.6687000000013;948.5082999999966;980.2848000000013;963.0315999999975;985.9040000000095;
4799.875710761543;988.9208000000616;985.9040000000095;963.0315999999975;963.9117999999976;993.3120000000372;985.8159000000096;991.1208000000494;985.9040000000095;979.6687000000013;980.2848000000013;980.2848000000013;979.6687000000013;948.5082999999966;980.2848000000013;963.0315999999975;985.9040000000095;
4799.877750427615;988.9208000000616;985.9040000000095;963.0315999999975;963.9117999999976;993.3120000000372;985.8159000000096;991.1208000000494;985.9040000000095;979.6687000000013;980.2848000000013;980.2848000000013;979.6687000000013;948.5081999999966;980.2848000000013;963.0315999999975;985.9040000000095;
4799.877750427615;988.9208000000616;985.9040000000095;963.0315999999975;963.9117999999976;993.3120000000372;985.8159000000096;991.1208000000494;985.9040000000095;979.6687000000013;980.2848000000013;980.2848000000013;979.6687000000013;948.0681999999965;980.2848000000013;963.0315999999975;985.9040000000095;
4799.883066427615;988.9208000000616;985.9040000000095;963.0315999999975;963.9117999999976;993.3032000000372;985.8159000000096;991.1208000000494;985.9040000000095;979.6687000000013;980.2848000000013;980.2848000000013;979.6687000000013;948.0681999999965;980.2848000000013;963.0315999999975;985.9040000000095;
4799.940000592116;988.9208000000616;985.9040000000095;963.0315999999975;963.9117999999976;993.2944000000373;985.8159000000096;991.1120000000494;985.9039000000096;979.6687000000013;980.2848000000013;980.2848000000013;979.6687000000013;948.0681999999965;980.2848000000013;963.0315999999975;985.9040000000095;
4800.776219169469;988.8944000000618;985.8159000000096;963.0315999999975;963.9117999999976;993.2680000000374;985.8159000000096;991.1120000000494;985.8159000000096;979.6687000000013;979.6687000000013;979.6687000000013;979.6687000000013;948.0681999999965;979.6687000000013;962.5914999999975;985.8159000000096;
4801.776223945805;988.8856000000618;985.8159000000096;963.0315999999975;963.9117999999976;993.2592000000375;985.8159000000096;991.0944000000495;985.8159000000096;979.6687000000013;979.6687000000013;979.6687000000013;979.6687000000013;948.0681999999965;979.6687000000013;962.5914999999975;985.8159000000096;
4802.00000000008;988.8768000000618;985.8159000000096;963.0315999999975;963.9117999999976;993.2504000000375;985.8159000000096;991.0768000000496;985.8159000000096;979.6687000000013;979.6687000000013;979.6687000000013;979.6687000000013;948.0681999999965;979.6687000000013;962.5914999999975;985.8159000000096;
4802.776228722142;988.8768000000618;985.8159000000096;963.0315999999975;963.9117999999976;993.2504000000375;985.8159000000096;991.0768000000496;985.8159000000096;979.6687000000013;979.6687000000013;979.6687000000013;979.6687000000013;948.0681999999965;979.6687000000013;962.5914999999975;985.8159000000096;
4803.776233498479;988.8680000000619;985.8159000000096;963.0315999999975;963.9117999999976;993.2416000000376;985.8159000000096;991.0592000000497;985.8159000000096;979.6687000000013;979.6687000000013;979.6687000000013;979.6687000000013;948.0681999999965;979.6687000000013;962.5914999999975;985.8159000000096;
4804.776238274817;988.859200000062;985.8159000000096;963.0315999999975;963.9117999999976;993.2416000000376;985.8159000000096;991.0504000000498;985.8159000000096;979.6687000000013;979.6687000000013;979.6687000000013;979.6687000000013;948.0681999999965;979.6687000000013;962.5914999999975;985.8159000000096;
4805.00000000008;988.859200000062;985.8159000000096;963.0315999999975;963.9117999999976;993.2416000000376;985.8159000000096;991.0504000000498;985.8159000000096;979.6687000000013;979.6687000000013;979.6687000000013;979.6687000000013;948.0681999999965;979.6687000000013;962.5914999999975;985.8159000000096;
4806.00000000008;988.859200000062;985.8159000000096;963.0315999999975;963.9117999999976;993.2416000000376;985.8159000000096;991.0504000000498;985.8159000000096;979.6687000000013;979.6687000000013;979.6687000000013;979.6687000000013;948.0681999999965;979.6687000000013;962.5914999999975;985.8159000000096;
4807.00000000008;988.859200000062;985.8159000000096;963.0315999999975;963.9117999999976;993.2416000000376;985.8159000000096;991.0504000000498;985.8159000000096;979.6687000000013;979.6687000000013;979.6687000000013;979.6687000000013;948.0681999999965;979.6687000000013;962.5914999999975;985.8159000000096;
4808.00000000008;988.859200000062;985.8159000000096;963.0315999999975;963.9117999999976;993.2416000000376;985.8159000000096;991.0504000000498;985.8159000000096;979.6687000000013;979.6687000000013;979.6687000000013;979.6687000000013;948.0681999999965;979.6687000000013;962.5914999999975;985.8159000000096;
4809.00000000008;988.859200000062;985.8159000000096;963.0315999999975;963.9117999999976;993.2416000000376;985.8159000000096;991.0504000000498;985.8159000000096;979.6687000000013;979.6687000000013;979.6687000000013;979.6687000000013;948.0681999999965;979.6687000000013;962.5914999999975;985.8159000000096;
4810.00000000008;988.859200000062;985.8159000000096;963.0315999999975;963.9117999999976;993.2416000000376;985.8159000000096;991.0504000000498;985.8159000000096;979.6687000000013;979.6687000000013;979.6687000000013;979.6687000000013;948.0681999999965;979.6687000000013;962.5914999999975;985.8159000000096;
4811.00000000008;988.859200000062;985.8159000000096;963.0315999999975;963.9117999999976;993.2416000000376;985.8159000000096;991.0504000000498;985.8159000000096;979.6687000000013;979.6687000000013;979.6687000000013;979.6687000000013;948.0681999999965;979.6687000000013;962.5914999999975;985.8159000000096;
4812.00000000008;988.859200000062;985.8159000000096;963.0315999999975;963.9117999999976;993.2416000000376;985.8159000000096;991.0504000000498;985.8159000000096;979.6687000000013;979.6687000000013;979.6687000000013;979.6687000000013;948.0681999999965;979.6687000000013;962.5914999999975;985.8159000000096;
4813.00000000008;988.859200000062;985.8159000000096;963.0315999999975;963.9117999999976;993.2416000000376;985.8159000000096;991.0504000000498;985.8159000000096;979.6687000000013;979.6687000000013;979.6687000000013;979.6687000000013;948.0681999999965;979.6687000000013;962.5914999999975;985.8159000000096;
4814.00000000008;988.859200000062;985.8159000000096;963.0315999999975;963.9117999999976;993.2416000000376;985.8159000000096;991.0504000000498;985.8159000000096;979.6687000000013;979.6687000000013;979.6687000000013;979.6687000000013;948.0681999999965;979.6687000000013;962.5914999999975;985.8159000000096;
4815.00000000008;988.859200000062;985.8159000000096;963.0315999999975;963.9117999999976;993.2416000000376;985.8159000000096;991.0504000000498;985.8159000000096;979.6687000000013;979.6687000000013;979.6687000000013;979.6687000000013;948.0681999999965;979.6687000000013;962.5914999999975;985.8159000000096;
4816.00000000008;988.859200000062;985.8159000000096;963.0315999999975;963.9117999999976;993.2416000000376;985.8159000000096;991.0504000000498;985.8159000000096;979.6687000000013;979.6687000000013;979.6687000000013;979.6687000000013;948.0681999999965;979.6687000000013;962.5914999999975;985.8159000000096;
4817.00000000008;988.859200000062;985.8159000000096;963.0315999999975;963.9117999999976;993.2416000000376;985.8159000000096;991.0504000000498;985.8159000000096;979.6687000000013;979.6687000000013;979.6687000000013;979.6687000000013;948.0681999999965;979.6687000000013;962.5914999999975;985.8159000000096;
4818.00000000008;988.859200000062;985.8159000000096;963.0315999999975;963.9117999999976;993.2416000000376;985.8159000000096;991.0504000000498;985.8159000000096;979.6687000000013;979.6687000000013;979.6687000000013;979.6687000000013;948.0681999999965;979.6687000000013;962.5914999999975;985.8159000000096;
4819.00000000008;988.859200000062;985.8159000000096;963.0315999999975;963.9117999999976;993.2416000000376;985.8159000000096;991.0504000000498;985.8159000000096;979.6687000000013;979.6687000000013;979.6687000000013;979.6687000000013;948.0681999999965;979.6687000000013;962.5914999999975;985.8159000000096;
4820.00000000008;988.859200000062;985.8159000000096;963.0315999999975;963.9117999999976;993.2416000000376;985.8159000000096;991.0504000000498;985.8159000000096;979.6687000000013;979.6687000000013;979.6687000000013;979.6687000000013;948.0681999999965;979.6687000000013;962.5914999999975;985.8159000000096;
4821.00000000008;988.859200000062;985.8159000000096;963.0315999999975;963.9117999999976;993.2416000000376;985.8159000000096;991.0504000000498;985.8159000000096;979.6687000000013;979.6687000000013;979.6687000000013;979.6687000000013;948.0681999999965;979.6687000000013;962.5914999999975;985.8159000000096;
4822.00000000008;988.859200000062;985.8159000000096;963.0315999999975;963.9117999999976;993.2416000000376;985.8159000000096;991.0504000000498;985.8159000000096;979.6687000000013;979.6687000000013;979.6687000000013;979.6687000000013;948.0681999999965;979.6687000000013;962.5914999999975;985.8159000000096;
4823.00000000008;988.859200000062;985.8159000000096;963.0315999999975;963.9117999999976;993.2416000000376;985.8159000000096;991.0504000000498;985.8159000000096;979.6687000000013;979.6687000000013;979.6687000000013;979.6687000000013;948.0681999999965;979.6687000000013;962.5914999999975;985.8159000000096;
4824.00000000008;988.859200000062;985.8159000000096;963.0315999999975;963.9117999999976;993.2416000000376;985.8159000000096;991.0504000000498;985.8159000000096;979.6687000000013;979.6687000000013;979.6687000000013;979.6687000000013;948.0681999999965;979.6687000000013;962.5914999999975;985.8159000000096;
4825.00000000008;988.859200000062;985.8159000000096;963.0315999999975;963.9117999999976;993.2416000000376;985.8159000000096;991.0504000000498;985.8159000000096;979.6687000000013;979.6687000000013;979.6687000000013;979.6687000000013;948.0681999999965;979.6687000000013;962.5914999999975;985.8159000000096;
4826.00000000008;988.859200000062;985.8159000000096;963.0315999999975;963.9117999999976;993.2416000000376;985.8159000000096;991.0504000000498;985.8159000000096;979.6687000000013;979.6687000000013;979.6687000000013;979.6687000000013;948.0681999999965;979.6687000000013;962.5914999999975;985.8159000000096;
4827.00000000008;988.859200000062;985.8159000000096;963.0315999999975;963.9117999999976;993.2416000000376;985.8159000000096;991.0504000000498;985.8159000000096;979.6687000000013;979.6687000000013;979.6687000000013;979.6687000000013;948.0681999999965;979.6687000000013;962.5914999999975;985.8159000000096;
4828.00000000008;988.859200000062;985.8159000000096;963.0315999999975;963.9117999999976;993.2416000000376;985.8159000000096;991.0504000000498;985.8159000000096;979.6687000000013;979.6687000000013;979.6687000000013;979.6687000000013;948.0681999999965;979.6687000000013;962.5914999999975;985.8159000000096;
4829.00000000008;988.859200000062;985.8159000000096;963.0315999999975;963.9117999999976;993.2416000000376;985.8159000000096;991.0504000000498;985.8159000000096;979.6687000000013;979.6687000000013;979.6687000000013;979.6687000000013;948.0681999999965;979.6687000000013;962.5914999999975;985.8159000000096;
4829.770871130863;988.859200000062;985.8159000000096;963.0315999999975;963.9117999999976;993.2416000000376;985.8158000000096;991.0504000000498;985.8159000000096;979.6687000000013;979.6687000000013;979.6687000000013;979.6687000000013;948.0681999999965;979.6687000000013;962.5914999999975;985.8159000000096;
4829.770871130863;988.859200000062;985.8159000000096;963.0315999999975;963.9117999999976;993.2416000000376;985.7278000000097;991.0504000000498;985.8159000000096;979.6687000000013;979.6687000000013;979.6687000000013;979.6687000000013;948.0681999999965;979.6687000000013;962.5914999999975;985.8159000000096;
4829.776187130863;988.850400000062;985.8159000000096;963.0315999999975;963.9117999999976;993.2416000000376;985.7278000000097;991.0504000000498;985.8159000000096;979.6687000000013;979.6687000000013;979.6687000000013;979.6687000000013;948.0681999999965;979.6687000000013;962.5914999999975;985.8159000000096;
4829.776187130863;988.841600000062;985.8159000000096;963.0315999999975;963.9117999999976;993.2416000000376;985.7278000000097;991.0504000000498;985.8159000000096;979.6687000000013;979.6687000000013;979.6687000000013;979.6687000000013;948.0681999999965;979.6687000000013;962.5914999999975;985.8159000000096;
4829.781503130863;988.841600000062;985.8159000000096;963.0315999999975;963.9117999999976;993.2416000000376;985.7278000000097;991.0416000000498;985.8159000000096;979.6687000000013;979.6687000000013;979.6687000000013;979.6687000000013;948.0681999999965;979.6687000000013;962.5914999999975;985.8159000000096;
4829.80405170602;988.841600000062;985.8159000000096;963.0314999999975;963.9117999999976;993.2416000000376;985.7278000000097;991.0416000000498;985.8159000000096;979.6687000000013;979.6687000000013;979.6687000000013;979.6687000000013;948.0681999999965;979.6687000000013;962.5914999999975;985.8159000000096;
4829.80405170602;988.841600000062;985.8159000000096;962.5914999999975;963.9117999999976;993.2416000000376;985.7278000000097;991.0416000000498;985.8159000000096;979.6687000000013;979.6687000000013;979.6687000000013;979.6687000000013;948.0681999999965;979.6687000000013;962.5914999999975;985.8159000000096;
4829.80936770602;988.8328000000621;985.8159000000096;962.5914999999975;963.9117999999976;993.2416000000376;985.7278000000097;991.0416000000498;985.8159000000096;979.6687000000013;979.6687000000013;979.6687000000013;979.6687000000013;948.0681999999965;979.6687000000013;962.5914999999975;985.8159000000096;
4829.876022817482;988.8328000000621;985.8159000000096;962.5914999999975;963.9117999999976;993.2416000000376;985.7278000000097;991.0416000000498;985.8159000000096;979.6687000000013;979.6687000000013;979.6687000000013;979.6687000000013;948.0680999999965;979.6687000000013;962.5914999999975;985.8159000000096;
4829.876022817482;988.8328000000621;985.8159000000096;962.5914999999975;963.9117999999976;993.2416000000376;985.7278000000097;991.0416000000498;985.8159000000096;979.6687000000013;979.6687000000013;979.6687000000013;979.6687000000013;947.6280999999965;979.6687000000013;962.5914999999975;985.8159000000096;
4829.881338817482;988.8328000000621;985.8159000000096;962.5914999999975;963.9117999999976;993.2328000000376;985.7278000000097;991.0416000000498;985.8159000000096;979.6687000000013;979.6687000000013;979.6687000000013;979.6687000000013;947.6280999999965;979.6687000000013;962.5914999999975;985.8159000000096;
4830.000000000078;988.8240000000621;985.8159000000096;962.5914999999975;963.4716999999976;993.2152000000377;985.7278000000097;991.0328000000499;985.7278000000097;979.6687000000013;979.6687000000013;979.6687000000013;979.6687000000013;947.6280999999965;979.6687000000013;962.5914999999975;985.8159000000096;
4830.776191907198;988.8152000000622;985.7278000000097;962.5914999999975;963.4716999999976;993.2152000000377;985.7278000000097;991.0328000000499;985.7278000000097;979.6687000000013;979.6687000000013;979.6687000000013;979.6687000000013;947.6280999999965;979.6687000000013;962.5914999999975;985.7278000000097;
4831.776196683534;988.8064000000622;985.7278000000097;962.5914999999975;963.4716999999976;993.2064000000378;985.7278000000097;991.01520000005;985.7278000000097;979.6687000000013;979.6687000000013;979.6687000000013;979.6687000000013;947.6280999999965;979.6687000000013;962.5914999999975;985.7278000000097;
4832.776201459871;988.7976000000623;985.7278000000097;962.5914999999975;963.4716999999976;993.2064000000378;985.7278000000097;991.00640000005;985.7278000000097;979.6687000000013;979.6687000000013;979.6687000000013;979.6687000000013;947.6280999999965;979.6687000000013;962.5914999999975;985.7278000000097;
4833.0000000000755;988.7888000000623;985.7278000000097;962.5914999999975;963.4716999999976;993.2064000000378;985.7278000000097;990.99760000005;985.7278000000097;979.6687000000013;979.6687000000013;979.6687000000013;979.6687000000013;947.6280999999965;979.6687000000013;962.5914999999975;985.7278000000097;
4833.776206236208;988.7888000000623;985.7278000000097;962.5914999999975;963.4716999999976;993.2064000000378;985.7278000000097;990.99760000005;985.7278000000097;979.6687000000013;979.6687000000013;979.6687000000013;979.6687000000013;947.6280999999965;979.6687000000013;962.5914999999975;985.7278000000097;
4835.0000000000755;988.7888000000623;985.7278000000097;962.5914999999975;963.4716999999976;993.2064000000378;985.7278000000097;990.99760000005;985.7278000000097;979.6687000000013;979.6687000000013;979.6687000000013;979.6687000000013;947.6280999999965;979.6687000000013;962.5914999999975;985.7278000000097;
4836.0000000000755;988.7888000000623;985.7278000000097;962.5914999999975;963.4716999999976;993.2064000000378;985.7278000000097;990.99760000005;985.7278000000097;979.6687000000013;979.6687000000013;979.6687000000013;979.6687000000013;947.6280999999965;979.6687000000013;962.5914999999975;985.7278000000097;
4837.0000000000755;988.7888000000623;985.7278000000097;962.5914999999975;963.4716999999976;993.2064000000378;985.7278000000097;990.99760000005;985.7278000000097;979.6687000000013;979.6687000000013;979.6687000000013;979.6687000000013;947.6280999999965;979.6687000000013;962.5914999999975;985.7278000000097;
4838.0000000000755;988.7888000000623;985.7278000000097;962.5914999999975;963.4716999999976;993.2064000000378;985.7278000000097;990.99760000005;985.7278000000097;979.6687000000013;979.6687000000013;979.6687000000013;979.6687000000013;947.6280999999965;979.6687000000013;962.5914999999975;985.7278000000097;
4839.0000000000755;988.7888000000623;985.7278000000097;962.5914999999975;963.4716999999976;993.2064000000378;985.7278000000097;990.99760000005;985.7278000000097;979.6687000000013;979.6687000000013;979.6687000000013;979.6687000000013;947.6280999999965;979.6687000000013;962.5914999999975;985.7278000000097;
4840.0000000000755;988.7888000000623;985.7278000000097;962.5914999999975;963.4716999999976;993.2064000000378;985.7278000000097;990.99760000005;985.7278000000097;979.6687000000013;979.6687000000013;979.6687000000013;979.6687000000013;947.6280999999965;979.6687000000013;962.5914999999975;985.7278000000097;
4841.0000000000755;988.7888000000623;985.7278000000097;962.5914999999975;963.4716999999976;993.2064000000378;985.7278000000097;990.99760000005;985.7278000000097;979.6687000000013;979.6687000000013;979.6687000000013;979.6687000000013;947.6280999999965;979.6687000000013;962.5914999999975;985.7278000000097;
4842.0000000000755;988.7888000000623;985.7278000000097;962.5914999999975;963.4716999999976;993.2064000000378;985.7278000000097;990.99760000005;985.7278000000097;979.6687000000013;979.6687000000013;979.6687000000013;979.6687000000013;947.6280999999965;979.6687000000013;962.5914999999975;985.7278000000097;
4843.0000000000755;988.7888000000623;985.7278000000097;962.5914999999975;963.4716999999976;993.2064000000378;985.7278000000097;990.99760000005;985.7278000000097;979.6687000000013;979.6687000000013;979.6687000000013;979.6687000000013;947.6280999999965;979.6687000000013;962.5914999999975;985.7278000000097;
4844.0000000000755;988.7888000000623;985.7278000000097;962.5914999999975;963.4716999999976;993.2064000000378;985.7278000000097;990.99760000005;985.7278000000097;979.6687000000013;979.6687000000013;979.6687000000013;979.6687000000013;947.6280999999965;979.6687000000013;962.5914999999975;985.7278000000097;
4845.0000000000755;988.7888000000623;985.7278000000097;962.5914999999975;963.4716999999976;993.2064000000378;985.7278000000097;990.99760000005;985.7278000000097;979.6687000000013;979.6687000000013;979.6687000000013;979.6687000000013;947.6280999999965;979.6687000000013;962.5914999999975;985.7278000000097;
4846.0000000000755;988.7888000000623;985.7278000000097;962.5914999999975;963.4716999999976;993.2064000000378;985.7278000000097;990.99760000005;985.7278000000097;979.6687000000013;979.6687000000013;979.6687000000013;979.6687000000013;947.6280999999965;979.6687000000013;962.5914999999975;985.7278000000097;
4847.0000000000755;988.7888000000623;985.7278000000097;962.5914999999975;963.4716999999976;993.2064000000378;985.7278000000097;990.99760000005;985.7278000000097;979.6687000000013;979.6687000000013;979.6687000000013;979.6687000000013;947.6280999999965;979.6687000000013;962.5914999999975;985.7278000000097;
4848.0000000000755;988.7888000000623;985.7278000000097;962.5914999999975;963.4716999999976;993.2064000000378;985.7278000000097;990.99760000005;985.7278000000097;979.6687000000013;979.6687000000013;979.6687000000013;979.6687000000013;947.6280999999965;979.6687000000013;962.5914999999975;985.7278000000097;
4849.0000000000755;988.7888000000623;985.7278000000097;962.5914999999975;963.4716999999976;993.2064000000378;985.7278000000097;990.99760000005;985.7278000000097;979.6687000000013;979.6687000000013;979.6687000000013;979.6687000000013;947.6280999999965;979.6687000000013;962.5914999999975;985.7278000000097;
4850.0000000000755;988.7888000000623;985.7278000000097;962.5914999999975;963.4716999999976;993.2064000000378;985.7278000000097;990.99760000005;985.7278000000097;979.6687000000013;979.6687000000013;979.6687000000013;979.6687000000013;947.6280999999965;979.6687000000013;962.5914999999975;985.7278000000097;
4851.0000000000755;988.7888000000623;985.7278000000097;962.5914999999975;963.4716999999976;993.2064000000378;985.7278000000097;990.99760000005;985.7278000000097;979.6687000000013;979.6687000000013;979.6687000000013;979.6687000000013;947.6280999999965;979.6687000000013;962.5914999999975;985.7278000000097;
4852.0000000000755;988.7888000000623;985.7278000000097;962.5914999999975;963.4716999999976;993.2064000000378;985.7278000000097;990.99760000005;985.7278000000097;979.6687000000013;979.6687000000013;979.6687000000013;979.6687000000013;947.6280999999965;979.6687000000013;962.5914999999975;985.7278000000097;
4853.0000000000755;988.7888000000623;985.7278000000097;962.5914999999975;963.4716999999976;993.2064000000378;985.7278000000097;990.99760000005;985.7278000000097;979.6687000000013;979.6687000000013;979.6687000000013;979.6687000000013;947.6280999999965;979.6687000000013;962.5914999999975;985.7278000000097;
4854.0000000000755;988.7888000000623;985.7278000000097;962.5914999999975;963.4716999999976;993.2064000000378;985.7278000000097;990.99760000005;985.7278000000097;979.6687000000013;979.6687000000013;979.6687000000013;979.6687000000013;947.6280999999965;979.6687000000013;962.5914999999975;985.7278000000097;
4855.0000000000755;988.7888000000623;985.7278000000097;962.5914999999975;963.4716999999976;993.2064000000378;985.7278000000097;990.99760000005;985.7278000000097;979.6687000000013;979.6687000000013;979.6687000000013;979.6687000000013;947.6280999999965;979.6687000000013;962.5914999999975;985.7278000000097;
4856.0000000000755;988.7888000000623;985.7278000000097;962.5914999999975;963.4716999999976;993.2064000000378;985.7278000000097;990.99760000005;985.7278000000097;979.6687000000013;979.6687000000013;979.6687000000013;979.6687000000013;947.6280999999965;979.6687000000013;962.5914999999975;985.7278000000097;
4857.0000000000755;988.7888000000623;985.7278000000097;962.5914999999975;963.4716999999976;993.2064000000378;985.7278000000097;990.99760000005;985.7278000000097;979.6687000000013;979.6687000000013;979.6687000000013;979.6687000000013;947.6280999999965;979.6687000000013;962.5914999999975;985.7278000000097;
4858.0000000000755;988.7888000000623;985.7278000000097;962.5914999999975;963.4716999999976;993.2064000000378;985.7278000000097;990.99760000005;985.7278000000097;979.6687000000013;979.6687000000013;979.6687000000013;979.6687000000013;947.6280999999965;979.6687000000013;962.5914999999975;985.7278000000097;
4859.0000000000755;988.7888000000623;985.7278000000097;962.5914999999975;963.4716999999976;993.2064000000378;985.7278000000097;990.99760000005;985.7278000000097;979.6687000000013;979.6687000000013;979.6687000000013;979.6687000000013;947.6280999999965;979.6687000000013;962.5914999999975;985.7278000000097;
4859.770843868592;988.7888000000623;985.7278000000097;962.5914999999975;963.4716999999976;993.2064000000378;985.7277000000097;990.99760000005;985.7278000000097;979.6687000000013;979.6687000000013;979.6687000000013;979.6687000000013;947.6280999999965;979.6687000000013;962.5914999999975;985.7278000000097;
4859.770843868592;988.7888000000623;985.7278000000097;962.5914999999975;963.4716999999976;993.2064000000378;985.6397000000097;990.99760000005;985.7278000000097;979.6687000000013;979.6687000000013;979.6687000000013;979.6687000000013;947.6280999999965;979.6687000000013;962.5914999999975;985.7278000000097;
4859.776159868592;988.7800000000624;985.7278000000097;962.5914999999975;963.4716999999976;993.2064000000378;985.6397000000097;990.99760000005;985.7278000000097;979.6687000000013;979.6687000000013;979.6687000000013;979.6687000000013;947.6280999999965;979.6687000000013;962.5914999999975;985.7278000000097;
4859.776159868592;988.7712000000624;985.7278000000097;962.5914999999975;963.4716999999976;993.2064000000378;985.6397000000097;990.99760000005;985.7278000000097;979.6687000000013;979.6687000000013;979.6687000000013;979.6687000000013;947.6280999999965;979.6687000000013;962.5914999999975;985.7278000000097;
4859.781475868592;988.7712000000624;985.7278000000097;962.5914999999975;963.4716999999976;993.2064000000378;985.6397000000097;990.9888000000501;985.7278000000097;979.6687000000013;979.6687000000013;979.6687000000013;979.6687000000013;947.6280999999965;979.6687000000013;962.5914999999975;985.7278000000097;
4859.9400872099795;988.7712000000624;985.7278000000097;962.5914999999975;963.4716999999976;993.2064000000378;985.6397000000097;990.9888000000501;985.7277000000097;979.6687000000013;979.6687000000013;979.6687000000013;979.6687000000013;947.6280999999965;979.6687000000013;962.5914999999975;985.7278000000097;
4859.9400872099795;988.7712000000624;985.7278000000097;962.5914999999975;963.4716999999976;993.2064000000378;985.6397000000097;990.9888000000501;985.6397000000097;979.6687000000013;979.6687000000013;979.6687000000013;979.6687000000013;947.6280999999965;979.6687000000013;962.5914999999975;985.7278000000097;
4859.945403209979;988.7624000000625;985.7278000000097;962.5914999999975;963.4716999999976;993.2064000000378;985.6397000000097;990.9888000000501;985.6397000000097;979.6687000000013;979.6687000000013;979.6687000000013;979.6687000000013;947.6280999999965;979.6687000000013;962.5914999999975;985.7278000000097;
4860.000000000074;988.7624000000625;985.7278000000097;962.5914999999975;963.4716999999976;993.2064000000378;985.6397000000097;990.9888000000501;985.6397000000097;979.6687000000013;979.6687000000013;979.6687000000013;979.6687000000013;947.6280999999965;979.6687000000013;962.5914999999975;985.7278000000097;
4860.013892876418;988.7624000000625;985.7277000000097;962.5914999999975;963.4716999999976;993.2064000000378;985.6397000000097;990.9888000000501;985.6397000000097;979.6687000000013;979.6687000000013;979.6687000000013;979.6687000000013;947.6280999999965;979.6687000000013;962.5914999999975;985.7278000000097;
4860.013892876418;988.7624000000625;985.6397000000097;962.5914999999975;963.4716999999976;993.2064000000378;985.6397000000097;990.9888000000501;985.6397000000097;979.6687000000013;979.6687000000013;979.6687000000013;979.6687000000013;947.6280999999965;979.6687000000013;962.5914999999975;985.7278000000097;
4860.019208876418;988.7536000000625;985.6397000000097;962.5914999999975;963.4716999999976;993.2064000000378;985.6397000000097;990.9888000000501;985.6397000000097;979.6687000000013;979.6687000000013;979.6687000000013;979.6687000000013;947.6280999999965;979.6687000000013;962.5914999999975;985.7278000000097;
4860.220745571139;988.7536000000625;985.6397000000097;962.5914999999975;963.4716999999976;993.2064000000378;985.6397000000097;990.9888000000501;985.6397000000097;979.6687000000013;979.6687000000013;979.6687000000013;979.6687000000013;947.6280999999965;979.6687000000013;962.5913999999975;985.6397000000097;
4861.000000000074;988.7448000000626;985.6397000000097;962.5914999999975;963.4716999999976;993.1888000000379;985.6397000000097;990.9712000000502;985.6397000000097;979.6687000000013;979.6687000000013;979.6687000000013;979.6687000000013;947.6280999999965;979.6687000000013;962.1513999999975;985.6397000000097;
4861.776169421265;988.7448000000626;985.6397000000097;962.5914999999975;963.4716999999976;993.1888000000379;985.6397000000097;990.9712000000502;985.6397000000097;979.6687000000013;979.6687000000013;979.6687000000013;979.6687000000013;947.6280999999965;979.6687000000013;962.1513999999975;985.6397000000097;
4862.776174197602;988.7360000000626;985.6397000000097;962.5914999999975;963.4716999999976;993.1888000000379;985.6397000000097;990.9624000000503;985.6397000000097;979.6687000000013;979.6687000000013;979.6687000000013;979.6687000000013;947.6280999999965;979.6687000000013;962.1513999999975;985.6397000000097;
4863.000000000073;988.7360000000626;985.6397000000097;962.5914999999975;963.4716999999976;993.1888000000379;985.6397000000097;990.9624000000503;985.6397000000097;979.6687000000013;979.6687000000013;979.6687000000013;979.6687000000013;947.6280999999965;979.6687000000013;962.1513999999975;985.6397000000097;
4864.000000000073;988.7360000000626;985.6397000000097;962.5914999999975;963.4716999999976;993.1888000000379;985.6397000000097;990.9624000000503;985.6397000000097;979.6687000000013;979.6687000000013;979.6687000000013;979.6687000000013;947.6280999999965;979.6687000000013;962.1513999999975;985.6397000000097;
4865.000000000073;988.7360000000626;985.6397000000097;962.5914999999975;963.4716999999976;993.1888000000379;985.6397000000097;990.9624000000503;985.6397000000097;979.6687000000013;979.6687000000013;979.6687000000013;979.6687000000013;947.6280999999965;979.6687000000013;962.1513999999975;985.6397000000097;
4866.000000000073;988.7360000000626;985.6397000000097;962.5914999999975;963.4716999999976;993.1888000000379;985.6397000000097;990.9624000000503;985.6397000000097;979.6687000000013;979.6687000000013;979.6687000000013;979.6687000000013;947.6280999999965;979.6687000000013;962.1513999999975;985.6397000000097;
4867.000000000073;988.7360000000626;985.6397000000097;962.5914999999975;963.4716999999976;993.1888000000379;985.6397000000097;990.9624000000503;985.6397000000097;979.6687000000013;979.6687000000013;979.6687000000013;979.6687000000013;947.6280999999965;979.6687000000013;962.1513999999975;985.6397000000097;
4868.000000000073;988.7360000000626;985.6397000000097;962.5914999999975;963.4716999999976;993.1888000000379;985.6397000000097;990.9624000000503;985.6397000000097;979.6687000000013;979.6687000000013;979.6687000000013;979.6687000000013;947.6280999999965;979.6687000000013;962.1513999999975;985.6397000000097;
4869.000000000073;988.7360000000626;985.6397000000097;962.5914999999975;963.4716999999976;993.1888000000379;985.6397000000097;990.9624000000503;985.6397000000097;979.6687000000013;979.6687000000013;979.6687000000013;979.6687000000013;947.6280999999965;979.6687000000013;962.1513999999975;985.6397000000097;
4870.000000000073;988.7360000000626;985.6397000000097;962.5914999999975;963.4716999999976;993.1888000000379;985.6397000000097;990.9624000000503;985.6397000000097;979.6687000000013;979.6687000000013;979.6687000000013;979.6687000000013;947.6280999999965;979.6687000000013;962.1513999999975;985.6397000000097;
4871.000000000073;988.7360000000626;985.6397000000097;962.5914999999975;963.4716999999976;993.1888000000379;985.6397000000097;990.9624000000503;985.6397000000097;979.6687000000013;979.6687000000013;979.6687000000013;979.6687000000013;947.6280999999965;979.6687000000013;962.1513999999975;985.6397000000097;
4872.000000000073;988.7360000000626;985.6397000000097;962.5914999999975;963.4716999999976;993.1888000000379;985.6397000000097;990.9624000000503;985.6397000000097;979.6687000000013;979.6687000000013;979.6687000000013;979.6687000000013;947.6280999999965;979.6687000000013;962.1513999999975;985.6397000000097;
4873.000000000073;988.7360000000626;985.6397000000097;962.5914999999975;963.4716999999976;993.1888000000379;985.6397000000097;990.9624000000503;985.6397000000097;979.6687000000013;979.6687000000013;979.6687000000013;979.6687000000013;947.6280999999965;979.6687000000013;962.1513999999975;985.6397000000097;
4874.000000000073;988.7360000000626;985.6397000000097;962.5914999999975;963.4716999999976;993.1888000000379;985.6397000000097;990.9624000000503;985.6397000000097;979.6687000000013;979.6687000000013;979.6687000000013;979.6687000000013;947.6280999999965;979.6687000000013;962.1513999999975;985.6397000000097;
4875.000000000073;988.7360000000626;985.6397000000097;962.5914999999975;963.4716999999976;993.1888000000379;985.6397000000097;990.9624000000503;985.6397000000097;979.6687000000013;979.6687000000013;979.6687000000013;979.6687000000013;947.6280999999965;979.6687000000013;962.1513999999975;985.6397000000097;
4875.025808968735;988.7360000000626;985.6397000000097;962.5914999999975;963.4716999999976;993.1888000000379;985.6397000000097;990.9624000000503;985.6397000000097;979.6687000000013;979.6687000000013;979.6687000000013;979.6686000000013;947.6280999999965;979.6687000000013;962.1513999999975;985.6397000000097;
4875.025808968735;988.7360000000626;985.6397000000097;962.5914999999975;963.4716999999976;993.1888000000379;985.6397000000097;990.9624000000503;985.6397000000097;979.6687000000013;979.6687000000013;979.6687000000013;979.0526000000013;947.6280999999965;979.6687000000013;962.1513999999975;985.6397000000097;
4875.031124968735;988.7360000000626;985.6397000000097;962.5914999999975;963.4716999999976;993.1800000000379;985.6397000000097;990.9624000000503;985.6397000000097;979.6687000000013;979.6687000000013;979.6687000000013;979.0526000000013;947.6280999999965;979.6687000000013;962.1513999999975;985.6397000000097;
4875.031124968735;988.7360000000626;985.6397000000097;962.5914999999975;963.4716999999976;993.171200000038;985.6397000000097;990.9624000000503;985.6397000000097;979.6687000000013;979.6687000000013;979.6687000000013;979.0526000000013;947.6280999999965;979.6687000000013;962.1513999999975;985.6397000000097;
4875.0364409687345;988.7360000000626;985.6397000000097;962.5914999999975;963.4716999999976;993.171200000038;985.6397000000097;990.9536000000503;985.6397000000097;979.6687000000013;979.6687000000013;979.6687000000013;979.0526000000013;947.6280999999965;979.6687000000013;962.1513999999975;985.6397000000097;
4876.000000000073;988.7360000000626;985.6397000000097;962.5914999999975;963.4716999999976;993.171200000038;985.6397000000097;990.9536000000503;985.6397000000097;979.6687000000013;979.6687000000013;979.6687000000013;979.0526000000013;947.6280999999965;979.6687000000013;962.1513999999975;985.6397000000097;
4877.000000000073;988.7360000000626;985.6397000000097;962.5914999999975;963.4716999999976;993.171200000038;985.6397000000097;990.9536000000503;985.6397000000097;979.6687000000013;979.6687000000013;979.6687000000013;979.0526000000013;947.6280999999965;979.6687000000013;962.1513999999975;985.6397000000097;
4878.000000000073;988.7360000000626;985.6397000000097;962.5914999999975;963.4716999999976;993.171200000038;985.6397000000097;990.9536000000503;985.6397000000097;979.6687000000013;979.6687000000013;979.6687000000013;979.0526000000013;947.6280999999965;979.6687000000013;962.1513999999975;985.6397000000097;
4879.000000000073;988.7360000000626;985.6397000000097;962.5914999999975;963.4716999999976;993.171200000038;985.6397000000097;990.9536000000503;985.6397000000097;979.6687000000013;979.6687000000013;979.6687000000013;979.0526000000013;947.6280999999965;979.6687000000013;962.1513999999975;985.6397000000097;
4880.000000000073;988.7360000000626;985.6397000000097;962.5914999999975;963.4716999999976;993.171200000038;985.6397000000097;990.9536000000503;985.6397000000097;979.6687000000013;979.6687000000013;979.6687000000013;979.0526000000013;947.6280999999965;979.6687000000013;962.1513999999975;985.6397000000097;
4881.000000000073;988.7360000000626;985.6397000000097;962.5914999999975;963.4716999999976;993.171200000038;985.6397000000097;990.9536000000503;985.6397000000097;979.6687000000013;979.6687000000013;979.6687000000013;979.0526000000013;947.6280999999965;979.6687000000013;962.1513999999975;985.6397000000097;
4882.000000000073;988.7360000000626;985.6397000000097;962.5914999999975;963.4716999999976;993.171200000038;985.6397000000097;990.9536000000503;985.6397000000097;979.6687000000013;979.6687000000013;979.6687000000013;979.0526000000013;947.6280999999965;979.6687000000013;962.1513999999975;985.6397000000097;
4883.000000000073;988.7360000000626;985.6397000000097;962.5914999999975;963.4716999999976;993.171200000038;985.6397000000097;990.9536000000503;985.6397000000097;979.6687000000013;979.6687000000013;979.6687000000013;979.0526000000013;947.6280999999965;979.6687000000013;962.1513999999975;985.6397000000097;
4884.000000000073;988.7360000000626;985.6397000000097;962.5914999999975;963.4716999999976;993.171200000038;985.6397000000097;990.9536000000503;985.6397000000097;979.6687000000013;979.6687000000013;979.6687000000013;979.0526000000013;947.6280999999965;979.6687000000013;962.1513999999975;985.6397000000097;
4885.000000000073;988.7360000000626;985.6397000000097;962.5914999999975;963.4716999999976;993.171200000038;985.6397000000097;990.9536000000503;985.6397000000097;979.6687000000013;979.6687000000013;979.6687000000013;979.0526000000013;947.6280999999965;979.6687000000013;962.1513999999975;985.6397000000097;
4886.000000000073;988.7360000000626;985.6397000000097;962.5914999999975;963.4716999999976;993.171200000038;985.6397000000097;990.9536000000503;985.6397000000097;979.6687000000013;979.6687000000013;979.6687000000013;979.0526000000013;947.6280999999965;979.6687000000013;962.1513999999975;985.6397000000097;
4887.000000000073;988.7360000000626;985.6397000000097;962.5914999999975;963.4716999999976;993.171200000038;985.6397000000097;990.9536000000503;985.6397000000097;979.6687000000013;979.6687000000013;979.6687000000013;979.0526000000013;947.6280999999965;979.6687000000013;962.1513999999975;985.6397000000097;
4888.000000000073;988.7360000000626;985.6397000000097;962.5914999999975;963.4716999999976;993.171200000038;985.6397000000097;990.9536000000503;985.6397000000097;979.6687000000013;979.6687000000013;979.6687000000013;979.0526000000013;947.6280999999965;979.6687000000013;962.1513999999975;985.6397000000097;
4889.000000000073;988.7360000000626;985.6397000000097;962.5914999999975;963.4716999999976;993.171200000038;985.6397000000097;990.9536000000503;985.6397000000097;979.6687000000013;979.6687000000013;979.6687000000013;979.0526000000013;947.6280999999965;979.6687000000013;962.1513999999975;985.6397000000097;
4889.770816606323;988.7360000000626;985.6397000000097;962.5914999999975;963.4716999999976;993.171200000038;985.6396000000098;990.9536000000503;985.6397000000097;979.6687000000013;979.6687000000013;979.6687000000013;979.0526000000013;947.6280999999965;979.6687000000013;962.1513999999975;985.6397000000097;
4889.770816606323;988.7360000000626;985.6397000000097;962.5914999999975;963.4716999999976;993.171200000038;985.5516000000098;990.9536000000503;985.6397000000097;979.6687000000013;979.6687000000013;979.6687000000013;979.0526000000013;947.6280999999965;979.6687000000013;962.1513999999975;985.6397000000097;
4889.776132606323;988.7272000000627;985.6397000000097;962.5914999999975;963.4716999999976;993.171200000038;985.5516000000098;990.9536000000503;985.6397000000097;979.6687000000013;979.6687000000013;979.6687000000013;979.0526000000013;947.6280999999965;979.6687000000013;962.1513999999975;985.6397000000097;
4889.776132606323;988.7184000000627;985.6397000000097;962.5914999999975;963.4716999999976;993.171200000038;985.5516000000098;990.9536000000503;985.6397000000097;979.6687000000013;979.6687000000013;979.6687000000013;979.0526000000013;947.6280999999965;979.6687000000013;962.1513999999975;985.6397000000097;
4889.781448606323;988.7184000000627;985.6397000000097;962.5914999999975;963.4716999999976;993.171200000038;985.5516000000098;990.9448000000503;985.6397000000097;979.6687000000013;979.6687000000013;979.6687000000013;979.0526000000013;947.6280999999965;979.6687000000013;962.1513999999975;985.6397000000097;
4889.804059140158;988.7184000000627;985.6397000000097;962.5913999999975;963.4716999999976;993.171200000038;985.5516000000098;990.9448000000503;985.6397000000097;979.6687000000013;979.6687000000013;979.6687000000013;979.0526000000013;947.6280999999965;979.6687000000013;962.1513999999975;985.6397000000097;
4889.804059140158;988.7184000000627;985.6397000000097;962.1513999999975;963.4716999999976;993.171200000038;985.5516000000098;990.9448000000503;985.6397000000097;979.6687000000013;979.6687000000013;979.6687000000013;979.0526000000013;947.6280999999965;979.6687000000013;962.1513999999975;985.6397000000097;
4890.77613738266;988.6920000000629;985.5516000000098;962.1513999999975;963.0315999999975;993.1448000000381;985.5516000000098;990.9360000000504;985.5516000000098;979.6687000000013;979.6687000000013;979.6687000000013;979.0526000000013;947.1879999999965;979.6687000000013;962.1513999999975;985.5516000000098;
4891.000000000071;988.6832000000629;985.5516000000098;962.1513999999975;963.0315999999975;993.1360000000382;985.5516000000098;990.9184000000505;985.5516000000098;979.6687000000013;979.6687000000013;979.6687000000013;979.0526000000013;947.1879999999965;979.6687000000013;962.1513999999975;985.5516000000098;
4891.776142158997;988.6832000000629;985.5516000000098;962.1513999999975;963.0315999999975;993.1360000000382;985.5516000000098;990.9184000000505;985.5516000000098;979.6687000000013;979.6687000000013;979.6687000000013;979.0526000000013;947.1879999999965;979.6687000000013;962.1513999999975;985.5516000000098;
4892.776146935334;988.674400000063;985.5516000000098;962.1513999999975;963.0315999999975;993.1360000000382;985.5516000000098;990.9096000000505;985.5516000000098;979.6687000000013;979.6687000000013;979.6687000000013;979.0526000000013;947.1879999999965;979.6687000000013;962.1513999999975;985.5516000000098;
4893.000000000071;988.665600000063;985.5516000000098;962.1513999999975;963.0315999999975;993.1360000000382;985.5516000000098;990.9008000000506;985.5516000000098;979.6687000000013;979.6687000000013;979.6687000000013;979.0526000000013;947.1879999999965;979.6687000000013;962.1513999999975;985.5516000000098;
4893.7761517116705;988.665600000063;985.5516000000098;962.1513999999975;963.0315999999975;993.1360000000382;985.5516000000098;990.9008000000506;985.5516000000098;979.6687000000013;979.6687000000013;979.6687000000013;979.0526000000013;947.1879999999965;979.6687000000013;962.1513999999975;985.5516000000098;
4895.000000000071;988.665600000063;985.5516000000098;962.1513999999975;963.0315999999975;993.1360000000382;985.5516000000098;990.9008000000506;985.5516000000098;979.6687000000013;979.6687000000013;979.6687000000013;979.0526000000013;947.1879999999965;979.6687000000013;962.1513999999975;985.5516000000098;
4896.000000000071;988.665600000063;985.5516000000098;962.1513999999975;963.0315999999975;993.1360000000382;985.5516000000098;990.9008000000506;985.5516000000098;979.6687000000013;979.6687000000013;979.6687000000013;979.0526000000013;947.1879999999965;979.6687000000013;962.1513999999975;985.5516000000098;
4897.000000000071;988.665600000063;985.5516000000098;962.1513999999975;963.0315999999975;993.1360000000382;985.5516000000098;990.9008000000506;985.5516000000098;979.6687000000013;979.6687000000013;979.6687000000013;979.0526000000013;947.1879999999965;979.6687000000013;962.1513999999975;985.5516000000098;
4898.000000000071;988.665600000063;985.5516000000098;962.1513999999975;963.0315999999975;993.1360000000382;985.5516000000098;990.9008000000506;985.5516000000098;979.6687000000013;979.6687000000013;979.6687000000013;979.0526000000013;947.1879999999965;979.6687000000013;962.1513999999975;985.5516000000098;
4899.000000000071;988.665600000063;985.5516000000098;962.1513999999975;963.0315999999975;993.1360000000382;985.5516000000098;990.9008000000506;985.5516000000098;979.6687000000013;979.6687000000013;979.6687000000013;979.0526000000013;947.1879999999965;979.6687000000013;962.1513999999975;985.5516000000098;
4900.000000000071;988.665600000063;985.5516000000098;962.1513999999975;963.0315999999975;993.1360000000382;985.5516000000098;990.9008000000506;985.5516000000098;979.6687000000013;979.6687000000013;979.6687000000013;979.0526000000013;947.1879999999965;979.6687000000013;962.1513999999975;985.5516000000098;
4901.000000000071;988.665600000063;985.5516000000098;962.1513999999975;963.0315999999975;993.1360000000382;985.5516000000098;990.9008000000506;985.5516000000098;979.6687000000013;979.6687000000013;979.6687000000013;979.0526000000013;947.1879999999965;979.6687000000013;962.1513999999975;985.5516000000098;
4902.000000000071;988.665600000063;985.5516000000098;962.1513999999975;963.0315999999975;993.1360000000382;985.5516000000098;990.9008000000506;985.5516000000098;979.6687000000013;979.6687000000013;979.6687000000013;979.0526000000013;947.1879999999965;979.6687000000013;962.1513999999975;985.5516000000098;
4903.000000000071;988.665600000063;985.5516000000098;962.1513999999975;963.0315999999975;993.1360000000382;985.5516000000098;990.9008000000506;985.5516000000098;979.6687000000013;979.6687000000013;979.6687000000013;979.0526000000013;947.1879999999965;979.6687000000013;962.1513999999975;985.5516000000098;
4904.000000000071;988.665600000063;985.5516000000098;962.1513999999975;963.0315999999975;993.1360000000382;985.5516000000098;990.9008000000506;985.5516000000098;979.6687000000013;979.6687000000013;979.6687000000013;979.0526000000013;947.1879999999965;979.6687000000013;962.1513999999975;985.5516000000098;
4905.000000000071;988.665600000063;985.5516000000098;962.1513999999975;963.0315999999975;993.1360000000382;985.5516000000098;990.9008000000506;985.5516000000098;979.6687000000013;979.6687000000013;979.6687000000013;979.0526000000013;947.1879999999965;979.6687000000013;962.1513999999975;985.5516000000098;
4906.000000000071;988.665600000063;985.5516000000098;962.1513999999975;963.0315999999975;993.1360000000382;985.5516000000098;990.9008000000506;985.5516000000098;979.6687000000013;979.6687000000013;979.6687000000013;979.0526000000013;947.1879999999965;979.6687000000013;962.1513999999975;985.5516000000098;
4907.000000000071;988.665600000063;985.5516000000098;962.1513999999975;963.0315999999975;993.1360000000382;985.5516000000098;990.9008000000506;985.5516000000098;979.6687000000013;979.6687000000013;979.6687000000013;979.0526000000013;947.1879999999965;979.6687000000013;962.1513999999975;985.5516000000098;
4908.000000000071;988.665600000063;985.5516000000098;962.1513999999975;963.0315999999975;993.1360000000382;985.5516000000098;990.9008000000506;985.5516000000098;979.6687000000013;979.6687000000013;979.6687000000013;979.0526000000013;947.1879999999965;979.6687000000013;962.1513999999975;985.5516000000098;
4909.000000000071;988.665600000063;985.5516000000098;962.1513999999975;963.0315999999975;993.1360000000382;985.5516000000098;990.9008000000506;985.5516000000098;979.6687000000013;979.6687000000013;979.6687000000013;979.0526000000013;947.1879999999965;979.6687000000013;962.1513999999975;985.5516000000098;
4910.000000000071;988.665600000063;985.5516000000098;962.1513999999975;963.0315999999975;993.1360000000382;985.5516000000098;990.9008000000506;985.5516000000098;979.6687000000013;979.6687000000013;979.6687000000013;979.0526000000013;947.1879999999965;979.6687000000013;962.1513999999975;985.5516000000098;
4911.000000000071;988.665600000063;985.5516000000098;962.1513999999975;963.0315999999975;993.1360000000382;985.5516000000098;990.9008000000506;985.5516000000098;979.6687000000013;979.6687000000013;979.6687000000013;979.0526000000013;947.1879999999965;979.6687000000013;962.1513999999975;985.5516000000098;
4912.000000000071;988.665600000063;985.5516000000098;962.1513999999975;963.0315999999975;993.1360000000382;985.5516000000098;990.9008000000506;985.5516000000098;979.6687000000013;979.6687000000013;979.6687000000013;979.0526000000013;947.1879999999965;979.6687000000013;962.1513999999975;985.5516000000098;
4913.000000000071;988.665600000063;985.5516000000098;962.1513999999975;963.0315999999975;993.1360000000382;985.5516000000098;990.9008000000506;985.5516000000098;979.6687000000013;979.6687000000013;979.6687000000013;979.0526000000013;947.1879999999965;979.6687000000013;962.1513999999975;985.5516000000098;
4914.000000000071;988.665600000063;985.5516000000098;962.1513999999975;963.0315999999975;993.1360000000382;985.5516000000098;990.9008000000506;985.5516000000098;979.6687000000013;979.6687000000013;979.6687000000013;979.0526000000013;947.1879999999965;979.6687000000013;962.1513999999975;985.5516000000098;
4915.000000000071;988.665600000063;985.5516000000098;962.1513999999975;963.0315999999975;993.1360000000382;985.5516000000098;990.9008000000506;985.5516000000098;979.6687000000013;979.6687000000013;979.6687000000013;979.0526000000013;947.1879999999965;979.6687000000013;962.1513999999975;985.5516000000098;
4916.000000000071;988.665600000063;985.5516000000098;962.1513999999975;963.0315999999975;993.1360000000382;985.5516000000098;990.9008000000506;985.5516000000098;979.6687000000013;979.6687000000013;979.6687000000013;979.0526000000013;947.1879999999965;979.6687000000013;962.1513999999975;985.5516000000098;
4917.000000000071;988.665600000063;985.5516000000098;962.1513999999975;963.0315999999975;993.1360000000382;985.5516000000098;990.9008000000506;985.5516000000098;979.6687000000013;979.6687000000013;979.6687000000013;979.0526000000013;947.1879999999965;979.6687000000013;962.1513999999975;985.5516000000098;
4918.000000000071;988.665600000063;985.5516000000098;962.1513999999975;963.0315999999975;993.1360000000382;985.5516000000098;990.9008000000506;985.5516000000098;979.6687000000013;979.6687000000013;979.6687000000013;979.0526000000013;947.1879999999965;979.6687000000013;962.1513999999975;985.5516000000098;
4919.000000000071;988.665600000063;985.5516000000098;962.1513999999975;963.0315999999975;993.1360000000382;985.5516000000098;990.9008000000506;985.5516000000098;979.6687000000013;979.6687000000013;979.6687000000013;979.0526000000013;947.1879999999965;979.6687000000013;962.1513999999975;985.5516000000098;
4919.770789344056;988.665600000063;985.5516000000098;962.1513999999975;963.0315999999975;993.1360000000382;985.5515000000098;990.9008000000506;985.5516000000098;979.6687000000013;979.6687000000013;979.6687000000013;979.0526000000013;947.1879999999965;979.6687000000013;962.1513999999975;985.5516000000098;
4919.770789344056;988.665600000063;985.5516000000098;962.1513999999975;963.0315999999975;993.1360000000382;985.4635000000098;990.9008000000506;985.5516000000098;979.6687000000013;979.6687000000013;979.6687000000013;979.0526000000013;947.1879999999965;979.6687000000013;962.1513999999975;985.5516000000098;
4919.776105344055;988.6568000000631;985.5516000000098;962.1513999999975;963.0315999999975;993.1360000000382;985.4635000000098;990.9008000000506;985.5516000000098;979.6687000000013;979.6687000000013;979.6687000000013;979.0526000000013;947.1879999999965;979.6687000000013;962.1513999999975;985.5516000000098;
4919.776105344055;988.6480000000631;985.5516000000098;962.1513999999975;963.0315999999975;993.1360000000382;985.4635000000098;990.9008000000506;985.5516000000098;979.6687000000013;979.6687000000013;979.6687000000013;979.0526000000013;947.1879999999965;979.6687000000013;962.1513999999975;985.5516000000098;
4919.781421344055;988.6480000000631;985.5516000000098;962.1513999999975;963.0315999999975;993.1360000000382;985.4635000000098;990.8920000000506;985.5516000000098;979.6687000000013;979.6687000000013;979.6687000000013;979.0526000000013;947.1879999999965;979.6687000000013;962.1513999999975;985.5516000000098;
4919.940173827848;988.6480000000631;985.5516000000098;962.1513999999975;963.0315999999975;993.1360000000382;985.4635000000098;990.8920000000506;985.5515000000098;979.6687000000013;979.6687000000013;979.6687000000013;979.0526000000013;947.1879999999965;979.6687000000013;962.1513999999975;985.5516000000098;
4919.940173827848;988.6480000000631;985.5516000000098;962.1513999999975;963.0315999999975;993.1360000000382;985.4635000000098;990.8920000000506;985.4635000000098;979.6687000000013;979.6687000000013;979.6687000000013;979.0526000000013;947.1879999999965;979.6687000000013;962.1513999999975;985.5516000000098;
4919.945489827848;988.6392000000632;985.5516000000098;962.1513999999975;963.0315999999975;993.1360000000382;985.4635000000098;990.8920000000506;985.4635000000098;979.6687000000013;979.6687000000013;979.6687000000013;979.0526000000013;947.1879999999965;979.6687000000013;962.1513999999975;985.5516000000098;
4920.000000000071;988.6392000000632;985.5516000000098;962.1513999999975;963.0315999999975;993.1360000000382;985.4635000000098;990.8920000000506;985.4635000000098;979.6687000000013;979.6687000000013;979.6687000000013;979.0526000000013;947.1879999999965;979.6687000000013;962.1513999999975;985.5516000000098;
4920.010859668878;988.6392000000632;985.5515000000098;962.1513999999975;963.0315999999975;993.1360000000382;985.4635000000098;990.8920000000506;985.4635000000098;979.6687000000013;979.6687000000013;979.6687000000013;979.0526000000013;947.1879999999965;979.6687000000013;962.1513999999975;985.5516000000098;
4920.010859668878;988.6392000000632;985.4635000000098;962.1513999999975;963.0315999999975;993.1360000000382;985.4635000000098;990.8920000000506;985.4635000000098;979.6687000000013;979.6687000000013;979.6687000000013;979.0526000000013;947.1879999999965;979.6687000000013;962.1513999999975;985.5516000000098;
4920.016175668878;988.6304000000632;985.4635000000098;962.1513999999975;963.0315999999975;993.1360000000382;985.4635000000098;990.8920000000506;985.4635000000098;979.6687000000013;979.6687000000013;979.6687000000013;979.0526000000013;947.1879999999965;979.6687000000013;962.1513999999975;985.5516000000098;
4920.776110120391;988.6304000000632;985.4635000000098;962.1513999999975;963.0315999999975;993.1184000000383;985.4635000000098;990.8832000000507;985.4635000000098;979.6687000000013;979.6687000000013;979.6687000000013;979.0526000000013;947.1879999999965;979.6687000000013;961.7112999999974;985.4635000000098;
4921.00000000007;988.6216000000633;985.4635000000098;962.1513999999975;963.0315999999975;993.1184000000383;985.4635000000098;990.8744000000507;985.4635000000098;979.6687000000013;979.6687000000013;979.6687000000013;979.0526000000013;947.1879999999965;979.6687000000013;961.7112999999974;985.4635000000098;
4921.776114896728;988.6216000000633;985.4635000000098;962.1513999999975;963.0315999999975;993.1184000000383;985.4635000000098;990.8744000000507;985.4635000000098;979.6687000000013;979.6687000000013;979.6687000000013;979.0526000000013;947.1879999999965;979.6687000000013;961.7112999999974;985.4635000000098;
4922.776119673065;988.6128000000633;985.4635000000098;962.1513999999975;963.0315999999975;993.1184000000383;985.4635000000098;990.8656000000508;985.4635000000098;979.6687000000013;979.6687000000013;979.6687000000013;979.0526000000013;947.1879999999965;979.6687000000013;961.7112999999974;985.4635000000098;
4924.000000000069;988.6128000000633;985.4635000000098;962.1513999999975;963.0315999999975;993.1184000000383;985.4635000000098;990.8656000000508;985.4635000000098;979.6687000000013;979.6687000000013;979.6687000000013;979.0526000000013;947.1879999999965;979.6687000000013;961.7112999999974;985.4635000000098;
4925.000000000069;988.6128000000633;985.4635000000098;962.1513999999975;963.0315999999975;993.1184000000383;985.4635000000098;990.8656000000508;985.4635000000098;979.6687000000013;979.6687000000013;979.6687000000013;979.0526000000013;947.1879999999965;979.6687000000013;961.7112999999974;985.4635000000098;
4926.000000000069;988.6128000000633;985.4635000000098;962.1513999999975;963.0315999999975;993.1184000000383;985.4635000000098;990.8656000000508;985.4635000000098;979.6687000000013;979.6687000000013;979.6687000000013;979.0526000000013;947.1879999999965;979.6687000000013;961.7112999999974;985.4635000000098;
4927.000000000069;988.6128000000633;985.4635000000098;962.1513999999975;963.0315999999975;993.1184000000383;985.4635000000098;990.8656000000508;985.4635000000098;979.6687000000013;979.6687000000013;979.6687000000013;979.0526000000013;947.1879999999965;979.6687000000013;961.7112999999974;985.4635000000098;
4928.000000000069;988.6128000000633;985.4635000000098;962.1513999999975;963.0315999999975;993.1184000000383;985.4635000000098;990.8656000000508;985.4635000000098;979.6687000000013;979.6687000000013;979.6687000000013;979.0526000000013;947.1879999999965;979.6687000000013;961.7112999999974;985.4635000000098;
4929.000000000069;988.6128000000633;985.4635000000098;962.1513999999975;963.0315999999975;993.1184000000383;985.4635000000098;990.8656000000508;985.4635000000098;979.6687000000013;979.6687000000013;979.6687000000013;979.0526000000013;947.1879999999965;979.6687000000013;961.7112999999974;985.4635000000098;
4930.000000000069;988.6128000000633;985.4635000000098;962.1513999999975;963.0315999999975;993.1184000000383;985.4635000000098;990.8656000000508;985.4635000000098;979.6687000000013;979.6687000000013;979.6687000000013;979.0526000000013;947.1879999999965;979.6687000000013;961.7112999999974;985.4635000000098;
4931.000000000069;988.6128000000633;985.4635000000098;962.1513999999975;963.0315999999975;993.1184000000383;985.4635000000098;990.8656000000508;985.4635000000098;979.6687000000013;979.6687000000013;979.6687000000013;979.0526000000013;947.1879999999965;979.6687000000013;961.7112999999974;985.4635000000098;
4932.000000000069;988.6128000000633;985.4635000000098;962.1513999999975;963.0315999999975;993.1184000000383;985.4635000000098;990.8656000000508;985.4635000000098;979.6687000000013;979.6687000000013;979.6687000000013;979.0526000000013;947.1879999999965;979.6687000000013;961.7112999999974;985.4635000000098;
4933.000000000069;988.6128000000633;985.4635000000098;962.1513999999975;963.0315999999975;993.1184000000383;985.4635000000098;990.8656000000508;985.4635000000098;979.6687000000013;979.6687000000013;979.6687000000013;979.0526000000013;947.1879999999965;979.6687000000013;961.7112999999974;985.4635000000098;
4934.000000000069;988.6128000000633;985.4635000000098;962.1513999999975;963.0315999999975;993.1184000000383;985.4635000000098;990.8656000000508;985.4635000000098;979.6687000000013;979.6687000000013;979.6687000000013;979.0526000000013;947.1879999999965;979.6687000000013;961.7112999999974;985.4635000000098;
4935.000000000069;988.6128000000633;985.4635000000098;962.1513999999975;963.0315999999975;993.1184000000383;985.4635000000098;990.8656000000508;985.4635000000098;979.6687000000013;979.6687000000013;979.6687000000013;979.0526000000013;947.1879999999965;979.6687000000013;961.7112999999974;985.4635000000098;
4936.000000000069;988.6128000000633;985.4635000000098;962.1513999999975;963.0315999999975;993.1184000000383;985.4635000000098;990.8656000000508;985.4635000000098;979.6687000000013;979.6687000000013;979.6687000000013;979.0526000000013;947.1879999999965;979.6687000000013;961.7112999999974;985.4635000000098;
4937.000000000069;988.6128000000633;985.4635000000098;962.1513999999975;963.0315999999975;993.1184000000383;985.4635000000098;990.8656000000508;985.4635000000098;979.6687000000013;979.6687000000013;979.6687000000013;979.0526000000013;947.1879999999965;979.6687000000013;961.7112999999974;985.4635000000098;
4938.000000000069;988.6128000000633;985.4635000000098;962.1513999999975;963.0315999999975;993.1184000000383;985.4635000000098;990.8656000000508;985.4635000000098;979.6687000000013;979.6687000000013;979.6687000000013;979.0526000000013;947.1879999999965;979.6687000000013;961.7112999999974;985.4635000000098;
4939.000000000069;988.6128000000633;985.4635000000098;962.1513999999975;963.0315999999975;993.1184000000383;985.4635000000098;990.8656000000508;985.4635000000098;979.6687000000013;979.6687000000013;979.6687000000013;979.0526000000013;947.1879999999965;979.6687000000013;961.7112999999974;985.4635000000098;
4940.000000000069;988.6128000000633;985.4635000000098;962.1513999999975;963.0315999999975;993.1184000000383;985.4635000000098;990.8656000000508;985.4635000000098;979.6687000000013;979.6687000000013;979.6687000000013;979.0526000000013;947.1879999999965;979.6687000000013;961.7112999999974;985.4635000000098;
4941.000000000069;988.6128000000633;985.4635000000098;962.1513999999975;963.0315999999975;993.1184000000383;985.4635000000098;990.8656000000508;985.4635000000098;979.6687000000013;979.6687000000013;979.6687000000013;979.0526000000013;947.1879999999965;979.6687000000013;961.7112999999974;985.4635000000098;
4942.000000000069;988.6128000000633;985.4635000000098;962.1513999999975;963.0315999999975;993.1184000000383;985.4635000000098;990.8656000000508;985.4635000000098;979.6687000000013;979.6687000000013;979.6687000000013;979.0526000000013;947.1879999999965;979.6687000000013;961.7112999999974;985.4635000000098;
4943.000000000069;988.6128000000633;985.4635000000098;962.1513999999975;963.0315999999975;993.1184000000383;985.4635000000098;990.8656000000508;985.4635000000098;979.6687000000013;979.6687000000013;979.6687000000013;979.0526000000013;947.1879999999965;979.6687000000013;961.7112999999974;985.4635000000098;
4944.000000000069;988.6128000000633;985.4635000000098;962.1513999999975;963.0315999999975;993.1184000000383;985.4635000000098;990.8656000000508;985.4635000000098;979.6687000000013;979.6687000000013;979.6687000000013;979.0526000000013;947.1879999999965;979.6687000000013;961.7112999999974;985.4635000000098;
4945.000000000069;988.6128000000633;985.4635000000098;962.1513999999975;963.0315999999975;993.1184000000383;985.4635000000098;990.8656000000508;985.4635000000098;979.6687000000013;979.6687000000013;979.6687000000013;979.0526000000013;947.1879999999965;979.6687000000013;961.7112999999974;985.4635000000098;
4946.000000000069;988.6128000000633;985.4635000000098;962.1513999999975;963.0315999999975;993.1184000000383;985.4635000000098;990.8656000000508;985.4635000000098;979.6687000000013;979.6687000000013;979.6687000000013;979.0526000000013;947.1879999999965;979.6687000000013;961.7112999999974;985.4635000000098;
4947.000000000069;988.6128000000633;985.4635000000098;962.1513999999975;963.0315999999975;993.1184000000383;985.4635000000098;990.8656000000508;985.4635000000098;979.6687000000013;979.6687000000013;979.6687000000013;979.0526000000013;947.1879999999965;979.6687000000013;961.7112999999974;985.4635000000098;
4948.000000000069;988.6128000000633;985.4635000000098;962.1513999999975;963.0315999999975;993.1184000000383;985.4635000000098;990.8656000000508;985.4635000000098;979.6687000000013;979.6687000000013;979.6687000000013;979.0526000000013;947.1879999999965;979.6687000000013;961.7112999999974;985.4635000000098;
4949.000000000069;988.6128000000633;985.4635000000098;962.1513999999975;963.0315999999975;993.1184000000383;985.4635000000098;990.8656000000508;985.4635000000098;979.6687000000013;979.6687000000013;979.6687000000013;979.0526000000013;947.1879999999965;979.6687000000013;961.7112999999974;985.4635000000098;
4949.770762081787;988.6128000000633;985.4635000000098;962.1513999999975;963.0315999999975;993.1184000000383;985.4634000000099;990.8656000000508;985.4635000000098;979.6687000000013;979.6687000000013;979.6687000000013;979.0526000000013;947.1879999999965;979.6687000000013;961.7112999999974;985.4635000000098;
4949.770762081787;988.6128000000633;985.4635000000098;962.1513999999975;963.0315999999975;993.1184000000383;985.3754000000099;990.8656000000508;985.4635000000098;979.6687000000013;979.6687000000013;979.6687000000013;979.0526000000013;947.1879999999965;979.6687000000013;961.7112999999974;985.4635000000098;
4949.776078081787;988.6040000000634;985.4635000000098;962.1513999999975;963.0315999999975;993.1184000000383;985.3754000000099;990.8656000000508;985.4635000000098;979.6687000000013;979.6687000000013;979.6687000000013;979.0526000000013;947.1879999999965;979.6687000000013;961.7112999999974;985.4635000000098;
4949.776078081787;988.5952000000634;985.4635000000098;962.1513999999975;963.0315999999975;993.1184000000383;985.3754000000099;990.8656000000508;985.4635000000098;979.6687000000013;979.6687000000013;979.6687000000013;979.0526000000013;947.1879999999965;979.6687000000013;961.7112999999974;985.4635000000098;
4949.781394081787;988.5952000000634;985.4635000000098;962.1513999999975;963.0315999999975;993.1184000000383;985.3754000000099;990.8568000000508;985.4635000000098;979.6687000000013;979.6687000000013;979.6687000000013;979.0526000000013;947.1879999999965;979.6687000000013;961.7112999999974;985.4635000000098;
4949.804066574301;988.5952000000634;985.4635000000098;962.1512999999975;963.0315999999975;993.1184000000383;985.3754000000099;990.8568000000508;985.4635000000098;979.6687000000013;979.6687000000013;979.6687000000013;979.0526000000013;947.1879999999965;979.6687000000013;961.7112999999974;985.4635000000098;
4949.804066574301;988.5952000000634;985.4635000000098;961.7112999999974;963.0315999999975;993.1184000000383;985.3754000000099;990.8568000000508;985.4635000000098;979.6687000000013;979.6687000000013;979.6687000000013;979.0526000000013;947.1879999999965;979.6687000000013;961.7112999999974;985.4635000000098;
4949.809382574301;988.5864000000635;985.4635000000098;961.7112999999974;963.0315999999975;993.1184000000383;985.3754000000099;990.8568000000508;985.4635000000098;979.6687000000013;979.6687000000013;979.6687000000013;979.0526000000013;947.1879999999965;979.6687000000013;961.7112999999974;985.4635000000098;
4949.862497672007;988.5864000000635;985.4635000000098;961.7112999999974;963.0315999999975;993.1184000000383;985.3754000000099;990.8568000000508;985.4635000000098;979.6686000000013;979.6687000000013;979.6687000000013;979.0526000000013;947.1879999999965;979.6687000000013;961.7112999999974;985.4635000000098;
4949.862497672007;988.5864000000635;985.4635000000098;961.7112999999974;963.0315999999975;993.1184000000383;985.3754000000099;990.8568000000508;985.4635000000098;979.0526000000013;979.6687000000013;979.6687000000013;979.0526000000013;947.1879999999965;979.6687000000013;961.7112999999974;985.4635000000098;
4949.867813672006;988.5776000000635;985.4635000000098;961.7112999999974;963.0315999999975;993.1184000000383;985.3754000000099;990.8568000000508;985.4635000000098;979.0526000000013;979.6687000000013;979.6687000000013;979.0526000000013;947.1879999999965;979.6687000000013;961.7112999999974;985.4635000000098;
4949.869112376956;988.5776000000635;985.4635000000098;961.7112999999974;963.0315999999975;993.1184000000383;985.3754000000099;990.8568000000508;985.4635000000098;979.0526000000013;979.6687000000013;979.6687000000013;979.0526000000013;947.1878999999965;979.6687000000013;961.7112999999974;985.4635000000098;
4949.869112376956;988.5776000000635;985.4635000000098;961.7112999999974;963.0315999999975;993.1184000000383;985.3754000000099;990.8568000000508;985.4635000000098;979.0526000000013;979.6687000000013;979.6687000000013;979.0526000000013;946.7478999999964;979.6687000000013;961.7112999999974;985.4635000000098;
4950.776082858123;988.5512000000637;985.3754000000099;961.7112999999974;962.5914999999975;993.0744000000385;985.3754000000099;990.8480000000509;985.3754000000099;979.0526000000013;979.0526000000013;979.0526000000013;979.0526000000013;946.7478999999964;979.0526000000013;961.7112999999974;985.3754000000099;
4951.77608763446;988.5424000000637;985.3754000000099;961.7112999999974;962.5914999999975;993.0656000000386;985.3754000000099;990.830400000051;985.3754000000099;979.0526000000013;979.0526000000013;979.0526000000013;979.0526000000013;946.7478999999964;979.0526000000013;961.7112999999974;985.3754000000099;
4951.87440808291;988.5336000000638;985.3754000000099;961.7112999999974;962.5914999999975;993.0656000000386;985.3754000000099;990.821600000051;985.3754000000099;979.0526000000013;979.0526000000013;979.0526000000013;979.0526000000013;946.7478999999964;979.0526000000013;961.7112999999974;985.3754000000099;
4952.776092410797;988.5336000000638;985.3754000000099;961.7112999999974;962.5914999999975;993.0568000000386;985.3754000000099;990.8128000000511;985.3754000000099;979.0526000000013;979.0526000000013;979.0526000000013;979.0526000000013;946.7478999999964;979.0526000000013;961.7112999999974;985.3754000000099;
4953.776097187134;988.5248000000638;985.3754000000099;961.7112999999974;962.5914999999975;993.0480000000387;985.3754000000099;990.7952000000512;985.3754000000099;979.0526000000013;979.0526000000013;979.0526000000013;979.0526000000013;946.7478999999964;979.0526000000013;961.7112999999974;985.3754000000099;
4954.000000000067;988.5160000000639;985.3754000000099;961.7112999999974;962.5914999999975;993.0480000000387;985.3754000000099;990.7864000000512;985.3754000000099;979.0526000000013;979.0526000000013;979.0526000000013;979.0526000000013;946.7478999999964;979.0526000000013;961.7112999999974;985.3754000000099;
4954.776101963472;988.5160000000639;985.3754000000099;961.7112999999974;962.5914999999975;993.0480000000387;985.3754000000099;990.7864000000512;985.3754000000099;979.0526000000013;979.0526000000013;979.0526000000013;979.0526000000013;946.7478999999964;979.0526000000013;961.7112999999974;985.3754000000099;
4955.776106739809;988.5072000000639;985.3754000000099;961.7112999999974;962.5914999999975;993.0480000000387;985.3754000000099;990.7776000000513;985.3754000000099;979.0526000000013;979.0526000000013;979.0526000000013;979.0526000000013;946.7478999999964;979.0526000000013;961.7112999999974;985.3754000000099;
4956.000000000067;988.5072000000639;985.3754000000099;961.7112999999974;962.5914999999975;993.0480000000387;985.3754000000099;990.7776000000513;985.3754000000099;979.0526000000013;979.0526000000013;979.0526000000013;979.0526000000013;946.7478999999964;979.0526000000013;961.7112999999974;985.3754000000099;
4957.000000000067;988.5072000000639;985.3754000000099;961.7112999999974;962.5914999999975;993.0480000000387;985.3754000000099;990.7776000000513;985.3754000000099;979.0526000000013;979.0526000000013;979.0526000000013;979.0526000000013;946.7478999999964;979.0526000000013;961.7112999999974;985.3754000000099;
4958.000000000067;988.5072000000639;985.3754000000099;961.7112999999974;962.5914999999975;993.0480000000387;985.3754000000099;990.7776000000513;985.3754000000099;979.0526000000013;979.0526000000013;979.0526000000013;979.0526000000013;946.7478999999964;979.0526000000013;961.7112999999974;985.3754000000099;
4959.000000000067;988.5072000000639;985.3754000000099;961.7112999999974;962.5914999999975;993.0480000000387;985.3754000000099;990.7776000000513;985.3754000000099;979.0526000000013;979.0526000000013;979.0526000000013;979.0526000000013;946.7478999999964;979.0526000000013;961.7112999999974;985.3754000000099;
4960.000000000067;988.5072000000639;985.3754000000099;961.7112999999974;962.5914999999975;993.0480000000387;985.3754000000099;990.7776000000513;985.3754000000099;979.0526000000013;979.0526000000013;979.0526000000013;979.0526000000013;946.7478999999964;979.0526000000013;961.7112999999974;985.3754000000099;
4961.000000000067;988.5072000000639;985.3754000000099;961.7112999999974;962.5914999999975;993.0480000000387;985.3754000000099;990.7776000000513;985.3754000000099;979.0526000000013;979.0526000000013;979.0526000000013;979.0526000000013;946.7478999999964;979.0526000000013;961.7112999999974;985.3754000000099;
4962.000000000067;988.5072000000639;985.3754000000099;961.7112999999974;962.5914999999975;993.0480000000387;985.3754000000099;990.7776000000513;985.3754000000099;979.0526000000013;979.0526000000013;979.0526000000013;979.0526000000013;946.7478999999964;979.0526000000013;961.7112999999974;985.3754000000099;
4963.000000000067;988.5072000000639;985.3754000000099;961.7112999999974;962.5914999999975;993.0480000000387;985.3754000000099;990.7776000000513;985.3754000000099;979.0526000000013;979.0526000000013;979.0526000000013;979.0526000000013;946.7478999999964;979.0526000000013;961.7112999999974;985.3754000000099;
4964.000000000067;988.5072000000639;985.3754000000099;961.7112999999974;962.5914999999975;993.0480000000387;985.3754000000099;990.7776000000513;985.3754000000099;979.0526000000013;979.0526000000013;979.0526000000013;979.0526000000013;946.7478999999964;979.0526000000013;961.7112999999974;985.3754000000099;
4965.000000000067;988.5072000000639;985.3754000000099;961.7112999999974;962.5914999999975;993.0480000000387;985.3754000000099;990.7776000000513;985.3754000000099;979.0526000000013;979.0526000000013;979.0526000000013;979.0526000000013;946.7478999999964;979.0526000000013;961.7112999999974;985.3754000000099;
4966.000000000067;988.5072000000639;985.3754000000099;961.7112999999974;962.5914999999975;993.0480000000387;985.3754000000099;990.7776000000513;985.3754000000099;979.0526000000013;979.0526000000013;979.0526000000013;979.0526000000013;946.7478999999964;979.0526000000013;961.7112999999974;985.3754000000099;
4967.000000000067;988.5072000000639;985.3754000000099;961.7112999999974;962.5914999999975;993.0480000000387;985.3754000000099;990.7776000000513;985.3754000000099;979.0526000000013;979.0526000000013;979.0526000000013;979.0526000000013;946.7478999999964;979.0526000000013;961.7112999999974;985.3754000000099;
4968.000000000067;988.5072000000639;985.3754000000099;961.7112999999974;962.5914999999975;993.0480000000387;985.3754000000099;990.7776000000513;985.3754000000099;979.0526000000013;979.0526000000013;979.0526000000013;979.0526000000013;946.7478999999964;979.0526000000013;961.7112999999974;985.3754000000099;
4969.000000000067;988.5072000000639;985.3754000000099;961.7112999999974;962.5914999999975;993.0480000000387;985.3754000000099;990.7776000000513;985.3754000000099;979.0526000000013;979.0526000000013;979.0526000000013;979.0526000000013;946.7478999999964;979.0526000000013;961.7112999999974;985.3754000000099;
4970.000000000067;988.5072000000639;985.3754000000099;961.7112999999974;962.5914999999975;993.0480000000387;985.3754000000099;990.7776000000513;985.3754000000099;979.0526000000013;979.0526000000013;979.0526000000013;979.0526000000013;946.7478999999964;979.0526000000013;961.7112999999974;985.3754000000099;
4971.000000000067;988.5072000000639;985.3754000000099;961.7112999999974;962.5914999999975;993.0480000000387;985.3754000000099;990.7776000000513;985.3754000000099;979.0526000000013;979.0526000000013;979.0526000000013;979.0526000000013;946.7478999999964;979.0526000000013;961.7112999999974;985.3754000000099;
4972.000000000067;988.5072000000639;985.3754000000099;961.7112999999974;962.5914999999975;993.0480000000387;985.3754000000099;990.7776000000513;985.3754000000099;979.0526000000013;979.0526000000013;979.0526000000013;979.0526000000013;946.7478999999964;979.0526000000013;961.7112999999974;985.3754000000099;
4973.000000000067;988.5072000000639;985.3754000000099;961.7112999999974;962.5914999999975;993.0480000000387;985.3754000000099;990.7776000000513;985.3754000000099;979.0526000000013;979.0526000000013;979.0526000000013;979.0526000000013;946.7478999999964;979.0526000000013;961.7112999999974;985.3754000000099;
4974.000000000067;988.5072000000639;985.3754000000099;961.7112999999974;962.5914999999975;993.0480000000387;985.3754000000099;990.7776000000513;985.3754000000099;979.0526000000013;979.0526000000013;979.0526000000013;979.0526000000013;946.7478999999964;979.0526000000013;961.7112999999974;985.3754000000099;
4975.000000000067;988.5072000000639;985.3754000000099;961.7112999999974;962.5914999999975;993.0480000000387;985.3754000000099;990.7776000000513;985.3754000000099;979.0526000000013;979.0526000000013;979.0526000000013;979.0526000000013;946.7478999999964;979.0526000000013;961.7112999999974;985.3754000000099;
4976.000000000067;988.5072000000639;985.3754000000099;961.7112999999974;962.5914999999975;993.0480000000387;985.3754000000099;990.7776000000513;985.3754000000099;979.0526000000013;979.0526000000013;979.0526000000013;979.0526000000013;946.7478999999964;979.0526000000013;961.7112999999974;985.3754000000099;
4977.000000000067;988.5072000000639;985.3754000000099;961.7112999999974;962.5914999999975;993.0480000000387;985.3754000000099;990.7776000000513;985.3754000000099;979.0526000000013;979.0526000000013;979.0526000000013;979.0526000000013;946.7478999999964;979.0526000000013;961.7112999999974;985.3754000000099;
4978.000000000067;988.5072000000639;985.3754000000099;961.7112999999974;962.5914999999975;993.0480000000387;985.3754000000099;990.7776000000513;985.3754000000099;979.0526000000013;979.0526000000013;979.0526000000013;979.0526000000013;946.7478999999964;979.0526000000013;961.7112999999974;985.3754000000099;
4979.000000000067;988.5072000000639;985.3754000000099;961.7112999999974;962.5914999999975;993.0480000000387;985.3754000000099;990.7776000000513;985.3754000000099;979.0526000000013;979.0526000000013;979.0526000000013;979.0526000000013;946.7478999999964;979.0526000000013;961.7112999999974;985.3754000000099;
4979.770734819519;988.5072000000639;985.3754000000099;961.7112999999974;962.5914999999975;993.0480000000387;985.3753000000099;990.7776000000513;985.3754000000099;979.0526000000013;979.0526000000013;979.0526000000013;979.0526000000013;946.7478999999964;979.0526000000013;961.7112999999974;985.3754000000099;
4979.770734819519;988.5072000000639;985.3754000000099;961.7112999999974;962.5914999999975;993.0480000000387;985.28730000001;990.7776000000513;985.3754000000099;979.0526000000013;979.0526000000013;979.0526000000013;979.0526000000013;946.7478999999964;979.0526000000013;961.7112999999974;985.3754000000099;
4979.776050819519;988.498400000064;985.3754000000099;961.7112999999974;962.5914999999975;993.0480000000387;985.28730000001;990.7776000000513;985.3754000000099;979.0526000000013;979.0526000000013;979.0526000000013;979.0526000000013;946.7478999999964;979.0526000000013;961.7112999999974;985.3754000000099;
4979.776050819519;988.489600000064;985.3754000000099;961.7112999999974;962.5914999999975;993.0480000000387;985.28730000001;990.7776000000513;985.3754000000099;979.0526000000013;979.0526000000013;979.0526000000013;979.0526000000013;946.7478999999964;979.0526000000013;961.7112999999974;985.3754000000099;
4979.781366819519;988.489600000064;985.3754000000099;961.7112999999974;962.5914999999975;993.0480000000387;985.28730000001;990.7688000000513;985.3754000000099;979.0526000000013;979.0526000000013;979.0526000000013;979.0526000000013;946.7478999999964;979.0526000000013;961.7112999999974;985.3754000000099;
4979.867384766825;988.489600000064;985.3754000000099;961.7112999999974;962.5914999999975;993.0480000000387;985.28730000001;990.7688000000513;985.3754000000099;979.0526000000013;979.0526000000013;979.0526000000013;979.0526000000013;946.7477999999965;979.0526000000013;961.7112999999974;985.3754000000099;
4979.867384766825;988.489600000064;985.3754000000099;961.7112999999974;962.5914999999975;993.0480000000387;985.28730000001;990.7688000000513;985.3754000000099;979.0526000000013;979.0526000000013;979.0526000000013;979.0526000000013;946.3077999999964;979.0526000000013;961.7112999999974;985.3754000000099;
4979.872700766825;988.489600000064;985.3754000000099;961.7112999999974;962.5914999999975;993.0392000000387;985.28730000001;990.7688000000513;985.3754000000099;979.0526000000013;979.0526000000013;979.0526000000013;979.0526000000013;946.3077999999964;979.0526000000013;961.7112999999974;985.3754000000099;
4979.872700766825;988.489600000064;985.3754000000099;961.7112999999974;962.5914999999975;993.0304000000388;985.28730000001;990.7688000000513;985.3754000000099;979.0526000000013;979.0526000000013;979.0526000000013;979.0526000000013;946.3077999999964;979.0526000000013;961.7112999999974;985.3754000000099;
4979.878016766825;988.489600000064;985.3754000000099;961.7112999999974;962.5914999999975;993.0304000000388;985.28730000001;990.7600000000514;985.3754000000099;979.0526000000013;979.0526000000013;979.0526000000013;979.0526000000013;946.3077999999964;979.0526000000013;961.7112999999974;985.3754000000099;
4979.9402604457155;988.489600000064;985.3754000000099;961.7112999999974;962.5914999999975;993.0304000000388;985.28730000001;990.7600000000514;985.3753000000099;979.0526000000013;979.0526000000013;979.0526000000013;979.0526000000013;946.3077999999964;979.0526000000013;961.7112999999974;985.3754000000099;
4980.776055595854;988.4720000000641;985.28730000001;961.7112999999974;962.5914999999975;993.0216000000388;985.28730000001;990.7600000000514;985.28730000001;979.0526000000013;979.0526000000013;979.0526000000013;979.0526000000013;946.3077999999964;979.0526000000013;961.2711999999974;985.28730000001;
4981.776060372191;988.4632000000641;985.28730000001;961.7112999999974;962.5914999999975;993.0128000000389;985.28730000001;990.7424000000515;985.28730000001;979.0526000000013;979.0526000000013;979.0526000000013;979.0526000000013;946.3077999999964;979.0526000000013;961.2711999999974;985.28730000001;
4982.000000000065;988.4544000000642;985.28730000001;961.7112999999974;962.5914999999975;993.0128000000389;985.28730000001;990.7336000000515;985.28730000001;979.0526000000013;979.0526000000013;979.0526000000013;979.0526000000013;946.3077999999964;979.0526000000013;961.2711999999974;985.28730000001;
4982.776065148528;988.4544000000642;985.28730000001;961.7112999999974;962.5914999999975;993.0128000000389;985.28730000001;990.7336000000515;985.28730000001;979.0526000000013;979.0526000000013;979.0526000000013;979.0526000000013;946.3077999999964;979.0526000000013;961.2711999999974;985.28730000001;
4984.000000000065;988.4544000000642;985.28730000001;961.7112999999974;962.5914999999975;993.0128000000389;985.28730000001;990.7336000000515;985.28730000001;979.0526000000013;979.0526000000013;979.0526000000013;979.0526000000013;946.3077999999964;979.0526000000013;961.2711999999974;985.28730000001;
4985.000000000065;988.4544000000642;985.28730000001;961.7112999999974;962.5914999999975;993.0128000000389;985.28730000001;990.7336000000515;985.28730000001;979.0526000000013;979.0526000000013;979.0526000000013;979.0526000000013;946.3077999999964;979.0526000000013;961.2711999999974;985.28730000001;
4986.000000000065;988.4544000000642;985.28730000001;961.7112999999974;962.5914999999975;993.0128000000389;985.28730000001;990.7336000000515;985.28730000001;979.0526000000013;979.0526000000013;979.0526000000013;979.0526000000013;946.3077999999964;979.0526000000013;961.2711999999974;985.28730000001;
4987.000000000065;988.4544000000642;985.28730000001;961.7112999999974;962.5914999999975;993.0128000000389;985.28730000001;990.7336000000515;985.28730000001;979.0526000000013;979.0526000000013;979.0526000000013;979.0526000000013;946.3077999999964;979.0526000000013;961.2711999999974;985.28730000001;
4988.000000000065;988.4544000000642;985.28730000001;961.7112999999974;962.5914999999975;993.0128000000389;985.28730000001;990.7336000000515;985.28730000001;979.0526000000013;979.0526000000013;979.0526000000013;979.0526000000013;946.3077999999964;979.0526000000013;961.2711999999974;985.28730000001;
4989.000000000065;988.4544000000642;985.28730000001;961.7112999999974;962.5914999999975;993.0128000000389;985.28730000001;990.7336000000515;985.28730000001;979.0526000000013;979.0526000000013;979.0526000000013;979.0526000000013;946.3077999999964;979.0526000000013;961.2711999999974;985.28730000001;
4990.000000000065;988.4544000000642;985.28730000001;961.7112999999974;962.5914999999975;993.0128000000389;985.28730000001;990.7336000000515;985.28730000001;979.0526000000013;979.0526000000013;979.0526000000013;979.0526000000013;946.3077999999964;979.0526000000013;961.2711999999974;985.28730000001;
4991.000000000065;988.4544000000642;985.28730000001;961.7112999999974;962.5914999999975;993.0128000000389;985.28730000001;990.7336000000515;985.28730000001;979.0526000000013;979.0526000000013;979.0526000000013;979.0526000000013;946.3077999999964;979.0526000000013;961.2711999999974;985.28730000001;
4992.000000000065;988.4544000000642;985.28730000001;961.7112999999974;962.5914999999975;993.0128000000389;985.28730000001;990.7336000000515;985.28730000001;979.0526000000013;979.0526000000013;979.0526000000013;979.0526000000013;946.3077999999964;979.0526000000013;961.2711999999974;985.28730000001;
4993.000000000065;988.4544000000642;985.28730000001;961.7112999999974;962.5914999999975;993.0128000000389;985.28730000001;990.7336000000515;985.28730000001;979.0526000000013;979.0526000000013;979.0526000000013;979.0526000000013;946.3077999999964;979.0526000000013;961.2711999999974;985.28730000001;
4994.000000000065;988.4544000000642;985.28730000001;961.7112999999974;962.5914999999975;993.0128000000389;985.28730000001;990.7336000000515;985.28730000001;979.0526000000013;979.0526000000013;979.0526000000013;979.0526000000013;946.3077999999964;979.0526000000013;961.2711999999974;985.28730000001;
4995.000000000065;988.4544000000642;985.28730000001;961.7112999999974;962.5914999999975;993.0128000000389;985.28730000001;990.7336000000515;985.28730000001;979.0526000000013;979.0526000000013;979.0526000000013;979.0526000000013;946.3077999999964;979.0526000000013;961.2711999999974;985.28730000001;
4996.000000000065;988.4544000000642;985.28730000001;961.7112999999974;962.5914999999975;993.0128000000389;985.28730000001;990.7336000000515;985.28730000001;979.0526000000013;979.0526000000013;979.0526000000013;979.0526000000013;946.3077999999964;979.0526000000013;961.2711999999974;985.28730000001;
4997.000000000065;988.4544000000642;985.28730000001;961.7112999999974;962.5914999999975;993.0128000000389;985.28730000001;990.7336000000515;985.28730000001;979.0526000000013;979.0526000000013;979.0526000000013;979.0526000000013;946.3077999999964;979.0526000000013;961.2711999999974;985.28730000001;
4998.000000000065;988.4544000000642;985.28730000001;961.7112999999974;962.5914999999975;993.0128000000389;985.28730000001;990.7336000000515;985.28730000001;979.0526000000013;979.0526000000013;979.0526000000013;979.0526000000013;946.3077999999964;979.0526000000013;961.2711999999974;985.28730000001;
4999.000000000065;988.4544000000642;985.28730000001;961.7112999999974;962.5914999999975;993.0128000000389;985.28730000001;990.7336000000515;985.28730000001;979.0526000000013;979.0526000000013;979.0526000000013;979.0526000000013;946.3077999999964;979.0526000000013;961.2711999999974;985.28730000001;
5000.000000000065;988.4544000000642;985.28730000001;961.7112999999974;962.5914999999975;993.0128000000389;985.28730000001;990.7336000000515;985.28730000001;979.0526000000013;979.0526000000013;979.0526000000013;979.0526000000013;946.3077999999964;979.0526000000013;961.2711999999974;985.28730000001;
5001.000000000065;988.4544000000642;985.28730000001;961.7112999999974;962.5914999999975;993.0128000000389;985.28730000001;990.7336000000515;985.28730000001;979.0526000000013;979.0526000000013;979.0526000000013;979.0526000000013;946.3077999999964;979.0526000000013;961.2711999999974;985.28730000001;
5002.000000000065;988.4544000000642;985.28730000001;961.7112999999974;962.5914999999975;993.0128000000389;985.28730000001;990.7336000000515;985.28730000001;979.0526000000013;979.0526000000013;979.0526000000013;979.0526000000013;946.3077999999964;979.0526000000013;961.2711999999974;985.28730000001;
5003.000000000065;988.4544000000642;985.28730000001;961.7112999999974;962.5914999999975;993.0128000000389;985.28730000001;990.7336000000515;985.28730000001;979.0526000000013;979.0526000000013;979.0526000000013;979.0526000000013;946.3077999999964;979.0526000000013;961.2711999999974;985.28730000001;
5004.000000000065;988.4544000000642;985.28730000001;961.7112999999974;962.5914999999975;993.0128000000389;985.28730000001;990.7336000000515;985.28730000001;979.0526000000013;979.0526000000013;979.0526000000013;979.0526000000013;946.3077999999964;979.0526000000013;961.2711999999974;985.28730000001;
5005.000000000065;988.4544000000642;985.28730000001;961.7112999999974;962.5914999999975;993.0128000000389;985.28730000001;990.7336000000515;985.28730000001;979.0526000000013;979.0526000000013;979.0526000000013;979.0526000000013;946.3077999999964;979.0526000000013;961.2711999999974;985.28730000001;
5006.000000000065;988.4544000000642;985.28730000001;961.7112999999974;962.5914999999975;993.0128000000389;985.28730000001;990.7336000000515;985.28730000001;979.0526000000013;979.0526000000013;979.0526000000013;979.0526000000013;946.3077999999964;979.0526000000013;961.2711999999974;985.28730000001;
5007.000000000065;988.4544000000642;985.28730000001;961.7112999999974;962.5914999999975;993.0128000000389;985.28730000001;990.7336000000515;985.28730000001;979.0526000000013;979.0526000000013;979.0526000000013;979.0526000000013;946.3077999999964;979.0526000000013;961.2711999999974;985.28730000001;
5008.000000000065;988.4544000000642;985.28730000001;961.7112999999974;962.5914999999975;993.0128000000389;985.28730000001;990.7336000000515;985.28730000001;979.0526000000013;979.0526000000013;979.0526000000013;979.0526000000013;946.3077999999964;979.0526000000013;961.2711999999974;985.28730000001;
5009.000000000065;988.4544000000642;985.28730000001;961.7112999999974;962.5914999999975;993.0128000000389;985.28730000001;990.7336000000515;985.28730000001;979.0526000000013;979.0526000000013;979.0526000000013;979.0526000000013;946.3077999999964;979.0526000000013;961.2711999999974;985.28730000001;
5009.77070755725;988.4544000000642;985.28730000001;961.7112999999974;962.5914999999975;993.0128000000389;985.28720000001;990.7336000000515;985.28730000001;979.0526000000013;979.0526000000013;979.0526000000013;979.0526000000013;946.3077999999964;979.0526000000013;961.2711999999974;985.28730000001;
5009.77070755725;988.4544000000642;985.28730000001;961.7112999999974;962.5914999999975;993.0128000000389;985.19920000001;990.7336000000515;985.28730000001;979.0526000000013;979.0526000000013;979.0526000000013;979.0526000000013;946.3077999999964;979.0526000000013;961.2711999999974;985.28730000001;
5009.77602355725;988.4456000000642;985.28730000001;961.7112999999974;962.5914999999975;993.0128000000389;985.19920000001;990.7336000000515;985.28730000001;979.0526000000013;979.0526000000013;979.0526000000013;979.0526000000013;946.3077999999964;979.0526000000013;961.2711999999974;985.28730000001;
5009.77602355725;988.4368000000643;985.28730000001;961.7112999999974;962.5914999999975;993.0128000000389;985.19920000001;990.7336000000515;985.28730000001;979.0526000000013;979.0526000000013;979.0526000000013;979.0526000000013;946.3077999999964;979.0526000000013;961.2711999999974;985.28730000001;
5009.781339557249;988.4368000000643;985.28730000001;961.7112999999974;962.5914999999975;993.0128000000389;985.19920000001;990.7248000000516;985.28730000001;979.0526000000013;979.0526000000013;979.0526000000013;979.0526000000013;946.3077999999964;979.0526000000013;961.2711999999974;985.28730000001;
5009.804074008442;988.4368000000643;985.28730000001;961.7111999999975;962.5914999999975;993.0128000000389;985.19920000001;990.7248000000516;985.28730000001;979.0526000000013;979.0526000000013;979.0526000000013;979.0526000000013;946.3077999999964;979.0526000000013;961.2711999999974;985.28730000001;
5009.804074008442;988.4368000000643;985.28730000001;961.2711999999974;962.5914999999975;993.0128000000389;985.19920000001;990.7248000000516;985.28730000001;979.0526000000013;979.0526000000013;979.0526000000013;979.0526000000013;946.3077999999964;979.0526000000013;961.2711999999974;985.28730000001;
5009.809390008441;988.4280000000643;985.28730000001;961.2711999999974;962.5914999999975;993.0128000000389;985.19920000001;990.7248000000516;985.28730000001;979.0526000000013;979.0526000000013;979.0526000000013;979.0526000000013;946.3077999999964;979.0526000000013;961.2711999999974;985.28730000001;
5009.865657156693;988.4280000000643;985.28730000001;961.2711999999974;962.5914999999975;993.0128000000389;985.19920000001;990.7248000000516;985.28730000001;979.0526000000013;979.0526000000013;979.0526000000013;979.0526000000013;946.3076999999964;979.0526000000013;961.2711999999974;985.28730000001;
5009.865657156693;988.4280000000643;985.28730000001;961.2711999999974;962.5914999999975;993.0128000000389;985.19920000001;990.7248000000516;985.28730000001;979.0526000000013;979.0526000000013;979.0526000000013;979.0526000000013;945.8676999999964;979.0526000000013;961.2711999999974;985.28730000001;
5009.870973156692;988.4280000000643;985.28730000001;961.2711999999974;962.5914999999975;993.0040000000389;985.19920000001;990.7248000000516;985.28730000001;979.0526000000013;979.0526000000013;979.0526000000013;979.0526000000013;945.8676999999964;979.0526000000013;961.2711999999974;985.28730000001;
5009.870973156692;988.4280000000643;985.28730000001;961.2711999999974;962.5914999999975;992.995200000039;985.19920000001;990.7248000000516;985.28730000001;979.0526000000013;979.0526000000013;979.0526000000013;979.0526000000013;945.8676999999964;979.0526000000013;961.2711999999974;985.28730000001;
5009.939265627141;988.4280000000643;985.28730000001;961.2711999999974;962.5913999999975;992.995200000039;985.19920000001;990.7160000000516;985.28730000001;979.0526000000013;979.0526000000013;979.0526000000013;979.0526000000013;945.8676999999964;979.0526000000013;961.2711999999974;985.28730000001;
5010.776028333585;988.4104000000644;985.19920000001;961.2711999999974;962.1513999999975;992.986400000039;985.19920000001;990.7160000000516;985.19920000001;979.0526000000013;979.0526000000013;979.0526000000013;979.0526000000013;945.8676999999964;979.0526000000013;961.2711999999974;985.19920000001;
5011.776033109922;988.4016000000645;985.19920000001;961.2711999999974;962.1513999999975;992.977600000039;985.19920000001;990.6984000000517;985.19920000001;979.0526000000013;979.0526000000013;979.0526000000013;979.0526000000013;945.8676999999964;979.0526000000013;961.2711999999974;985.19920000001;
5012.000000000062;988.3928000000645;985.19920000001;961.2711999999974;962.1513999999975;992.977600000039;985.19920000001;990.6896000000518;985.19920000001;979.0526000000013;979.0526000000013;979.0526000000013;979.0526000000013;945.8676999999964;979.0526000000013;961.2711999999974;985.19920000001;
5012.776037886259;988.3928000000645;985.19920000001;961.2711999999974;962.1513999999975;992.977600000039;985.19920000001;990.6896000000518;985.19920000001;979.0526000000013;979.0526000000013;979.0526000000013;979.0526000000013;945.8676999999964;979.0526000000013;961.2711999999974;985.19920000001;
5013.776042662596;988.3840000000646;985.19920000001;961.2711999999974;962.1513999999975;992.977600000039;985.19920000001;990.6808000000518;985.19920000001;979.0526000000013;979.0526000000013;979.0526000000013;979.0526000000013;945.8676999999964;979.0526000000013;961.2711999999974;985.19920000001;
5015.000000000062;988.3840000000646;985.19920000001;961.2711999999974;962.1513999999975;992.977600000039;985.19920000001;990.6808000000518;985.19920000001;979.0526000000013;979.0526000000013;979.0526000000013;979.0526000000013;945.8676999999964;979.0526000000013;961.2711999999974;985.19920000001;
5016.000000000062;988.3840000000646;985.19920000001;961.2711999999974;962.1513999999975;992.977600000039;985.19920000001;990.6808000000518;985.19920000001;979.0526000000013;979.0526000000013;979.0526000000013;979.0526000000013;945.8676999999964;979.0526000000013;961.2711999999974;985.19920000001;
5017.000000000062;988.3840000000646;985.19920000001;961.2711999999974;962.1513999999975;992.977600000039;985.19920000001;990.6808000000518;985.19920000001;979.0526000000013;979.0526000000013;979.0526000000013;979.0526000000013;945.8676999999964;979.0526000000013;961.2711999999974;985.19920000001;
5018.000000000062;988.3840000000646;985.19920000001;961.2711999999974;962.1513999999975;992.977600000039;985.19920000001;990.6808000000518;985.19920000001;979.0526000000013;979.0526000000013;979.0526000000013;979.0526000000013;945.8676999999964;979.0526000000013;961.2711999999974;985.19920000001;
5019.000000000062;988.3840000000646;985.19920000001;961.2711999999974;962.1513999999975;992.977600000039;985.19920000001;990.6808000000518;985.19920000001;979.0526000000013;979.0526000000013;979.0526000000013;979.0526000000013;945.8676999999964;979.0526000000013;961.2711999999974;985.19920000001;
5020.000000000062;988.3840000000646;985.19920000001;961.2711999999974;962.1513999999975;992.977600000039;985.19920000001;990.6808000000518;985.19920000001;979.0526000000013;979.0526000000013;979.0526000000013;979.0526000000013;945.8676999999964;979.0526000000013;961.2711999999974;985.19920000001;
5021.000000000062;988.3840000000646;985.19920000001;961.2711999999974;962.1513999999975;992.977600000039;985.19920000001;990.6808000000518;985.19920000001;979.0526000000013;979.0526000000013;979.0526000000013;979.0526000000013;945.8676999999964;979.0526000000013;961.2711999999974;985.19920000001;
5022.000000000062;988.3840000000646;985.19920000001;961.2711999999974;962.1513999999975;992.977600000039;985.19920000001;990.6808000000518;985.19920000001;979.0526000000013;979.0526000000013;979.0526000000013;979.0526000000013;945.8676999999964;979.0526000000013;961.2711999999974;985.19920000001;
5023.000000000062;988.3840000000646;985.19920000001;961.2711999999974;962.1513999999975;992.977600000039;985.19920000001;990.6808000000518;985.19920000001;979.0526000000013;979.0526000000013;979.0526000000013;979.0526000000013;945.8676999999964;979.0526000000013;961.2711999999974;985.19920000001;
5024.000000000062;988.3840000000646;985.19920000001;961.2711999999974;962.1513999999975;992.977600000039;985.19920000001;990.6808000000518;985.19920000001;979.0526000000013;979.0526000000013;979.0526000000013;979.0526000000013;945.8676999999964;979.0526000000013;961.2711999999974;985.19920000001;
5025.000000000062;988.3840000000646;985.19920000001;961.2711999999974;962.1513999999975;992.977600000039;985.19920000001;990.6808000000518;985.19920000001;979.0526000000013;979.0526000000013;979.0526000000013;979.0526000000013;945.8676999999964;979.0526000000013;961.2711999999974;985.19920000001;
5025.024266423757;988.3840000000646;985.19920000001;961.2711999999974;962.1513999999975;992.977600000039;985.19920000001;990.6808000000518;985.19920000001;979.0526000000013;979.0526000000013;979.0526000000013;979.0525000000014;945.8676999999964;979.0526000000013;961.2711999999974;985.19920000001;
5025.024266423757;988.3840000000646;985.19920000001;961.2711999999974;962.1513999999975;992.977600000039;985.19920000001;990.6808000000518;985.19920000001;979.0526000000013;979.0526000000013;979.0526000000013;978.4365000000014;945.8676999999964;979.0526000000013;961.2711999999974;985.19920000001;
5025.029582423756;988.3840000000646;985.19920000001;961.2711999999974;962.1513999999975;992.9688000000391;985.19920000001;990.6808000000518;985.19920000001;979.0526000000013;979.0526000000013;979.0526000000013;978.4365000000014;945.8676999999964;979.0526000000013;961.2711999999974;985.19920000001;
5025.029582423756;988.3840000000646;985.19920000001;961.2711999999974;962.1513999999975;992.9600000000391;985.19920000001;990.6808000000518;985.19920000001;979.0526000000013;979.0526000000013;979.0526000000013;978.4365000000014;945.8676999999964;979.0526000000013;961.2711999999974;985.19920000001;
5025.034898423756;988.3840000000646;985.19920000001;961.2711999999974;962.1513999999975;992.9600000000391;985.19920000001;990.6720000000519;985.19920000001;979.0526000000013;979.0526000000013;979.0526000000013;978.4365000000014;945.8676999999964;979.0526000000013;961.2711999999974;985.19920000001;
5026.000000000062;988.3840000000646;985.19920000001;961.2711999999974;962.1513999999975;992.9600000000391;985.19920000001;990.6720000000519;985.19920000001;979.0526000000013;979.0526000000013;979.0526000000013;978.4365000000014;945.8676999999964;979.0526000000013;961.2711999999974;985.19920000001;
5026.029572276734;988.3840000000646;985.19920000001;961.2711999999974;962.1513999999975;992.9600000000391;985.19920000001;990.6720000000519;985.19920000001;979.0526000000013;979.0526000000013;979.0526000000013;978.4365000000014;945.8676999999964;979.0526000000013;961.2711999999974;985.19920000001;
5027.000000000062;988.3840000000646;985.19920000001;961.2711999999974;962.1513999999975;992.9600000000391;985.19920000001;990.6720000000519;985.19920000001;979.0526000000013;979.0526000000013;979.0526000000013;978.4365000000014;945.8676999999964;979.0526000000013;961.2711999999974;985.19920000001;
5028.000000000062;988.3840000000646;985.19920000001;961.2711999999974;962.1513999999975;992.9600000000391;985.19920000001;990.6720000000519;985.19920000001;979.0526000000013;979.0526000000013;979.0526000000013;978.4365000000014;945.8676999999964;979.0526000000013;961.2711999999974;985.19920000001;
5029.000000000062;988.3840000000646;985.19920000001;961.2711999999974;962.1513999999975;992.9600000000391;985.19920000001;990.6720000000519;985.19920000001;979.0526000000013;979.0526000000013;979.0526000000013;978.4365000000014;945.8676999999964;979.0526000000013;961.2711999999974;985.19920000001;
5030.000000000062;988.3840000000646;985.19920000001;961.2711999999974;962.1513999999975;992.9600000000391;985.19920000001;990.6720000000519;985.19920000001;979.0526000000013;979.0526000000013;979.0526000000013;978.4365000000014;945.8676999999964;979.0526000000013;961.2711999999974;985.19920000001;
5031.000000000062;988.3840000000646;985.19920000001;961.2711999999974;962.1513999999975;992.9600000000391;985.19920000001;990.6720000000519;985.19920000001;979.0526000000013;979.0526000000013;979.0526000000013;978.4365000000014;945.8676999999964;979.0526000000013;961.2711999999974;985.19920000001;
5032.000000000062;988.3840000000646;985.19920000001;961.2711999999974;962.1513999999975;992.9600000000391;985.19920000001;990.6720000000519;985.19920000001;979.0526000000013;979.0526000000013;979.0526000000013;978.4365000000014;945.8676999999964;979.0526000000013;961.2711999999974;985.19920000001;
5033.000000000062;988.3840000000646;985.19920000001;961.2711999999974;962.1513999999975;992.9600000000391;985.19920000001;990.6720000000519;985.19920000001;979.0526000000013;979.0526000000013;979.0526000000013;978.4365000000014;945.8676999999964;979.0526000000013;961.2711999999974;985.19920000001;
5034.000000000062;988.3840000000646;985.19920000001;961.2711999999974;962.1513999999975;992.9600000000391;985.19920000001;990.6720000000519;985.19920000001;979.0526000000013;979.0526000000013;979.0526000000013;978.4365000000014;945.8676999999964;979.0526000000013;961.2711999999974;985.19920000001;
5035.000000000062;988.3840000000646;985.19920000001;961.2711999999974;962.1513999999975;992.9600000000391;985.19920000001;990.6720000000519;985.19920000001;979.0526000000013;979.0526000000013;979.0526000000013;978.4365000000014;945.8676999999964;979.0526000000013;961.2711999999974;985.19920000001;
5036.000000000062;988.3840000000646;985.19920000001;961.2711999999974;962.1513999999975;992.9600000000391;985.19920000001;990.6720000000519;985.19920000001;979.0526000000013;979.0526000000013;979.0526000000013;978.4365000000014;945.8676999999964;979.0526000000013;961.2711999999974;985.19920000001;
5037.000000000062;988.3840000000646;985.19920000001;961.2711999999974;962.1513999999975;992.9600000000391;985.19920000001;990.6720000000519;985.19920000001;979.0526000000013;979.0526000000013;979.0526000000013;978.4365000000014;945.8676999999964;979.0526000000013;961.2711999999974;985.19920000001;
5038.000000000062;988.3840000000646;985.19920000001;961.2711999999974;962.1513999999975;992.9600000000391;985.19920000001;990.6720000000519;985.19920000001;979.0526000000013;979.0526000000013;979.0526000000013;978.4365000000014;945.8676999999964;979.0526000000013;961.2711999999974;985.19920000001;
5039.000000000062;988.3840000000646;985.19920000001;961.2711999999974;962.1513999999975;992.9600000000391;985.19920000001;990.6720000000519;985.19920000001;979.0526000000013;979.0526000000013;979.0526000000013;978.4365000000014;945.8676999999964;979.0526000000013;961.2711999999974;985.19920000001;
5039.770680294981;988.3840000000646;985.19920000001;961.2711999999974;962.1513999999975;992.9600000000391;985.19910000001;990.6720000000519;985.19920000001;979.0526000000013;979.0526000000013;979.0526000000013;978.4365000000014;945.8676999999964;979.0526000000013;961.2711999999974;985.19920000001;
5039.770680294981;988.3840000000646;985.19920000001;961.2711999999974;962.1513999999975;992.9600000000391;985.1111000000101;990.6720000000519;985.19920000001;979.0526000000013;979.0526000000013;979.0526000000013;978.4365000000014;945.8676999999964;979.0526000000013;961.2711999999974;985.19920000001;
5039.77599629498;988.3752000000646;985.19920000001;961.2711999999974;962.1513999999975;992.9600000000391;985.1111000000101;990.6720000000519;985.19920000001;979.0526000000013;979.0526000000013;979.0526000000013;978.4365000000014;945.8676999999964;979.0526000000013;961.2711999999974;985.19920000001;
5039.77599629498;988.3664000000647;985.19920000001;961.2711999999974;962.1513999999975;992.9600000000391;985.1111000000101;990.6720000000519;985.19920000001;979.0526000000013;979.0526000000013;979.0526000000013;978.4365000000014;945.8676999999964;979.0526000000013;961.2711999999974;985.19920000001;
5039.78131229498;988.3664000000647;985.19920000001;961.2711999999974;962.1513999999975;992.9600000000391;985.1111000000101;990.6632000000519;985.19920000001;979.0526000000013;979.0526000000013;979.0526000000013;978.4365000000014;945.8676999999964;979.0526000000013;961.2711999999974;985.19920000001;
5039.863929546561;988.3664000000647;985.19920000001;961.2711999999974;962.1513999999975;992.9600000000391;985.1111000000101;990.6632000000519;985.19920000001;979.0526000000013;979.0526000000013;979.0526000000013;978.4365000000014;945.8675999999964;979.0526000000013;961.2711999999974;985.19920000001;
5040.000000000061;988.3576000000647;985.19920000001;961.2711999999974;962.1513999999975;992.9424000000392;985.1111000000101;990.654400000052;985.1111000000101;979.0526000000013;979.0526000000013;979.0526000000013;978.4365000000014;945.4275999999963;979.0526000000013;961.2711999999974;985.19920000001;
5040.776001071316;988.3488000000648;985.1111000000101;961.2711999999974;962.1513999999975;992.9336000000393;985.1111000000101;990.654400000052;985.1111000000101;979.0526000000013;979.0526000000013;979.0526000000013;978.4365000000014;945.4275999999963;979.0526000000013;960.8310999999974;985.1111000000101;
5041.776005847653;988.3400000000648;985.1111000000101;961.2711999999974;962.1513999999975;992.9248000000393;985.1111000000101;990.6368000000521;985.1111000000101;979.0526000000013;979.0526000000013;979.0526000000013;978.4365000000014;945.4275999999963;979.0526000000013;960.8310999999974;985.1111000000101;
5042.77601062399;988.3312000000649;985.1111000000101;961.2711999999974;962.1513999999975;992.9248000000393;985.1111000000101;990.6280000000521;985.1111000000101;979.0526000000013;979.0526000000013;979.0526000000013;978.4365000000014;945.4275999999963;979.0526000000013;960.8310999999974;985.1111000000101;
5043.00000000006;988.3312000000649;985.1111000000101;961.2711999999974;962.1513999999975;992.9248000000393;985.1111000000101;990.6280000000521;985.1111000000101;979.0526000000013;979.0526000000013;979.0526000000013;978.4365000000014;945.4275999999963;979.0526000000013;960.8310999999974;985.1111000000101;
5044.00000000006;988.3312000000649;985.1111000000101;961.2711999999974;962.1513999999975;992.9248000000393;985.1111000000101;990.6280000000521;985.1111000000101;979.0526000000013;979.0526000000013;979.0526000000013;978.4365000000014;945.4275999999963;979.0526000000013;960.8310999999974;985.1111000000101;
5045.00000000006;988.3312000000649;985.1111000000101;961.2711999999974;962.1513999999975;992.9248000000393;985.1111000000101;990.6280000000521;985.1111000000101;979.0526000000013;979.0526000000013;979.0526000000013;978.4365000000014;945.4275999999963;979.0526000000013;960.8310999999974;985.1111000000101;
5046.00000000006;988.3312000000649;985.1111000000101;961.2711999999974;962.1513999999975;992.9248000000393;985.1111000000101;990.6280000000521;985.1111000000101;979.0526000000013;979.0526000000013;979.0526000000013;978.4365000000014;945.4275999999963;979.0526000000013;960.8310999999974;985.1111000000101;
5047.00000000006;988.3312000000649;985.1111000000101;961.2711999999974;962.1513999999975;992.9248000000393;985.1111000000101;990.6280000000521;985.1111000000101;979.0526000000013;979.0526000000013;979.0526000000013;978.4365000000014;945.4275999999963;979.0526000000013;960.8310999999974;985.1111000000101;
5048.00000000006;988.3312000000649;985.1111000000101;961.2711999999974;962.1513999999975;992.9248000000393;985.1111000000101;990.6280000000521;985.1111000000101;979.0526000000013;979.0526000000013;979.0526000000013;978.4365000000014;945.4275999999963;979.0526000000013;960.8310999999974;985.1111000000101;
5049.00000000006;988.3312000000649;985.1111000000101;961.2711999999974;962.1513999999975;992.9248000000393;985.1111000000101;990.6280000000521;985.1111000000101;979.0526000000013;979.0526000000013;979.0526000000013;978.4365000000014;945.4275999999963;979.0526000000013;960.8310999999974;985.1111000000101;
5050.00000000006;988.3312000000649;985.1111000000101;961.2711999999974;962.1513999999975;992.9248000000393;985.1111000000101;990.6280000000521;985.1111000000101;979.0526000000013;979.0526000000013;979.0526000000013;978.4365000000014;945.4275999999963;979.0526000000013;960.8310999999974;985.1111000000101;
5051.00000000006;988.3312000000649;985.1111000000101;961.2711999999974;962.1513999999975;992.9248000000393;985.1111000000101;990.6280000000521;985.1111000000101;979.0526000000013;979.0526000000013;979.0526000000013;978.4365000000014;945.4275999999963;979.0526000000013;960.8310999999974;985.1111000000101;
5052.00000000006;988.3312000000649;985.1111000000101;961.2711999999974;962.1513999999975;992.9248000000393;985.1111000000101;990.6280000000521;985.1111000000101;979.0526000000013;979.0526000000013;979.0526000000013;978.4365000000014;945.4275999999963;979.0526000000013;960.8310999999974;985.1111000000101;
5053.00000000006;988.3312000000649;985.1111000000101;961.2711999999974;962.1513999999975;992.9248000000393;985.1111000000101;990.6280000000521;985.1111000000101;979.0526000000013;979.0526000000013;979.0526000000013;978.4365000000014;945.4275999999963;979.0526000000013;960.8310999999974;985.1111000000101;
5054.00000000006;988.3312000000649;985.1111000000101;961.2711999999974;962.1513999999975;992.9248000000393;985.1111000000101;990.6280000000521;985.1111000000101;979.0526000000013;979.0526000000013;979.0526000000013;978.4365000000014;945.4275999999963;979.0526000000013;960.8310999999974;985.1111000000101;
5055.00000000006;988.3312000000649;985.1111000000101;961.2711999999974;962.1513999999975;992.9248000000393;985.1111000000101;990.6280000000521;985.1111000000101;979.0526000000013;979.0526000000013;979.0526000000013;978.4365000000014;945.4275999999963;979.0526000000013;960.8310999999974;985.1111000000101;
5056.00000000006;988.3312000000649;985.1111000000101;961.2711999999974;962.1513999999975;992.9248000000393;985.1111000000101;990.6280000000521;985.1111000000101;979.0526000000013;979.0526000000013;979.0526000000013;978.4365000000014;945.4275999999963;979.0526000000013;960.8310999999974;985.1111000000101;
5057.00000000006;988.3312000000649;985.1111000000101;961.2711999999974;962.1513999999975;992.9248000000393;985.1111000000101;990.6280000000521;985.1111000000101;979.0526000000013;979.0526000000013;979.0526000000013;978.4365000000014;945.4275999999963;979.0526000000013;960.8310999999974;985.1111000000101;
5058.00000000006;988.3312000000649;985.1111000000101;961.2711999999974;962.1513999999975;992.9248000000393;985.1111000000101;990.6280000000521;985.1111000000101;979.0526000000013;979.0526000000013;979.0526000000013;978.4365000000014;945.4275999999963;979.0526000000013;960.8310999999974;985.1111000000101;
5059.00000000006;988.3312000000649;985.1111000000101;961.2711999999974;962.1513999999975;992.9248000000393;985.1111000000101;990.6280000000521;985.1111000000101;979.0526000000013;979.0526000000013;979.0526000000013;978.4365000000014;945.4275999999963;979.0526000000013;960.8310999999974;985.1111000000101;
5060.00000000006;988.3312000000649;985.1111000000101;961.2711999999974;962.1513999999975;992.9248000000393;985.1111000000101;990.6280000000521;985.1111000000101;979.0526000000013;979.0526000000013;979.0526000000013;978.4365000000014;945.4275999999963;979.0526000000013;960.8310999999974;985.1111000000101;
5061.00000000006;988.3312000000649;985.1111000000101;961.2711999999974;962.1513999999975;992.9248000000393;985.1111000000101;990.6280000000521;985.1111000000101;979.0526000000013;979.0526000000013;979.0526000000013;978.4365000000014;945.4275999999963;979.0526000000013;960.8310999999974;985.1111000000101;
5062.00000000006;988.3312000000649;985.1111000000101;961.2711999999974;962.1513999999975;992.9248000000393;985.1111000000101;990.6280000000521;985.1111000000101;979.0526000000013;979.0526000000013;979.0526000000013;978.4365000000014;945.4275999999963;979.0526000000013;960.8310999999974;985.1111000000101;
5063.00000000006;988.3312000000649;985.1111000000101;961.2711999999974;962.1513999999975;992.9248000000393;985.1111000000101;990.6280000000521;985.1111000000101;979.0526000000013;979.0526000000013;979.0526000000013;978.4365000000014;945.4275999999963;979.0526000000013;960.8310999999974;985.1111000000101;
5064.00000000006;988.3312000000649;985.1111000000101;961.2711999999974;962.1513999999975;992.9248000000393;985.1111000000101;990.6280000000521;985.1111000000101;979.0526000000013;979.0526000000013;979.0526000000013;978.4365000000014;945.4275999999963;979.0526000000013;960.8310999999974;985.1111000000101;
5065.00000000006;988.3312000000649;985.1111000000101;961.2711999999974;962.1513999999975;992.9248000000393;985.1111000000101;990.6280000000521;985.1111000000101;979.0526000000013;979.0526000000013;979.0526000000013;978.4365000000014;945.4275999999963;979.0526000000013;960.8310999999974;985.1111000000101;
5066.00000000006;988.3312000000649;985.1111000000101;961.2711999999974;962.1513999999975;992.9248000000393;985.1111000000101;990.6280000000521;985.1111000000101;979.0526000000013;979.0526000000013;979.0526000000013;978.4365000000014;945.4275999999963;979.0526000000013;960.8310999999974;985.1111000000101;
5067.00000000006;988.3312000000649;985.1111000000101;961.2711999999974;962.1513999999975;992.9248000000393;985.1111000000101;990.6280000000521;985.1111000000101;979.0526000000013;979.0526000000013;979.0526000000013;978.4365000000014;945.4275999999963;979.0526000000013;960.8310999999974;985.1111000000101;
5068.00000000006;988.3312000000649;985.1111000000101;961.2711999999974;962.1513999999975;992.9248000000393;985.1111000000101;990.6280000000521;985.1111000000101;979.0526000000013;979.0526000000013;979.0526000000013;978.4365000000014;945.4275999999963;979.0526000000013;960.8310999999974;985.1111000000101;
5069.00000000006;988.3312000000649;985.1111000000101;961.2711999999974;962.1513999999975;992.9248000000393;985.1111000000101;990.6280000000521;985.1111000000101;979.0526000000013;979.0526000000013;979.0526000000013;978.4365000000014;945.4275999999963;979.0526000000013;960.8310999999974;985.1111000000101;
5069.770653032712;988.3312000000649;985.1111000000101;961.2711999999974;962.1513999999975;992.9248000000393;985.1110000000101;990.6280000000521;985.1111000000101;979.0526000000013;979.0526000000013;979.0526000000013;978.4365000000014;945.4275999999963;979.0526000000013;960.8310999999974;985.1111000000101;
5069.770653032712;988.3312000000649;985.1111000000101;961.2711999999974;962.1513999999975;992.9248000000393;985.0230000000101;990.6280000000521;985.1111000000101;979.0526000000013;979.0526000000013;979.0526000000013;978.4365000000014;945.4275999999963;979.0526000000013;960.8310999999974;985.1111000000101;
5069.775969032712;988.3224000000649;985.1111000000101;961.2711999999974;962.1513999999975;992.9248000000393;985.0230000000101;990.6280000000521;985.1111000000101;979.0526000000013;979.0526000000013;979.0526000000013;978.4365000000014;945.4275999999963;979.0526000000013;960.8310999999974;985.1111000000101;
5069.775969032712;988.313600000065;985.1111000000101;961.2711999999974;962.1513999999975;992.9248000000393;985.0230000000101;990.6280000000521;985.1111000000101;979.0526000000013;979.0526000000013;979.0526000000013;978.4365000000014;945.4275999999963;979.0526000000013;960.8310999999974;985.1111000000101;
5069.781285032712;988.313600000065;985.1111000000101;961.2711999999974;962.1513999999975;992.9248000000393;985.0230000000101;990.6192000000522;985.1111000000101;979.0526000000013;979.0526000000013;979.0526000000013;978.4365000000014;945.4275999999963;979.0526000000013;960.8310999999974;985.1111000000101;
5069.804081442583;988.313600000065;985.1111000000101;961.2710999999974;962.1513999999975;992.9248000000393;985.0230000000101;990.6192000000522;985.1111000000101;979.0526000000013;979.0526000000013;979.0526000000013;978.4365000000014;945.4275999999963;979.0526000000013;960.8310999999974;985.1111000000101;
5069.804081442583;988.313600000065;985.1111000000101;960.8310999999974;962.1513999999975;992.9248000000393;985.0230000000101;990.6192000000522;985.1111000000101;979.0526000000013;979.0526000000013;979.0526000000013;978.4365000000014;945.4275999999963;979.0526000000013;960.8310999999974;985.1111000000101;
5069.809397442583;988.304800000065;985.1111000000101;960.8310999999974;962.1513999999975;992.9248000000393;985.0230000000101;990.6192000000522;985.1111000000101;979.0526000000013;979.0526000000013;979.0526000000013;978.4365000000014;945.4275999999963;979.0526000000013;960.8310999999974;985.1111000000101;
5069.86220193643;988.304800000065;985.1111000000101;960.8310999999974;962.1513999999975;992.9248000000393;985.0230000000101;990.6192000000522;985.1111000000101;979.0526000000013;979.0526000000013;979.0526000000013;978.4365000000014;945.4274999999964;979.0526000000013;960.8310999999974;985.1111000000101;
5069.86220193643;988.304800000065;985.1111000000101;960.8310999999974;962.1513999999975;992.9248000000393;985.0230000000101;990.6192000000522;985.1111000000101;979.0526000000013;979.0526000000013;979.0526000000013;978.4365000000014;944.9874999999963;979.0526000000013;960.8310999999974;985.1111000000101;
5069.86751793643;988.304800000065;985.1111000000101;960.8310999999974;962.1513999999975;992.9160000000394;985.0230000000101;990.6192000000522;985.1111000000101;979.0526000000013;979.0526000000013;979.0526000000013;978.4365000000014;944.9874999999963;979.0526000000013;960.8310999999974;985.1111000000101;
5069.86751793643;988.304800000065;985.1111000000101;960.8310999999974;962.1513999999975;992.9072000000394;985.0230000000101;990.6192000000522;985.1111000000101;979.0526000000013;979.0526000000013;979.0526000000013;978.4365000000014;944.9874999999963;979.0526000000013;960.8310999999974;985.1111000000101;
5070.223118816036;988.2872000000651;985.0230000000101;960.8310999999974;961.7112999999974;992.8984000000395;985.0230000000101;990.6104000000522;985.0230000000101;979.0526000000013;979.0526000000013;979.0526000000013;978.4365000000014;944.9874999999963;979.0526000000013;960.8309999999974;985.0230000000101;
5070.867507789407;988.2784000000652;985.0230000000101;960.8310999999974;961.7112999999974;992.8896000000395;985.0230000000101;990.6016000000523;985.0230000000101;979.0526000000013;979.0526000000013;979.0526000000013;978.4365000000014;944.9874999999963;979.0526000000013;960.3909999999973;985.0230000000101;
5071.775978585385;988.2784000000652;985.0230000000101;960.8310999999974;961.7112999999974;992.8808000000396;985.0230000000101;990.5928000000523;985.0230000000101;979.0526000000013;979.0526000000013;979.0526000000013;978.4365000000014;944.9874999999963;979.0526000000013;960.3909999999973;985.0230000000101;
5072.775983361722;988.2696000000652;985.0230000000101;960.8310999999974;961.7112999999974;992.8720000000396;985.0230000000101;990.5752000000524;985.0230000000101;979.0526000000013;979.0526000000013;979.0526000000013;978.4365000000014;944.9874999999963;979.0526000000013;960.3909999999973;985.0230000000101;
5073.000000000058;988.2608000000653;985.0230000000101;960.8310999999974;961.7112999999974;992.8720000000396;985.0230000000101;990.5664000000525;985.0230000000101;979.0526000000013;979.0526000000013;979.0526000000013;978.4365000000014;944.9874999999963;979.0526000000013;960.3909999999973;985.0230000000101;
5073.77598813806;988.2608000000653;985.0230000000101;960.8310999999974;961.7112999999974;992.8720000000396;985.0230000000101;990.5664000000525;985.0230000000101;979.0526000000013;979.0526000000013;979.0526000000013;978.4365000000014;944.9874999999963;979.0526000000013;960.3909999999973;985.0230000000101;
5075.000000000058;988.2608000000653;985.0230000000101;960.8310999999974;961.7112999999974;992.8720000000396;985.0230000000101;990.5664000000525;985.0230000000101;979.0526000000013;979.0526000000013;979.0526000000013;978.4365000000014;944.9874999999963;979.0526000000013;960.3909999999973;985.0230000000101;
5076.000000000058;988.2608000000653;985.0230000000101;960.8310999999974;961.7112999999974;992.8720000000396;985.0230000000101;990.5664000000525;985.0230000000101;979.0526000000013;979.0526000000013;979.0526000000013;978.4365000000014;944.9874999999963;979.0526000000013;960.3909999999973;985.0230000000101;
5077.000000000058;988.2608000000653;985.0230000000101;960.8310999999974;961.7112999999974;992.8720000000396;985.0230000000101;990.5664000000525;985.0230000000101;979.0526000000013;979.0526000000013;979.0526000000013;978.4365000000014;944.9874999999963;979.0526000000013;960.3909999999973;985.0230000000101;
5078.000000000058;988.2608000000653;985.0230000000101;960.8310999999974;961.7112999999974;992.8720000000396;985.0230000000101;990.5664000000525;985.0230000000101;979.0526000000013;979.0526000000013;979.0526000000013;978.4365000000014;944.9874999999963;979.0526000000013;960.3909999999973;985.0230000000101;
5079.000000000058;988.2608000000653;985.0230000000101;960.8310999999974;961.7112999999974;992.8720000000396;985.0230000000101;990.5664000000525;985.0230000000101;979.0526000000013;979.0526000000013;979.0526000000013;978.4365000000014;944.9874999999963;979.0526000000013;960.3909999999973;985.0230000000101;
5080.000000000058;988.2608000000653;985.0230000000101;960.8310999999974;961.7112999999974;992.8720000000396;985.0230000000101;990.5664000000525;985.0230000000101;979.0526000000013;979.0526000000013;979.0526000000013;978.4365000000014;944.9874999999963;979.0526000000013;960.3909999999973;985.0230000000101;
5081.000000000058;988.2608000000653;985.0230000000101;960.8310999999974;961.7112999999974;992.8720000000396;985.0230000000101;990.5664000000525;985.0230000000101;979.0526000000013;979.0526000000013;979.0526000000013;978.4365000000014;944.9874999999963;979.0526000000013;960.3909999999973;985.0230000000101;
5082.000000000058;988.2608000000653;985.0230000000101;960.8310999999974;961.7112999999974;992.8720000000396;985.0230000000101;990.5664000000525;985.0230000000101;979.0526000000013;979.0526000000013;979.0526000000013;978.4365000000014;944.9874999999963;979.0526000000013;960.3909999999973;985.0230000000101;
5083.000000000058;988.2608000000653;985.0230000000101;960.8310999999974;961.7112999999974;992.8720000000396;985.0230000000101;990.5664000000525;985.0230000000101;979.0526000000013;979.0526000000013;979.0526000000013;978.4365000000014;944.9874999999963;979.0526000000013;960.3909999999973;985.0230000000101;
5084.000000000058;988.2608000000653;985.0230000000101;960.8310999999974;961.7112999999974;992.8720000000396;985.0230000000101;990.5664000000525;985.0230000000101;979.0526000000013;979.0526000000013;979.0526000000013;978.4365000000014;944.9874999999963;979.0526000000013;960.3909999999973;985.0230000000101;
5085.000000000058;988.2608000000653;985.0230000000101;960.8310999999974;961.7112999999974;992.8720000000396;985.0230000000101;990.5664000000525;985.0230000000101;979.0526000000013;979.0526000000013;979.0526000000013;978.4365000000014;944.9874999999963;979.0526000000013;960.3909999999973;985.0230000000101;
5086.000000000058;988.2608000000653;985.0230000000101;960.8310999999974;961.7112999999974;992.8720000000396;985.0230000000101;990.5664000000525;985.0230000000101;979.0526000000013;979.0526000000013;979.0526000000013;978.4365000000014;944.9874999999963;979.0526000000013;960.3909999999973;985.0230000000101;
5087.000000000058;988.2608000000653;985.0230000000101;960.8310999999974;961.7112999999974;992.8720000000396;985.0230000000101;990.5664000000525;985.0230000000101;979.0526000000013;979.0526000000013;979.0526000000013;978.4365000000014;944.9874999999963;979.0526000000013;960.3909999999973;985.0230000000101;
5088.000000000058;988.2608000000653;985.0230000000101;960.8310999999974;961.7112999999974;992.8720000000396;985.0230000000101;990.5664000000525;985.0230000000101;979.0526000000013;979.0526000000013;979.0526000000013;978.4365000000014;944.9874999999963;979.0526000000013;960.3909999999973;985.0230000000101;
5089.000000000058;988.2608000000653;985.0230000000101;960.8310999999974;961.7112999999974;992.8720000000396;985.0230000000101;990.5664000000525;985.0230000000101;979.0526000000013;979.0526000000013;979.0526000000013;978.4365000000014;944.9874999999963;979.0526000000013;960.3909999999973;985.0230000000101;
5090.000000000058;988.2608000000653;985.0230000000101;960.8310999999974;961.7112999999974;992.8720000000396;985.0230000000101;990.5664000000525;985.0230000000101;979.0526000000013;979.0526000000013;979.0526000000013;978.4365000000014;944.9874999999963;979.0526000000013;960.3909999999973;985.0230000000101;
5091.000000000058;988.2608000000653;985.0230000000101;960.8310999999974;961.7112999999974;992.8720000000396;985.0230000000101;990.5664000000525;985.0230000000101;979.0526000000013;979.0526000000013;979.0526000000013;978.4365000000014;944.9874999999963;979.0526000000013;960.3909999999973;985.0230000000101;
5092.000000000058;988.2608000000653;985.0230000000101;960.8310999999974;961.7112999999974;992.8720000000396;985.0230000000101;990.5664000000525;985.0230000000101;979.0526000000013;979.0526000000013;979.0526000000013;978.4365000000014;944.9874999999963;979.0526000000013;960.3909999999973;985.0230000000101;
5093.000000000058;988.2608000000653;985.0230000000101;960.8310999999974;961.7112999999974;992.8720000000396;985.0230000000101;990.5664000000525;985.0230000000101;979.0526000000013;979.0526000000013;979.0526000000013;978.4365000000014;944.9874999999963;979.0526000000013;960.3909999999973;985.0230000000101;
5094.000000000058;988.2608000000653;985.0230000000101;960.8310999999974;961.7112999999974;992.8720000000396;985.0230000000101;990.5664000000525;985.0230000000101;979.0526000000013;979.0526000000013;979.0526000000013;978.4365000000014;944.9874999999963;979.0526000000013;960.3909999999973;985.0230000000101;
5095.000000000058;988.2608000000653;985.0230000000101;960.8310999999974;961.7112999999974;992.8720000000396;985.0230000000101;990.5664000000525;985.0230000000101;979.0526000000013;979.0526000000013;979.0526000000013;978.4365000000014;944.9874999999963;979.0526000000013;960.3909999999973;985.0230000000101;
5096.000000000058;988.2608000000653;985.0230000000101;960.8310999999974;961.7112999999974;992.8720000000396;985.0230000000101;990.5664000000525;985.0230000000101;979.0526000000013;979.0526000000013;979.0526000000013;978.4365000000014;944.9874999999963;979.0526000000013;960.3909999999973;985.0230000000101;
5097.000000000058;988.2608000000653;985.0230000000101;960.8310999999974;961.7112999999974;992.8720000000396;985.0230000000101;990.5664000000525;985.0230000000101;979.0526000000013;979.0526000000013;979.0526000000013;978.4365000000014;944.9874999999963;979.0526000000013;960.3909999999973;985.0230000000101;
5098.000000000058;988.2608000000653;985.0230000000101;960.8310999999974;961.7112999999974;992.8720000000396;985.0230000000101;990.5664000000525;985.0230000000101;979.0526000000013;979.0526000000013;979.0526000000013;978.4365000000014;944.9874999999963;979.0526000000013;960.3909999999973;985.0230000000101;
5099.000000000058;988.2608000000653;985.0230000000101;960.8310999999974;961.7112999999974;992.8720000000396;985.0230000000101;990.5664000000525;985.0230000000101;979.0526000000013;979.0526000000013;979.0526000000013;978.4365000000014;944.9874999999963;979.0526000000013;960.3909999999973;985.0230000000101;
5099.770625770444;988.2608000000653;985.0230000000101;960.8310999999974;961.7112999999974;992.8720000000396;985.0229000000102;990.5664000000525;985.0230000000101;979.0526000000013;979.0526000000013;979.0526000000013;978.4365000000014;944.9874999999963;979.0526000000013;960.3909999999973;985.0230000000101;
5099.770625770444;988.2608000000653;985.0230000000101;960.8310999999974;961.7112999999974;992.8720000000396;984.9349000000102;990.5664000000525;985.0230000000101;979.0526000000013;979.0526000000013;979.0526000000013;978.4365000000014;944.9874999999963;979.0526000000013;960.3909999999973;985.0230000000101;
5099.775941770444;988.2520000000653;985.0230000000101;960.8310999999974;961.7112999999974;992.8720000000396;984.9349000000102;990.5664000000525;985.0230000000101;979.0526000000013;979.0526000000013;979.0526000000013;978.4365000000014;944.9874999999963;979.0526000000013;960.3909999999973;985.0230000000101;
5099.775941770444;988.2432000000654;985.0230000000101;960.8310999999974;961.7112999999974;992.8720000000396;984.9349000000102;990.5664000000525;985.0230000000101;979.0526000000013;979.0526000000013;979.0526000000013;978.4365000000014;944.9874999999963;979.0526000000013;960.3909999999973;985.0230000000101;
5099.7812577704435;988.2432000000654;985.0230000000101;960.8310999999974;961.7112999999974;992.8720000000396;984.9349000000102;990.5576000000525;985.0230000000101;979.0526000000013;979.0526000000013;979.0526000000013;978.4365000000014;944.9874999999963;979.0526000000013;960.3909999999973;985.0230000000101;
5099.854600582472;988.2432000000654;985.0230000000101;960.8310999999974;961.7112999999974;992.8720000000396;984.9349000000102;990.5576000000525;985.0230000000101;979.0525000000014;979.0526000000013;979.0526000000013;978.4365000000014;944.9874999999963;979.0526000000013;960.3909999999973;985.0230000000101;
5099.854600582472;988.2432000000654;985.0230000000101;960.8310999999974;961.7112999999974;992.8720000000396;984.9349000000102;990.5576000000525;985.0230000000101;978.4365000000014;979.0526000000013;979.0526000000013;978.4365000000014;944.9874999999963;979.0526000000013;960.3909999999973;985.0230000000101;
5099.859916582472;988.2344000000654;985.0230000000101;960.8310999999974;961.7112999999974;992.8720000000396;984.9349000000102;990.5576000000525;985.0230000000101;978.4365000000014;979.0526000000013;979.0526000000013;978.4365000000014;944.9874999999963;979.0526000000013;960.3909999999973;985.0230000000101;
5099.94043368145;988.2344000000654;985.0230000000101;960.8310999999974;961.7112999999974;992.8720000000396;984.9349000000102;990.5576000000525;985.0229000000102;978.4365000000014;979.0526000000013;979.0526000000013;978.4365000000014;944.9874999999963;979.0526000000013;960.3909999999973;985.0230000000101;
5099.94043368145;988.2344000000654;985.0230000000101;960.8310999999974;961.7112999999974;992.8720000000396;984.9349000000102;990.5576000000525;984.9349000000102;978.4365000000014;979.0526000000013;979.0526000000013;978.4365000000014;944.9874999999963;979.0526000000013;960.3909999999973;985.0230000000101;
5099.945749681449;988.2256000000655;985.0230000000101;960.8310999999974;961.7112999999974;992.8720000000396;984.9349000000102;990.5576000000525;984.9349000000102;978.4365000000014;979.0526000000013;979.0526000000013;978.4365000000014;944.9874999999963;979.0526000000013;960.3909999999973;985.0230000000101;
5099.968578634856;988.2256000000655;985.0230000000101;960.8310999999974;961.7112999999974;992.8720000000396;984.9349000000102;990.5576000000525;984.9349000000102;978.4365000000014;979.0526000000013;979.0526000000013;978.4365000000014;944.9874999999963;979.0525000000014;960.3909999999973;985.0230000000101;
5100.775946546779;988.2080000000656;984.9349000000102;960.8310999999974;961.7112999999974;992.8456000000398;984.9349000000102;990.5488000000526;984.9349000000102;978.4365000000014;978.4365000000014;978.4365000000014;978.4365000000014;944.9874999999963;978.4365000000014;960.3909999999973;984.9349000000102;
5100.973884487833;988.1992000000656;984.9349000000102;960.8310999999974;961.7112999999974;992.8456000000398;984.9349000000102;990.5400000000526;984.9349000000102;978.4365000000014;978.4365000000014;978.4365000000014;978.4365000000014;944.9874999999963;978.4365000000014;960.3909999999973;984.9349000000102;
5101.775951323116;988.1992000000656;984.9349000000102;960.8310999999974;961.7112999999974;992.8368000000398;984.9349000000102;990.5312000000526;984.9349000000102;978.4365000000014;978.4365000000014;978.4365000000014;978.4365000000014;944.9874999999963;978.4365000000014;960.3909999999973;984.9349000000102;
5102.775956099453;988.1904000000657;984.9349000000102;960.8310999999974;961.7112999999974;992.8368000000398;984.9349000000102;990.5224000000527;984.9349000000102;978.4365000000014;978.4365000000014;978.4365000000014;978.4365000000014;944.9874999999963;978.4365000000014;960.3909999999973;984.9349000000102;
5103.000000000055;988.1816000000657;984.9349000000102;960.8310999999974;961.7112999999974;992.8368000000398;984.9349000000102;990.5136000000527;984.9349000000102;978.4365000000014;978.4365000000014;978.4365000000014;978.4365000000014;944.9874999999963;978.4365000000014;960.3909999999973;984.9349000000102;
5103.77596087579;988.1816000000657;984.9349000000102;960.8310999999974;961.7112999999974;992.8368000000398;984.9349000000102;990.5136000000527;984.9349000000102;978.4365000000014;978.4365000000014;978.4365000000014;978.4365000000014;944.9874999999963;978.4365000000014;960.3909999999973;984.9349000000102;
5104.775965652127;988.1728000000658;984.9349000000102;960.8310999999974;961.7112999999974;992.8368000000398;984.9349000000102;990.5048000000528;984.9349000000102;978.4365000000014;978.4365000000014;978.4365000000014;978.4365000000014;944.9874999999963;978.4365000000014;960.3909999999973;984.9349000000102;
5106.000000000055;988.1728000000658;984.9349000000102;960.8310999999974;961.7112999999974;992.8368000000398;984.9349000000102;990.5048000000528;984.9349000000102;978.4365000000014;978.4365000000014;978.4365000000014;978.4365000000014;944.9874999999963;978.4365000000014;960.3909999999973;984.9349000000102;
5107.000000000055;988.1728000000658;984.9349000000102;960.8310999999974;961.7112999999974;992.8368000000398;984.9349000000102;990.5048000000528;984.9349000000102;978.4365000000014;978.4365000000014;978.4365000000014;978.4365000000014;944.9874999999963;978.4365000000014;960.3909999999973;984.9349000000102;
5108.000000000055;988.1728000000658;984.9349000000102;960.8310999999974;961.7112999999974;992.8368000000398;984.9349000000102;990.5048000000528;984.9349000000102;978.4365000000014;978.4365000000014;978.4365000000014;978.4365000000014;944.9874999999963;978.4365000000014;960.3909999999973;984.9349000000102;
5109.000000000055;988.1728000000658;984.9349000000102;960.8310999999974;961.7112999999974;992.8368000000398;984.9349000000102;990.5048000000528;984.9349000000102;978.4365000000014;978.4365000000014;978.4365000000014;978.4365000000014;944.9874999999963;978.4365000000014;960.3909999999973;984.9349000000102;
5110.000000000055;988.1728000000658;984.9349000000102;960.8310999999974;961.7112999999974;992.8368000000398;984.9349000000102;990.5048000000528;984.9349000000102;978.4365000000014;978.4365000000014;978.4365000000014;978.4365000000014;944.9874999999963;978.4365000000014;960.3909999999973;984.9349000000102;
5111.000000000055;988.1728000000658;984.9349000000102;960.8310999999974;961.7112999999974;992.8368000000398;984.9349000000102;990.5048000000528;984.9349000000102;978.4365000000014;978.4365000000014;978.4365000000014;978.4365000000014;944.9874999999963;978.4365000000014;960.3909999999973;984.9349000000102;
5112.000000000055;988.1728000000658;984.9349000000102;960.8310999999974;961.7112999999974;992.8368000000398;984.9349000000102;990.5048000000528;984.9349000000102;978.4365000000014;978.4365000000014;978.4365000000014;978.4365000000014;944.9874999999963;978.4365000000014;960.3909999999973;984.9349000000102;
5113.000000000055;988.1728000000658;984.9349000000102;960.8310999999974;961.7112999999974;992.8368000000398;984.9349000000102;990.5048000000528;984.9349000000102;978.4365000000014;978.4365000000014;978.4365000000014;978.4365000000014;944.9874999999963;978.4365000000014;960.3909999999973;984.9349000000102;
5114.000000000055;988.1728000000658;984.9349000000102;960.8310999999974;961.7112999999974;992.8368000000398;984.9349000000102;990.5048000000528;984.9349000000102;978.4365000000014;978.4365000000014;978.4365000000014;978.4365000000014;944.9874999999963;978.4365000000014;960.3909999999973;984.9349000000102;
5115.000000000055;988.1728000000658;984.9349000000102;960.8310999999974;961.7112999999974;992.8368000000398;984.9349000000102;990.5048000000528;984.9349000000102;978.4365000000014;978.4365000000014;978.4365000000014;978.4365000000014;944.9874999999963;978.4365000000014;960.3909999999973;984.9349000000102;
5116.000000000055;988.1728000000658;984.9349000000102;960.8310999999974;961.7112999999974;992.8368000000398;984.9349000000102;990.5048000000528;984.9349000000102;978.4365000000014;978.4365000000014;978.4365000000014;978.4365000000014;944.9874999999963;978.4365000000014;960.3909999999973;984.9349000000102;
5117.000000000055;988.1728000000658;984.9349000000102;960.8310999999974;961.7112999999974;992.8368000000398;984.9349000000102;990.5048000000528;984.9349000000102;978.4365000000014;978.4365000000014;978.4365000000014;978.4365000000014;944.9874999999963;978.4365000000014;960.3909999999973;984.9349000000102;
5118.000000000055;988.1728000000658;984.9349000000102;960.8310999999974;961.7112999999974;992.8368000000398;984.9349000000102;990.5048000000528;984.9349000000102;978.4365000000014;978.4365000000014;978.4365000000014;978.4365000000014;944.9874999999963;978.4365000000014;960.3909999999973;984.9349000000102;
5119.000000000055;988.1728000000658;984.9349000000102;960.8310999999974;961.7112999999974;992.8368000000398;984.9349000000102;990.5048000000528;984.9349000000102;978.4365000000014;978.4365000000014;978.4365000000014;978.4365000000014;944.9874999999963;978.4365000000014;960.3909999999973;984.9349000000102;
5120.000000000055;988.1728000000658;984.9349000000102;960.8310999999974;961.7112999999974;992.8368000000398;984.9349000000102;990.5048000000528;984.9349000000102;978.4365000000014;978.4365000000014;978.4365000000014;978.4365000000014;944.9874999999963;978.4365000000014;960.3909999999973;984.9349000000102;
5121.000000000055;988.1728000000658;984.9349000000102;960.8310999999974;961.7112999999974;992.8368000000398;984.9349000000102;990.5048000000528;984.9349000000102;978.4365000000014;978.4365000000014;978.4365000000014;978.4365000000014;944.9874999999963;978.4365000000014;960.3909999999973;984.9349000000102;
5122.000000000055;988.1728000000658;984.9349000000102;960.8310999999974;961.7112999999974;992.8368000000398;984.9349000000102;990.5048000000528;984.9349000000102;978.4365000000014;978.4365000000014;978.4365000000014;978.4365000000014;944.9874999999963;978.4365000000014;960.3909999999973;984.9349000000102;
5123.000000000055;988.1728000000658;984.9349000000102;960.8310999999974;961.7112999999974;992.8368000000398;984.9349000000102;990.5048000000528;984.9349000000102;978.4365000000014;978.4365000000014;978.4365000000014;978.4365000000014;944.9874999999963;978.4365000000014;960.3909999999973;984.9349000000102;
5124.000000000055;988.1728000000658;984.9349000000102;960.8310999999974;961.7112999999974;992.8368000000398;984.9349000000102;990.5048000000528;984.9349000000102;978.4365000000014;978.4365000000014;978.4365000000014;978.4365000000014;944.9874999999963;978.4365000000014;960.3909999999973;984.9349000000102;
5125.000000000055;988.1728000000658;984.9349000000102;960.8310999999974;961.7112999999974;992.8368000000398;984.9349000000102;990.5048000000528;984.9349000000102;978.4365000000014;978.4365000000014;978.4365000000014;978.4365000000014;944.9874999999963;978.4365000000014;960.3909999999973;984.9349000000102;
5126.000000000055;988.1728000000658;984.9349000000102;960.8310999999974;961.7112999999974;992.8368000000398;984.9349000000102;990.5048000000528;984.9349000000102;978.4365000000014;978.4365000000014;978.4365000000014;978.4365000000014;944.9874999999963;978.4365000000014;960.3909999999973;984.9349000000102;
5127.000000000055;988.1728000000658;984.9349000000102;960.8310999999974;961.7112999999974;992.8368000000398;984.9349000000102;990.5048000000528;984.9349000000102;978.4365000000014;978.4365000000014;978.4365000000014;978.4365000000014;944.9874999999963;978.4365000000014;960.3909999999973;984.9349000000102;
5128.000000000055;988.1728000000658;984.9349000000102;960.8310999999974;961.7112999999974;992.8368000000398;984.9349000000102;990.5048000000528;984.9349000000102;978.4365000000014;978.4365000000014;978.4365000000014;978.4365000000014;944.9874999999963;978.4365000000014;960.3909999999973;984.9349000000102;
5129.000000000055;988.1728000000658;984.9349000000102;960.8310999999974;961.7112999999974;992.8368000000398;984.9349000000102;990.5048000000528;984.9349000000102;978.4365000000014;978.4365000000014;978.4365000000014;978.4365000000014;944.9874999999963;978.4365000000014;960.3909999999973;984.9349000000102;
5129.770598508174;988.1728000000658;984.9349000000102;960.8310999999974;961.7112999999974;992.8368000000398;984.9348000000102;990.5048000000528;984.9349000000102;978.4365000000014;978.4365000000014;978.4365000000014;978.4365000000014;944.9874999999963;978.4365000000014;960.3909999999973;984.9349000000102;
5129.770598508174;988.1728000000658;984.9349000000102;960.8310999999974;961.7112999999974;992.8368000000398;984.8468000000103;990.5048000000528;984.9349000000102;978.4365000000014;978.4365000000014;978.4365000000014;978.4365000000014;944.9874999999963;978.4365000000014;960.3909999999973;984.9349000000102;
5129.775914508174;988.1640000000658;984.9349000000102;960.8310999999974;961.7112999999974;992.8368000000398;984.8468000000103;990.5048000000528;984.9349000000102;978.4365000000014;978.4365000000014;978.4365000000014;978.4365000000014;944.9874999999963;978.4365000000014;960.3909999999973;984.9349000000102;
5129.775914508174;988.1552000000659;984.9349000000102;960.8310999999974;961.7112999999974;992.8368000000398;984.8468000000103;990.5048000000528;984.9349000000102;978.4365000000014;978.4365000000014;978.4365000000014;978.4365000000014;944.9874999999963;978.4365000000014;960.3909999999973;984.9349000000102;
5129.781230508173;988.1552000000659;984.9349000000102;960.8310999999974;961.7112999999974;992.8368000000398;984.8468000000103;990.4960000000528;984.9349000000102;978.4365000000014;978.4365000000014;978.4365000000014;978.4365000000014;944.9874999999963;978.4365000000014;960.3909999999973;984.9349000000102;
5129.804088876723;988.1552000000659;984.9349000000102;960.8309999999974;961.7112999999974;992.8368000000398;984.8468000000103;990.4960000000528;984.9349000000102;978.4365000000014;978.4365000000014;978.4365000000014;978.4365000000014;944.9874999999963;978.4365000000014;960.3909999999973;984.9349000000102;
5129.804088876723;988.1552000000659;984.9349000000102;960.3909999999973;961.7112999999974;992.8368000000398;984.8468000000103;990.4960000000528;984.9349000000102;978.4365000000014;978.4365000000014;978.4365000000014;978.4365000000014;944.9874999999963;978.4365000000014;960.3909999999973;984.9349000000102;
5129.8094048767225;988.1464000000659;984.9349000000102;960.3909999999973;961.7112999999974;992.8368000000398;984.8468000000103;990.4960000000528;984.9349000000102;978.4365000000014;978.4365000000014;978.4365000000014;978.4365000000014;944.9874999999963;978.4365000000014;960.3909999999973;984.9349000000102;
5129.858746716166;988.1464000000659;984.9349000000102;960.3909999999973;961.7112999999974;992.8368000000398;984.8468000000103;990.4960000000528;984.9349000000102;978.4365000000014;978.4365000000014;978.4365000000014;978.4365000000014;944.9873999999963;978.4365000000014;960.3909999999973;984.9349000000102;
5129.858746716166;988.1464000000659;984.9349000000102;960.3909999999973;961.7112999999974;992.8368000000398;984.8468000000103;990.4960000000528;984.9349000000102;978.4365000000014;978.4365000000014;978.4365000000014;978.4365000000014;944.5473999999963;978.4365000000014;960.3909999999973;984.9349000000102;
5129.864062716166;988.1464000000659;984.9349000000102;960.3909999999973;961.7112999999974;992.8280000000399;984.8468000000103;990.4960000000528;984.9349000000102;978.4365000000014;978.4365000000014;978.4365000000014;978.4365000000014;944.5473999999963;978.4365000000014;960.3909999999973;984.9349000000102;
5129.864062716166;988.1464000000659;984.9349000000102;960.3909999999973;961.7112999999974;992.8192000000399;984.8468000000103;990.4960000000528;984.9349000000102;978.4365000000014;978.4365000000014;978.4365000000014;978.4365000000014;944.5473999999963;978.4365000000014;960.3909999999973;984.9349000000102;
5130.775919284509;988.128800000066;984.8468000000103;960.3909999999973;961.2711999999974;992.80160000004;984.8468000000103;990.4872000000529;984.8468000000103;978.4365000000014;978.4365000000014;978.4365000000014;978.4365000000014;944.5473999999963;978.4365000000014;959.9508999999973;984.8468000000103;
5131.000000000051;988.120000000066;984.8468000000103;960.3909999999973;961.2711999999974;992.7928000000401;984.8468000000103;990.469600000053;984.8468000000103;978.4365000000014;978.4365000000014;978.4365000000014;978.4365000000014;944.5473999999963;978.4365000000014;959.9508999999973;984.8468000000103;
5131.775924060845;988.120000000066;984.8468000000103;960.3909999999973;961.2711999999974;992.7928000000401;984.8468000000103;990.469600000053;984.8468000000103;978.4365000000014;978.4365000000014;978.4365000000014;978.4365000000014;944.5473999999963;978.4365000000014;959.9508999999973;984.8468000000103;
5132.775928837181;988.1112000000661;984.8468000000103;960.3909999999973;961.2711999999974;992.7840000000401;984.8468000000103;990.4520000000531;984.8468000000103;978.4365000000014;978.4365000000014;978.4365000000014;978.4365000000014;944.5473999999963;978.4365000000014;959.9508999999973;984.8468000000103;
5133.775933613518;988.1024000000662;984.8468000000103;960.3909999999973;961.2711999999974;992.7840000000401;984.8468000000103;990.4432000000531;984.8468000000103;978.4365000000014;978.4365000000014;978.4365000000014;978.4365000000014;944.5473999999963;978.4365000000014;959.9508999999973;984.8468000000103;
5134.000000000049;988.1024000000662;984.8468000000103;960.3909999999973;961.2711999999974;992.7840000000401;984.8468000000103;990.4432000000531;984.8468000000103;978.4365000000014;978.4365000000014;978.4365000000014;978.4365000000014;944.5473999999963;978.4365000000014;959.9508999999973;984.8468000000103;
5135.000000000049;988.1024000000662;984.8468000000103;960.3909999999973;961.2711999999974;992.7840000000401;984.8468000000103;990.4432000000531;984.8468000000103;978.4365000000014;978.4365000000014;978.4365000000014;978.4365000000014;944.5473999999963;978.4365000000014;959.9508999999973;984.8468000000103;
5136.000000000049;988.1024000000662;984.8468000000103;960.3909999999973;961.2711999999974;992.7840000000401;984.8468000000103;990.4432000000531;984.8468000000103;978.4365000000014;978.4365000000014;978.4365000000014;978.4365000000014;944.5473999999963;978.4365000000014;959.9508999999973;984.8468000000103;
5137.000000000049;988.1024000000662;984.8468000000103;960.3909999999973;961.2711999999974;992.7840000000401;984.8468000000103;990.4432000000531;984.8468000000103;978.4365000000014;978.4365000000014;978.4365000000014;978.4365000000014;944.5473999999963;978.4365000000014;959.9508999999973;984.8468000000103;
5138.000000000049;988.1024000000662;984.8468000000103;960.3909999999973;961.2711999999974;992.7840000000401;984.8468000000103;990.4432000000531;984.8468000000103;978.4365000000014;978.4365000000014;978.4365000000014;978.4365000000014;944.5473999999963;978.4365000000014;959.9508999999973;984.8468000000103;
5139.000000000049;988.1024000000662;984.8468000000103;960.3909999999973;961.2711999999974;992.7840000000401;984.8468000000103;990.4432000000531;984.8468000000103;978.4365000000014;978.4365000000014;978.4365000000014;978.4365000000014;944.5473999999963;978.4365000000014;959.9508999999973;984.8468000000103;
5140.000000000049;988.1024000000662;984.8468000000103;960.3909999999973;961.2711999999974;992.7840000000401;984.8468000000103;990.4432000000531;984.8468000000103;978.4365000000014;978.4365000000014;978.4365000000014;978.4365000000014;944.5473999999963;978.4365000000014;959.9508999999973;984.8468000000103;
5141.000000000049;988.1024000000662;984.8468000000103;960.3909999999973;961.2711999999974;992.7840000000401;984.8468000000103;990.4432000000531;984.8468000000103;978.4365000000014;978.4365000000014;978.4365000000014;978.4365000000014;944.5473999999963;978.4365000000014;959.9508999999973;984.8468000000103;
5142.000000000049;988.1024000000662;984.8468000000103;960.3909999999973;961.2711999999974;992.7840000000401;984.8468000000103;990.4432000000531;984.8468000000103;978.4365000000014;978.4365000000014;978.4365000000014;978.4365000000014;944.5473999999963;978.4365000000014;959.9508999999973;984.8468000000103;
5143.000000000049;988.1024000000662;984.8468000000103;960.3909999999973;961.2711999999974;992.7840000000401;984.8468000000103;990.4432000000531;984.8468000000103;978.4365000000014;978.4365000000014;978.4365000000014;978.4365000000014;944.5473999999963;978.4365000000014;959.9508999999973;984.8468000000103;
5144.000000000049;988.1024000000662;984.8468000000103;960.3909999999973;961.2711999999974;992.7840000000401;984.8468000000103;990.4432000000531;984.8468000000103;978.4365000000014;978.4365000000014;978.4365000000014;978.4365000000014;944.5473999999963;978.4365000000014;959.9508999999973;984.8468000000103;
5145.000000000049;988.1024000000662;984.8468000000103;960.3909999999973;961.2711999999974;992.7840000000401;984.8468000000103;990.4432000000531;984.8468000000103;978.4365000000014;978.4365000000014;978.4365000000014;978.4365000000014;944.5473999999963;978.4365000000014;959.9508999999973;984.8468000000103;
5146.000000000049;988.1024000000662;984.8468000000103;960.3909999999973;961.2711999999974;992.7840000000401;984.8468000000103;990.4432000000531;984.8468000000103;978.4365000000014;978.4365000000014;978.4365000000014;978.4365000000014;944.5473999999963;978.4365000000014;959.9508999999973;984.8468000000103;
5147.000000000049;988.1024000000662;984.8468000000103;960.3909999999973;961.2711999999974;992.7840000000401;984.8468000000103;990.4432000000531;984.8468000000103;978.4365000000014;978.4365000000014;978.4365000000014;978.4365000000014;944.5473999999963;978.4365000000014;959.9508999999973;984.8468000000103;
5148.000000000049;988.1024000000662;984.8468000000103;960.3909999999973;961.2711999999974;992.7840000000401;984.8468000000103;990.4432000000531;984.8468000000103;978.4365000000014;978.4365000000014;978.4365000000014;978.4365000000014;944.5473999999963;978.4365000000014;959.9508999999973;984.8468000000103;
5149.000000000049;988.1024000000662;984.8468000000103;960.3909999999973;961.2711999999974;992.7840000000401;984.8468000000103;990.4432000000531;984.8468000000103;978.4365000000014;978.4365000000014;978.4365000000014;978.4365000000014;944.5473999999963;978.4365000000014;959.9508999999973;984.8468000000103;
5150.000000000049;988.1024000000662;984.8468000000103;960.3909999999973;961.2711999999974;992.7840000000401;984.8468000000103;990.4432000000531;984.8468000000103;978.4365000000014;978.4365000000014;978.4365000000014;978.4365000000014;944.5473999999963;978.4365000000014;959.9508999999973;984.8468000000103;
5151.000000000049;988.1024000000662;984.8468000000103;960.3909999999973;961.2711999999974;992.7840000000401;984.8468000000103;990.4432000000531;984.8468000000103;978.4365000000014;978.4365000000014;978.4365000000014;978.4365000000014;944.5473999999963;978.4365000000014;959.9508999999973;984.8468000000103;
5152.000000000049;988.1024000000662;984.8468000000103;960.3909999999973;961.2711999999974;992.7840000000401;984.8468000000103;990.4432000000531;984.8468000000103;978.4365000000014;978.4365000000014;978.4365000000014;978.4365000000014;944.5473999999963;978.4365000000014;959.9508999999973;984.8468000000103;
5153.000000000049;988.1024000000662;984.8468000000103;960.3909999999973;961.2711999999974;992.7840000000401;984.8468000000103;990.4432000000531;984.8468000000103;978.4365000000014;978.4365000000014;978.4365000000014;978.4365000000014;944.5473999999963;978.4365000000014;959.9508999999973;984.8468000000103;
5154.000000000049;988.1024000000662;984.8468000000103;960.3909999999973;961.2711999999974;992.7840000000401;984.8468000000103;990.4432000000531;984.8468000000103;978.4365000000014;978.4365000000014;978.4365000000014;978.4365000000014;944.5473999999963;978.4365000000014;959.9508999999973;984.8468000000103;
5155.000000000049;988.1024000000662;984.8468000000103;960.3909999999973;961.2711999999974;992.7840000000401;984.8468000000103;990.4432000000531;984.8468000000103;978.4365000000014;978.4365000000014;978.4365000000014;978.4365000000014;944.5473999999963;978.4365000000014;959.9508999999973;984.8468000000103;
5156.000000000049;988.1024000000662;984.8468000000103;960.3909999999973;961.2711999999974;992.7840000000401;984.8468000000103;990.4432000000531;984.8468000000103;978.4365000000014;978.4365000000014;978.4365000000014;978.4365000000014;944.5473999999963;978.4365000000014;959.9508999999973;984.8468000000103;
5157.000000000049;988.1024000000662;984.8468000000103;960.3909999999973;961.2711999999974;992.7840000000401;984.8468000000103;990.4432000000531;984.8468000000103;978.4365000000014;978.4365000000014;978.4365000000014;978.4365000000014;944.5473999999963;978.4365000000014;959.9508999999973;984.8468000000103;
5158.000000000049;988.1024000000662;984.8468000000103;960.3909999999973;961.2711999999974;992.7840000000401;984.8468000000103;990.4432000000531;984.8468000000103;978.4365000000014;978.4365000000014;978.4365000000014;978.4365000000014;944.5473999999963;978.4365000000014;959.9508999999973;984.8468000000103;
5159.000000000049;988.1024000000662;984.8468000000103;960.3909999999973;961.2711999999974;992.7840000000401;984.8468000000103;990.4432000000531;984.8468000000103;978.4365000000014;978.4365000000014;978.4365000000014;978.4365000000014;944.5473999999963;978.4365000000014;959.9508999999973;984.8468000000103;
5159.770571245902;988.1024000000662;984.8468000000103;960.3909999999973;961.2711999999974;992.7840000000401;984.8467000000103;990.4432000000531;984.8468000000103;978.4365000000014;978.4365000000014;978.4365000000014;978.4365000000014;944.5473999999963;978.4365000000014;959.9508999999973;984.8468000000103;
5159.770571245902;988.1024000000662;984.8468000000103;960.3909999999973;961.2711999999974;992.7840000000401;984.7587000000103;990.4432000000531;984.8468000000103;978.4365000000014;978.4365000000014;978.4365000000014;978.4365000000014;944.5473999999963;978.4365000000014;959.9508999999973;984.8468000000103;
5159.775887245902;988.0936000000662;984.8468000000103;960.3909999999973;961.2711999999974;992.7840000000401;984.7587000000103;990.4432000000531;984.8468000000103;978.4365000000014;978.4365000000014;978.4365000000014;978.4365000000014;944.5473999999963;978.4365000000014;959.9508999999973;984.8468000000103;
5159.775887245902;988.0848000000663;984.8468000000103;960.3909999999973;961.2711999999974;992.7840000000401;984.7587000000103;990.4432000000531;984.8468000000103;978.4365000000014;978.4365000000014;978.4365000000014;978.4365000000014;944.5473999999963;978.4365000000014;959.9508999999973;984.8468000000103;
5159.781203245901;988.0848000000663;984.8468000000103;960.3909999999973;961.2711999999974;992.7840000000401;984.7587000000103;990.4344000000532;984.8468000000103;978.4365000000014;978.4365000000014;978.4365000000014;978.4365000000014;944.5473999999963;978.4365000000014;959.9508999999973;984.8468000000103;
5159.857019106032;988.0848000000663;984.8468000000103;960.3909999999973;961.2711999999974;992.7840000000401;984.7587000000103;990.4344000000532;984.8468000000103;978.4365000000014;978.4365000000014;978.4365000000014;978.4365000000014;944.5472999999963;978.4365000000014;959.9508999999973;984.8468000000103;
5159.857019106032;988.0848000000663;984.8468000000103;960.3909999999973;961.2711999999974;992.7840000000401;984.7587000000103;990.4344000000532;984.8468000000103;978.4365000000014;978.4365000000014;978.4365000000014;978.4365000000014;944.1072999999963;978.4365000000014;959.9508999999973;984.8468000000103;
5159.862335106031;988.0848000000663;984.8468000000103;960.3909999999973;961.2711999999974;992.7752000000402;984.7587000000103;990.4344000000532;984.8468000000103;978.4365000000014;978.4365000000014;978.4365000000014;978.4365000000014;944.1072999999963;978.4365000000014;959.9508999999973;984.8468000000103;
5159.862335106031;988.0848000000663;984.8468000000103;960.3909999999973;961.2711999999974;992.7664000000402;984.7587000000103;990.4344000000532;984.8468000000103;978.4365000000014;978.4365000000014;978.4365000000014;978.4365000000014;944.1072999999963;978.4365000000014;959.9508999999973;984.8468000000103;
5159.867651106031;988.0848000000663;984.8468000000103;960.3909999999973;961.2711999999974;992.7664000000402;984.7587000000103;990.4256000000532;984.8468000000103;978.4365000000014;978.4365000000014;978.4365000000014;978.4365000000014;944.1072999999963;978.4365000000014;959.9508999999973;984.8468000000103;
5159.940520299312;988.0848000000663;984.8468000000103;960.3909999999973;961.2711999999974;992.7664000000402;984.7587000000103;990.4256000000532;984.8467000000103;978.4365000000014;978.4365000000014;978.4365000000014;978.4365000000014;944.1072999999963;978.4365000000014;959.9508999999973;984.8468000000103;
5159.940520299312;988.0848000000663;984.8468000000103;960.3909999999973;961.2711999999974;992.7664000000402;984.7587000000103;990.4256000000532;984.7587000000103;978.4365000000014;978.4365000000014;978.4365000000014;978.4365000000014;944.1072999999963;978.4365000000014;959.9508999999973;984.8468000000103;
5160.775892022238;988.0672000000664;984.7587000000103;960.3909999999973;961.2711999999974;992.7664000000402;984.7587000000103;990.4256000000532;984.7587000000103;978.4365000000014;978.4365000000014;978.4365000000014;978.4365000000014;944.1072999999963;978.4365000000014;959.9508999999973;984.7587000000103;
5161.775896798575;988.0584000000664;984.7587000000103;960.3909999999973;961.2711999999974;992.7664000000402;984.7587000000103;990.4168000000533;984.7587000000103;978.4365000000014;978.4365000000014;978.4365000000014;978.4365000000014;944.1072999999963;978.4365000000014;959.9508999999973;984.7587000000103;
5162.000000000047;988.0496000000664;984.7587000000103;960.3909999999973;961.2711999999974;992.7664000000402;984.7587000000103;990.4080000000533;984.7587000000103;978.4365000000014;978.4365000000014;978.4365000000014;978.4365000000014;944.1072999999963;978.4365000000014;959.9508999999973;984.7587000000103;
5162.775901574912;988.0496000000664;984.7587000000103;960.3909999999973;961.2711999999974;992.7664000000402;984.7587000000103;990.4080000000533;984.7587000000103;978.4365000000014;978.4365000000014;978.4365000000014;978.4365000000014;944.1072999999963;978.4365000000014;959.9508999999973;984.7587000000103;
5164.000000000047;988.0496000000664;984.7587000000103;960.3909999999973;961.2711999999974;992.7664000000402;984.7587000000103;990.4080000000533;984.7587000000103;978.4365000000014;978.4365000000014;978.4365000000014;978.4365000000014;944.1072999999963;978.4365000000014;959.9508999999973;984.7587000000103;
5165.000000000047;988.0496000000664;984.7587000000103;960.3909999999973;961.2711999999974;992.7664000000402;984.7587000000103;990.4080000000533;984.7587000000103;978.4365000000014;978.4365000000014;978.4365000000014;978.4365000000014;944.1072999999963;978.4365000000014;959.9508999999973;984.7587000000103;
5166.000000000047;988.0496000000664;984.7587000000103;960.3909999999973;961.2711999999974;992.7664000000402;984.7587000000103;990.4080000000533;984.7587000000103;978.4365000000014;978.4365000000014;978.4365000000014;978.4365000000014;944.1072999999963;978.4365000000014;959.9508999999973;984.7587000000103;
5167.000000000047;988.0496000000664;984.7587000000103;960.3909999999973;961.2711999999974;992.7664000000402;984.7587000000103;990.4080000000533;984.7587000000103;978.4365000000014;978.4365000000014;978.4365000000014;978.4365000000014;944.1072999999963;978.4365000000014;959.9508999999973;984.7587000000103;
5168.000000000047;988.0496000000664;984.7587000000103;960.3909999999973;961.2711999999974;992.7664000000402;984.7587000000103;990.4080000000533;984.7587000000103;978.4365000000014;978.4365000000014;978.4365000000014;978.4365000000014;944.1072999999963;978.4365000000014;959.9508999999973;984.7587000000103;
5169.000000000047;988.0496000000664;984.7587000000103;960.3909999999973;961.2711999999974;992.7664000000402;984.7587000000103;990.4080000000533;984.7587000000103;978.4365000000014;978.4365000000014;978.4365000000014;978.4365000000014;944.1072999999963;978.4365000000014;959.9508999999973;984.7587000000103;
5170.000000000047;988.0496000000664;984.7587000000103;960.3909999999973;961.2711999999974;992.7664000000402;984.7587000000103;990.4080000000533;984.7587000000103;978.4365000000014;978.4365000000014;978.4365000000014;978.4365000000014;944.1072999999963;978.4365000000014;959.9508999999973;984.7587000000103;
5171.000000000047;988.0496000000664;984.7587000000103;960.3909999999973;961.2711999999974;992.7664000000402;984.7587000000103;990.4080000000533;984.7587000000103;978.4365000000014;978.4365000000014;978.4365000000014;978.4365000000014;944.1072999999963;978.4365000000014;959.9508999999973;984.7587000000103;
5172.000000000047;988.0496000000664;984.7587000000103;960.3909999999973;961.2711999999974;992.7664000000402;984.7587000000103;990.4080000000533;984.7587000000103;978.4365000000014;978.4365000000014;978.4365000000014;978.4365000000014;944.1072999999963;978.4365000000014;959.9508999999973;984.7587000000103;
5173.000000000047;988.0496000000664;984.7587000000103;960.3909999999973;961.2711999999974;992.7664000000402;984.7587000000103;990.4080000000533;984.7587000000103;978.4365000000014;978.4365000000014;978.4365000000014;978.4365000000014;944.1072999999963;978.4365000000014;959.9508999999973;984.7587000000103;
5174.000000000047;988.0496000000664;984.7587000000103;960.3909999999973;961.2711999999974;992.7664000000402;984.7587000000103;990.4080000000533;984.7587000000103;978.4365000000014;978.4365000000014;978.4365000000014;978.4365000000014;944.1072999999963;978.4365000000014;959.9508999999973;984.7587000000103;
5175.000000000047;988.0496000000664;984.7587000000103;960.3909999999973;961.2711999999974;992.7664000000402;984.7587000000103;990.4080000000533;984.7587000000103;978.4365000000014;978.4365000000014;978.4365000000014;978.4365000000014;944.1072999999963;978.4365000000014;959.9508999999973;984.7587000000103;
5175.022723878775;988.0496000000664;984.7587000000103;960.3909999999973;961.2711999999974;992.7664000000402;984.7587000000103;990.4080000000533;984.7587000000103;978.4365000000014;978.4365000000014;978.4365000000014;978.4364000000014;944.1072999999963;978.4365000000014;959.9508999999973;984.7587000000103;
5175.022723878775;988.0496000000664;984.7587000000103;960.3909999999973;961.2711999999974;992.7664000000402;984.7587000000103;990.4080000000533;984.7587000000103;978.4365000000014;978.4365000000014;978.4365000000014;977.8204000000014;944.1072999999963;978.4365000000014;959.9508999999973;984.7587000000103;
5175.0280398787745;988.0496000000664;984.7587000000103;960.3909999999973;961.2711999999974;992.7576000000403;984.7587000000103;990.4080000000533;984.7587000000103;978.4365000000014;978.4365000000014;978.4365000000014;977.8204000000014;944.1072999999963;978.4365000000014;959.9508999999973;984.7587000000103;
5175.0280398787745;988.0496000000664;984.7587000000103;960.3909999999973;961.2711999999974;992.7488000000403;984.7587000000103;990.4080000000533;984.7587000000103;978.4365000000014;978.4365000000014;978.4365000000014;977.8204000000014;944.1072999999963;978.4365000000014;959.9508999999973;984.7587000000103;
5175.033355878774;988.0496000000664;984.7587000000103;960.3909999999973;961.2711999999974;992.7488000000403;984.7587000000103;990.3992000000534;984.7587000000103;978.4365000000014;978.4365000000014;978.4365000000014;977.8204000000014;944.1072999999963;978.4365000000014;959.9508999999973;984.7587000000103;
5176.000000000046;988.0496000000664;984.7587000000103;960.3909999999973;961.2711999999974;992.7488000000403;984.7587000000103;990.3992000000534;984.7587000000103;978.4365000000014;978.4365000000014;978.4365000000014;977.8204000000014;944.1072999999963;978.4365000000014;959.9508999999973;984.7587000000103;
5176.028029731752;988.0496000000664;984.7587000000103;960.3909999999973;961.2711999999974;992.7488000000403;984.7587000000103;990.3992000000534;984.7587000000103;978.4365000000014;978.4365000000014;978.4365000000014;977.8204000000014;944.1072999999963;978.4365000000014;959.9508999999973;984.7587000000103;
5177.000000000046;988.0496000000664;984.7587000000103;960.3909999999973;961.2711999999974;992.7488000000403;984.7587000000103;990.3992000000534;984.7587000000103;978.4365000000014;978.4365000000014;978.4365000000014;977.8204000000014;944.1072999999963;978.4365000000014;959.9508999999973;984.7587000000103;
5178.000000000046;988.0496000000664;984.7587000000103;960.3909999999973;961.2711999999974;992.7488000000403;984.7587000000103;990.3992000000534;984.7587000000103;978.4365000000014;978.4365000000014;978.4365000000014;977.8204000000014;944.1072999999963;978.4365000000014;959.9508999999973;984.7587000000103;
5179.000000000046;988.0496000000664;984.7587000000103;960.3909999999973;961.2711999999974;992.7488000000403;984.7587000000103;990.3992000000534;984.7587000000103;978.4365000000014;978.4365000000014;978.4365000000014;977.8204000000014;944.1072999999963;978.4365000000014;959.9508999999973;984.7587000000103;
5180.000000000046;988.0496000000664;984.7587000000103;960.3909999999973;961.2711999999974;992.7488000000403;984.7587000000103;990.3992000000534;984.7587000000103;978.4365000000014;978.4365000000014;978.4365000000014;977.8204000000014;944.1072999999963;978.4365000000014;959.9508999999973;984.7587000000103;
5181.000000000046;988.0496000000664;984.7587000000103;960.3909999999973;961.2711999999974;992.7488000000403;984.7587000000103;990.3992000000534;984.7587000000103;978.4365000000014;978.4365000000014;978.4365000000014;977.8204000000014;944.1072999999963;978.4365000000014;959.9508999999973;984.7587000000103;
5182.000000000046;988.0496000000664;984.7587000000103;960.3909999999973;961.2711999999974;992.7488000000403;984.7587000000103;990.3992000000534;984.7587000000103;978.4365000000014;978.4365000000014;978.4365000000014;977.8204000000014;944.1072999999963;978.4365000000014;959.9508999999973;984.7587000000103;
5183.000000000046;988.0496000000664;984.7587000000103;960.3909999999973;961.2711999999974;992.7488000000403;984.7587000000103;990.3992000000534;984.7587000000103;978.4365000000014;978.4365000000014;978.4365000000014;977.8204000000014;944.1072999999963;978.4365000000014;959.9508999999973;984.7587000000103;
5184.000000000046;988.0496000000664;984.7587000000103;960.3909999999973;961.2711999999974;992.7488000000403;984.7587000000103;990.3992000000534;984.7587000000103;978.4365000000014;978.4365000000014;978.4365000000014;977.8204000000014;944.1072999999963;978.4365000000014;959.9508999999973;984.7587000000103;
5185.000000000046;988.0496000000664;984.7587000000103;960.3909999999973;961.2711999999974;992.7488000000403;984.7587000000103;990.3992000000534;984.7587000000103;978.4365000000014;978.4365000000014;978.4365000000014;977.8204000000014;944.1072999999963;978.4365000000014;959.9508999999973;984.7587000000103;
5186.000000000046;988.0496000000664;984.7587000000103;960.3909999999973;961.2711999999974;992.7488000000403;984.7587000000103;990.3992000000534;984.7587000000103;978.4365000000014;978.4365000000014;978.4365000000014;977.8204000000014;944.1072999999963;978.4365000000014;959.9508999999973;984.7587000000103;
5187.000000000046;988.0496000000664;984.7587000000103;960.3909999999973;961.2711999999974;992.7488000000403;984.7587000000103;990.3992000000534;984.7587000000103;978.4365000000014;978.4365000000014;978.4365000000014;977.8204000000014;944.1072999999963;978.4365000000014;959.9508999999973;984.7587000000103;
5188.000000000046;988.0496000000664;984.7587000000103;960.3909999999973;961.2711999999974;992.7488000000403;984.7587000000103;990.3992000000534;984.7587000000103;978.4365000000014;978.4365000000014;978.4365000000014;977.8204000000014;944.1072999999963;978.4365000000014;959.9508999999973;984.7587000000103;
5189.000000000046;988.0496000000664;984.7587000000103;960.3909999999973;961.2711999999974;992.7488000000403;984.7587000000103;990.3992000000534;984.7587000000103;978.4365000000014;978.4365000000014;978.4365000000014;977.8204000000014;944.1072999999963;978.4365000000014;959.9508999999973;984.7587000000103;
5189.770543983633;988.0496000000664;984.7587000000103;960.3909999999973;961.2711999999974;992.7488000000403;984.7586000000103;990.3992000000534;984.7587000000103;978.4365000000014;978.4365000000014;978.4365000000014;977.8204000000014;944.1072999999963;978.4365000000014;959.9508999999973;984.7587000000103;
5189.770543983633;988.0496000000664;984.7587000000103;960.3909999999973;961.2711999999974;992.7488000000403;984.6706000000104;990.3992000000534;984.7587000000103;978.4365000000014;978.4365000000014;978.4365000000014;977.8204000000014;944.1072999999963;978.4365000000014;959.9508999999973;984.7587000000103;
5189.7758599836325;988.0408000000665;984.7587000000103;960.3909999999973;961.2711999999974;992.7488000000403;984.6706000000104;990.3992000000534;984.7587000000103;978.4365000000014;978.4365000000014;978.4365000000014;977.8204000000014;944.1072999999963;978.4365000000014;959.9508999999973;984.7587000000103;
5189.7758599836325;988.0320000000665;984.7587000000103;960.3909999999973;961.2711999999974;992.7488000000403;984.6706000000104;990.3992000000534;984.7587000000103;978.4365000000014;978.4365000000014;978.4365000000014;977.8204000000014;944.1072999999963;978.4365000000014;959.9508999999973;984.7587000000103;
5189.781175983632;988.0320000000665;984.7587000000103;960.3909999999973;961.2711999999974;992.7488000000403;984.6706000000104;990.3904000000534;984.7587000000103;978.4365000000014;978.4365000000014;978.4365000000014;977.8204000000014;944.1072999999963;978.4365000000014;959.9508999999973;984.7587000000103;
5189.804096310861;988.0320000000665;984.7587000000103;960.3908999999974;961.2711999999974;992.7488000000403;984.6706000000104;990.3904000000534;984.7587000000103;978.4365000000014;978.4365000000014;978.4365000000014;977.8204000000014;944.1072999999963;978.4365000000014;959.9508999999973;984.7587000000103;
5189.804096310861;988.0320000000665;984.7587000000103;959.9508999999973;961.2711999999974;992.7488000000403;984.6706000000104;990.3904000000534;984.7587000000103;978.4365000000014;978.4365000000014;978.4365000000014;977.8204000000014;944.1072999999963;978.4365000000014;959.9508999999973;984.7587000000103;
5190.7758647599685;988.0056000000667;984.6706000000104;959.9508999999973;960.8310999999974;992.7136000000405;984.6706000000104;990.3816000000535;984.6706000000104;978.4365000000014;978.4365000000014;978.4365000000014;977.8204000000014;943.6671999999962;978.4365000000014;959.5107999999973;984.6706000000104;
5191.775869536305;987.9968000000667;984.6706000000104;959.9508999999973;960.8310999999974;992.7048000000406;984.6706000000104;990.3640000000536;984.6706000000104;978.4365000000014;978.4365000000014;978.4365000000014;977.8204000000014;943.6671999999962;978.4365000000014;959.5107999999973;984.6706000000104;
5192.000000000044;987.9880000000668;984.6706000000104;959.9508999999973;960.8310999999974;992.6960000000406;984.6706000000104;990.3464000000537;984.6706000000104;978.4365000000014;978.4365000000014;978.4365000000014;977.8204000000014;943.6671999999962;978.4365000000014;959.5107999999973;984.6706000000104;
5192.775874312642;987.9880000000668;984.6706000000104;959.9508999999973;960.8310999999974;992.6960000000406;984.6706000000104;990.3464000000537;984.6706000000104;978.4365000000014;978.4365000000014;978.4365000000014;977.8204000000014;943.6671999999962;978.4365000000014;959.5107999999973;984.6706000000104;
5193.775879088979;987.9792000000668;984.6706000000104;959.9508999999973;960.8310999999974;992.6960000000406;984.6706000000104;990.3376000000537;984.6706000000104;978.4365000000014;978.4365000000014;978.4365000000014;977.8204000000014;943.6671999999962;978.4365000000014;959.5107999999973;984.6706000000104;
5194.000000000044;987.9792000000668;984.6706000000104;959.9508999999973;960.8310999999974;992.6960000000406;984.6706000000104;990.3376000000537;984.6706000000104;978.4365000000014;978.4365000000014;978.4365000000014;977.8204000000014;943.6671999999962;978.4365000000014;959.5107999999973;984.6706000000104;
5195.000000000044;987.9792000000668;984.6706000000104;959.9508999999973;960.8310999999974;992.6960000000406;984.6706000000104;990.3376000000537;984.6706000000104;978.4365000000014;978.4365000000014;978.4365000000014;977.8204000000014;943.6671999999962;978.4365000000014;959.5107999999973;984.6706000000104;
5196.000000000044;987.9792000000668;984.6706000000104;959.9508999999973;960.8310999999974;992.6960000000406;984.6706000000104;990.3376000000537;984.6706000000104;978.4365000000014;978.4365000000014;978.4365000000014;977.8204000000014;943.6671999999962;978.4365000000014;959.5107999999973;984.6706000000104;
5197.000000000044;987.9792000000668;984.6706000000104;959.9508999999973;960.8310999999974;992.6960000000406;984.6706000000104;990.3376000000537;984.6706000000104;978.4365000000014;978.4365000000014;978.4365000000014;977.8204000000014;943.6671999999962;978.4365000000014;959.5107999999973;984.6706000000104;
5198.000000000044;987.9792000000668;984.6706000000104;959.9508999999973;960.8310999999974;992.6960000000406;984.6706000000104;990.3376000000537;984.6706000000104;978.4365000000014;978.4365000000014;978.4365000000014;977.8204000000014;943.6671999999962;978.4365000000014;959.5107999999973;984.6706000000104;
5199.000000000044;987.9792000000668;984.6706000000104;959.9508999999973;960.8310999999974;992.6960000000406;984.6706000000104;990.3376000000537;984.6706000000104;978.4365000000014;978.4365000000014;978.4365000000014;977.8204000000014;943.6671999999962;978.4365000000014;959.5107999999973;984.6706000000104;
5200.000000000044;987.9792000000668;984.6706000000104;959.9508999999973;960.8310999999974;992.6960000000406;984.6706000000104;990.3376000000537;984.6706000000104;978.4365000000014;978.4365000000014;978.4365000000014;977.8204000000014;943.6671999999962;978.4365000000014;959.5107999999973;984.6706000000104;
5201.000000000044;987.9792000000668;984.6706000000104;959.9508999999973;960.8310999999974;992.6960000000406;984.6706000000104;990.3376000000537;984.6706000000104;978.4365000000014;978.4365000000014;978.4365000000014;977.8204000000014;943.6671999999962;978.4365000000014;959.5107999999973;984.6706000000104;
5202.000000000044;987.9792000000668;984.6706000000104;959.9508999999973;960.8310999999974;992.6960000000406;984.6706000000104;990.3376000000537;984.6706000000104;978.4365000000014;978.4365000000014;978.4365000000014;977.8204000000014;943.6671999999962;978.4365000000014;959.5107999999973;984.6706000000104;
5203.000000000044;987.9792000000668;984.6706000000104;959.9508999999973;960.8310999999974;992.6960000000406;984.6706000000104;990.3376000000537;984.6706000000104;978.4365000000014;978.4365000000014;978.4365000000014;977.8204000000014;943.6671999999962;978.4365000000014;959.5107999999973;984.6706000000104;
5204.000000000044;987.9792000000668;984.6706000000104;959.9508999999973;960.8310999999974;992.6960000000406;984.6706000000104;990.3376000000537;984.6706000000104;978.4365000000014;978.4365000000014;978.4365000000014;977.8204000000014;943.6671999999962;978.4365000000014;959.5107999999973;984.6706000000104;
5205.000000000044;987.9792000000668;984.6706000000104;959.9508999999973;960.8310999999974;992.6960000000406;984.6706000000104;990.3376000000537;984.6706000000104;978.4365000000014;978.4365000000014;978.4365000000014;977.8204000000014;943.6671999999962;978.4365000000014;959.5107999999973;984.6706000000104;
5206.000000000044;987.9792000000668;984.6706000000104;959.9508999999973;960.8310999999974;992.6960000000406;984.6706000000104;990.3376000000537;984.6706000000104;978.4365000000014;978.4365000000014;978.4365000000014;977.8204000000014;943.6671999999962;978.4365000000014;959.5107999999973;984.6706000000104;
5207.000000000044;987.9792000000668;984.6706000000104;959.9508999999973;960.8310999999974;992.6960000000406;984.6706000000104;990.3376000000537;984.6706000000104;978.4365000000014;978.4365000000014;978.4365000000014;977.8204000000014;943.6671999999962;978.4365000000014;959.5107999999973;984.6706000000104;
5208.000000000044;987.9792000000668;984.6706000000104;959.9508999999973;960.8310999999974;992.6960000000406;984.6706000000104;990.3376000000537;984.6706000000104;978.4365000000014;978.4365000000014;978.4365000000014;977.8204000000014;943.6671999999962;978.4365000000014;959.5107999999973;984.6706000000104;
5209.000000000044;987.9792000000668;984.6706000000104;959.9508999999973;960.8310999999974;992.6960000000406;984.6706000000104;990.3376000000537;984.6706000000104;978.4365000000014;978.4365000000014;978.4365000000014;977.8204000000014;943.6671999999962;978.4365000000014;959.5107999999973;984.6706000000104;
5210.000000000044;987.9792000000668;984.6706000000104;959.9508999999973;960.8310999999974;992.6960000000406;984.6706000000104;990.3376000000537;984.6706000000104;978.4365000000014;978.4365000000014;978.4365000000014;977.8204000000014;943.6671999999962;978.4365000000014;959.5107999999973;984.6706000000104;
5211.000000000044;987.9792000000668;984.6706000000104;959.9508999999973;960.8310999999974;992.6960000000406;984.6706000000104;990.3376000000537;984.6706000000104;978.4365000000014;978.4365000000014;978.4365000000014;977.8204000000014;943.6671999999962;978.4365000000014;959.5107999999973;984.6706000000104;
5212.000000000044;987.9792000000668;984.6706000000104;959.9508999999973;960.8310999999974;992.6960000000406;984.6706000000104;990.3376000000537;984.6706000000104;978.4365000000014;978.4365000000014;978.4365000000014;977.8204000000014;943.6671999999962;978.4365000000014;959.5107999999973;984.6706000000104;
5213.000000000044;987.9792000000668;984.6706000000104;959.9508999999973;960.8310999999974;992.6960000000406;984.6706000000104;990.3376000000537;984.6706000000104;978.4365000000014;978.4365000000014;978.4365000000014;977.8204000000014;943.6671999999962;978.4365000000014;959.5107999999973;984.6706000000104;
5214.000000000044;987.9792000000668;984.6706000000104;959.9508999999973;960.8310999999974;992.6960000000406;984.6706000000104;990.3376000000537;984.6706000000104;978.4365000000014;978.4365000000014;978.4365000000014;977.8204000000014;943.6671999999962;978.4365000000014;959.5107999999973;984.6706000000104;
5215.000000000044;987.9792000000668;984.6706000000104;959.9508999999973;960.8310999999974;992.6960000000406;984.6706000000104;990.3376000000537;984.6706000000104;978.4365000000014;978.4365000000014;978.4365000000014;977.8204000000014;943.6671999999962;978.4365000000014;959.5107999999973;984.6706000000104;
5216.000000000044;987.9792000000668;984.6706000000104;959.9508999999973;960.8310999999974;992.6960000000406;984.6706000000104;990.3376000000537;984.6706000000104;978.4365000000014;978.4365000000014;978.4365000000014;977.8204000000014;943.6671999999962;978.4365000000014;959.5107999999973;984.6706000000104;
5217.000000000044;987.9792000000668;984.6706000000104;959.9508999999973;960.8310999999974;992.6960000000406;984.6706000000104;990.3376000000537;984.6706000000104;978.4365000000014;978.4365000000014;978.4365000000014;977.8204000000014;943.6671999999962;978.4365000000014;959.5107999999973;984.6706000000104;
5218.000000000044;987.9792000000668;984.6706000000104;959.9508999999973;960.8310999999974;992.6960000000406;984.6706000000104;990.3376000000537;984.6706000000104;978.4365000000014;978.4365000000014;978.4365000000014;977.8204000000014;943.6671999999962;978.4365000000014;959.5107999999973;984.6706000000104;
5219.000000000044;987.9792000000668;984.6706000000104;959.9508999999973;960.8310999999974;992.6960000000406;984.6706000000104;990.3376000000537;984.6706000000104;978.4365000000014;978.4365000000014;978.4365000000014;977.8204000000014;943.6671999999962;978.4365000000014;959.5107999999973;984.6706000000104;
5219.7705167213635;987.9792000000668;984.6706000000104;959.9508999999973;960.8310999999974;992.6960000000406;984.6705000000104;990.3376000000537;984.6706000000104;978.4365000000014;978.4365000000014;978.4365000000014;977.8204000000014;943.6671999999962;978.4365000000014;959.5107999999973;984.6706000000104;
5219.7705167213635;987.9792000000668;984.6706000000104;959.9508999999973;960.8310999999974;992.6960000000406;984.5825000000104;990.3376000000537;984.6706000000104;978.4365000000014;978.4365000000014;978.4365000000014;977.8204000000014;943.6671999999962;978.4365000000014;959.5107999999973;984.6706000000104;
5219.775832721363;987.9704000000669;984.6706000000104;959.9508999999973;960.8310999999974;992.6960000000406;984.5825000000104;990.3376000000537;984.6706000000104;978.4365000000014;978.4365000000014;978.4365000000014;977.8204000000014;943.6671999999962;978.4365000000014;959.5107999999973;984.6706000000104;
5219.775832721363;987.9616000000669;984.6706000000104;959.9508999999973;960.8310999999974;992.6960000000406;984.5825000000104;990.3376000000537;984.6706000000104;978.4365000000014;978.4365000000014;978.4365000000014;977.8204000000014;943.6671999999962;978.4365000000014;959.5107999999973;984.6706000000104;
5219.781148721363;987.9616000000669;984.6706000000104;959.9508999999973;960.8310999999974;992.6960000000406;984.5825000000104;990.3288000000538;984.6706000000104;978.4365000000014;978.4365000000014;978.4365000000014;977.8204000000014;943.6671999999962;978.4365000000014;959.5107999999973;984.6706000000104;
5219.940606917179;987.9616000000669;984.6706000000104;959.9508999999973;960.8310999999974;992.6960000000406;984.5825000000104;990.3288000000538;984.6705000000104;978.4365000000014;978.4365000000014;978.4365000000014;977.8204000000014;943.6671999999962;978.4365000000014;959.5107999999973;984.6706000000104;
5219.940606917179;987.9616000000669;984.6706000000104;959.9508999999973;960.8310999999974;992.6960000000406;984.5825000000104;990.3288000000538;984.5825000000104;978.4365000000014;978.4365000000014;978.4365000000014;977.8204000000014;943.6671999999962;978.4365000000014;959.5107999999973;984.6706000000104;
5219.945922917179;987.952800000067;984.6706000000104;959.9508999999973;960.8310999999974;992.6960000000406;984.5825000000104;990.3288000000538;984.5825000000104;978.4365000000014;978.4365000000014;978.4365000000014;977.8204000000014;943.6671999999962;978.4365000000014;959.5107999999973;984.6706000000104;
5219.995693631163;987.952800000067;984.6705000000104;959.9508999999973;960.8310999999974;992.6960000000406;984.5825000000104;990.3288000000538;984.5825000000104;978.4365000000014;978.4365000000014;978.4365000000014;977.8204000000014;943.6671999999962;978.4365000000014;959.5107999999973;984.6706000000104;
5219.995693631163;987.952800000067;984.5825000000104;959.9508999999973;960.8310999999974;992.6960000000406;984.5825000000104;990.3288000000538;984.5825000000104;978.4365000000014;978.4365000000014;978.4365000000014;977.8204000000014;943.6671999999962;978.4365000000014;959.5107999999973;984.6706000000104;
5220.000000000043;987.952800000067;984.5825000000104;959.9508999999973;960.8310999999974;992.6960000000406;984.5825000000104;990.3288000000538;984.5825000000104;978.4365000000014;978.4365000000014;978.4365000000014;977.8204000000014;943.6671999999962;978.4365000000014;959.5107999999973;984.6706000000104;
5220.001009631163;987.944000000067;984.5825000000104;959.9508999999973;960.8310999999974;992.6960000000406;984.5825000000104;990.3288000000538;984.5825000000104;978.4365000000014;978.4365000000014;978.4365000000014;977.8204000000014;943.6671999999962;978.4365000000014;959.5107999999973;984.6706000000104;
5220.775837497699;987.944000000067;984.5825000000104;959.9508999999973;960.8310999999974;992.6784000000407;984.5825000000104;990.3200000000538;984.5825000000104;978.4365000000014;978.4365000000014;978.4365000000014;977.8204000000014;943.6671999999962;978.4365000000014;959.0706999999973;984.5825000000104;
5221.775842274036;987.9352000000671;984.5825000000104;959.9508999999973;960.8310999999974;992.6784000000407;984.5825000000104;990.3112000000539;984.5825000000104;978.4365000000014;978.4365000000014;978.4365000000014;977.8204000000014;943.6671999999962;978.4365000000014;959.0706999999973;984.5825000000104;
5222.000000000042;987.9264000000671;984.5825000000104;959.9508999999973;960.8310999999974;992.6784000000407;984.5825000000104;990.3024000000539;984.5825000000104;978.4365000000014;978.4365000000014;978.4365000000014;977.8204000000014;943.6671999999962;978.4365000000014;959.0706999999973;984.5825000000104;
5222.775847050374;987.9264000000671;984.5825000000104;959.9508999999973;960.8310999999974;992.6784000000407;984.5825000000104;990.3024000000539;984.5825000000104;978.4365000000014;978.4365000000014;978.4365000000014;977.8204000000014;943.6671999999962;978.4365000000014;959.0706999999973;984.5825000000104;
5224.000000000042;987.9264000000671;984.5825000000104;959.9508999999973;960.8310999999974;992.6784000000407;984.5825000000104;990.3024000000539;984.5825000000104;978.4365000000014;978.4365000000014;978.4365000000014;977.8204000000014;943.6671999999962;978.4365000000014;959.0706999999973;984.5825000000104;
5225.000000000042;987.9264000000671;984.5825000000104;959.9508999999973;960.8310999999974;992.6784000000407;984.5825000000104;990.3024000000539;984.5825000000104;978.4365000000014;978.4365000000014;978.4365000000014;977.8204000000014;943.6671999999962;978.4365000000014;959.0706999999973;984.5825000000104;
5226.000000000042;987.9264000000671;984.5825000000104;959.9508999999973;960.8310999999974;992.6784000000407;984.5825000000104;990.3024000000539;984.5825000000104;978.4365000000014;978.4365000000014;978.4365000000014;977.8204000000014;943.6671999999962;978.4365000000014;959.0706999999973;984.5825000000104;
5227.000000000042;987.9264000000671;984.5825000000104;959.9508999999973;960.8310999999974;992.6784000000407;984.5825000000104;990.3024000000539;984.5825000000104;978.4365000000014;978.4365000000014;978.4365000000014;977.8204000000014;943.6671999999962;978.4365000000014;959.0706999999973;984.5825000000104;
5228.000000000042;987.9264000000671;984.5825000000104;959.9508999999973;960.8310999999974;992.6784000000407;984.5825000000104;990.3024000000539;984.5825000000104;978.4365000000014;978.4365000000014;978.4365000000014;977.8204000000014;943.6671999999962;978.4365000000014;959.0706999999973;984.5825000000104;
5229.000000000042;987.9264000000671;984.5825000000104;959.9508999999973;960.8310999999974;992.6784000000407;984.5825000000104;990.3024000000539;984.5825000000104;978.4365000000014;978.4365000000014;978.4365000000014;977.8204000000014;943.6671999999962;978.4365000000014;959.0706999999973;984.5825000000104;
5230.000000000042;987.9264000000671;984.5825000000104;959.9508999999973;960.8310999999974;992.6784000000407;984.5825000000104;990.3024000000539;984.5825000000104;978.4365000000014;978.4365000000014;978.4365000000014;977.8204000000014;943.6671999999962;978.4365000000014;959.0706999999973;984.5825000000104;
5231.000000000042;987.9264000000671;984.5825000000104;959.9508999999973;960.8310999999974;992.6784000000407;984.5825000000104;990.3024000000539;984.5825000000104;978.4365000000014;978.4365000000014;978.4365000000014;977.8204000000014;943.6671999999962;978.4365000000014;959.0706999999973;984.5825000000104;
5232.000000000042;987.9264000000671;984.5825000000104;959.9508999999973;960.8310999999974;992.6784000000407;984.5825000000104;990.3024000000539;984.5825000000104;978.4365000000014;978.4365000000014;978.4365000000014;977.8204000000014;943.6671999999962;978.4365000000014;959.0706999999973;984.5825000000104;
5233.000000000042;987.9264000000671;984.5825000000104;959.9508999999973;960.8310999999974;992.6784000000407;984.5825000000104;990.3024000000539;984.5825000000104;978.4365000000014;978.4365000000014;978.4365000000014;977.8204000000014;943.6671999999962;978.4365000000014;959.0706999999973;984.5825000000104;
5234.000000000042;987.9264000000671;984.5825000000104;959.9508999999973;960.8310999999974;992.6784000000407;984.5825000000104;990.3024000000539;984.5825000000104;978.4365000000014;978.4365000000014;978.4365000000014;977.8204000000014;943.6671999999962;978.4365000000014;959.0706999999973;984.5825000000104;
5235.000000000042;987.9264000000671;984.5825000000104;959.9508999999973;960.8310999999974;992.6784000000407;984.5825000000104;990.3024000000539;984.5825000000104;978.4365000000014;978.4365000000014;978.4365000000014;977.8204000000014;943.6671999999962;978.4365000000014;959.0706999999973;984.5825000000104;
5236.000000000042;987.9264000000671;984.5825000000104;959.9508999999973;960.8310999999974;992.6784000000407;984.5825000000104;990.3024000000539;984.5825000000104;978.4365000000014;978.4365000000014;978.4365000000014;977.8204000000014;943.6671999999962;978.4365000000014;959.0706999999973;984.5825000000104;
5237.000000000042;987.9264000000671;984.5825000000104;959.9508999999973;960.8310999999974;992.6784000000407;984.5825000000104;990.3024000000539;984.5825000000104;978.4365000000014;978.4365000000014;978.4365000000014;977.8204000000014;943.6671999999962;978.4365000000014;959.0706999999973;984.5825000000104;
5238.000000000042;987.9264000000671;984.5825000000104;959.9508999999973;960.8310999999974;992.6784000000407;984.5825000000104;990.3024000000539;984.5825000000104;978.4365000000014;978.4365000000014;978.4365000000014;977.8204000000014;943.6671999999962;978.4365000000014;959.0706999999973;984.5825000000104;
5239.000000000042;987.9264000000671;984.5825000000104;959.9508999999973;960.8310999999974;992.6784000000407;984.5825000000104;990.3024000000539;984.5825000000104;978.4365000000014;978.4365000000014;978.4365000000014;977.8204000000014;943.6671999999962;978.4365000000014;959.0706999999973;984.5825000000104;
5240.000000000042;987.9264000000671;984.5825000000104;959.9508999999973;960.8310999999974;992.6784000000407;984.5825000000104;990.3024000000539;984.5825000000104;978.4365000000014;978.4365000000014;978.4365000000014;977.8204000000014;943.6671999999962;978.4365000000014;959.0706999999973;984.5825000000104;
5241.000000000042;987.9264000000671;984.5825000000104;959.9508999999973;960.8310999999974;992.6784000000407;984.5825000000104;990.3024000000539;984.5825000000104;978.4365000000014;978.4365000000014;978.4365000000014;977.8204000000014;943.6671999999962;978.4365000000014;959.0706999999973;984.5825000000104;
5242.000000000042;987.9264000000671;984.5825000000104;959.9508999999973;960.8310999999974;992.6784000000407;984.5825000000104;990.3024000000539;984.5825000000104;978.4365000000014;978.4365000000014;978.4365000000014;977.8204000000014;943.6671999999962;978.4365000000014;959.0706999999973;984.5825000000104;
5243.000000000042;987.9264000000671;984.5825000000104;959.9508999999973;960.8310999999974;992.6784000000407;984.5825000000104;990.3024000000539;984.5825000000104;978.4365000000014;978.4365000000014;978.4365000000014;977.8204000000014;943.6671999999962;978.4365000000014;959.0706999999973;984.5825000000104;
5244.000000000042;987.9264000000671;984.5825000000104;959.9508999999973;960.8310999999974;992.6784000000407;984.5825000000104;990.3024000000539;984.5825000000104;978.4365000000014;978.4365000000014;978.4365000000014;977.8204000000014;943.6671999999962;978.4365000000014;959.0706999999973;984.5825000000104;
5245.000000000042;987.9264000000671;984.5825000000104;959.9508999999973;960.8310999999974;992.6784000000407;984.5825000000104;990.3024000000539;984.5825000000104;978.4365000000014;978.4365000000014;978.4365000000014;977.8204000000014;943.6671999999962;978.4365000000014;959.0706999999973;984.5825000000104;
5246.000000000042;987.9264000000671;984.5825000000104;959.9508999999973;960.8310999999974;992.6784000000407;984.5825000000104;990.3024000000539;984.5825000000104;978.4365000000014;978.4365000000014;978.4365000000014;977.8204000000014;943.6671999999962;978.4365000000014;959.0706999999973;984.5825000000104;
5247.000000000042;987.9264000000671;984.5825000000104;959.9508999999973;960.8310999999974;992.6784000000407;984.5825000000104;990.3024000000539;984.5825000000104;978.4365000000014;978.4365000000014;978.4365000000014;977.8204000000014;943.6671999999962;978.4365000000014;959.0706999999973;984.5825000000104;
5248.000000000042;987.9264000000671;984.5825000000104;959.9508999999973;960.8310999999974;992.6784000000407;984.5825000000104;990.3024000000539;984.5825000000104;978.4365000000014;978.4365000000014;978.4365000000014;977.8204000000014;943.6671999999962;978.4365000000014;959.0706999999973;984.5825000000104;
5249.000000000042;987.9264000000671;984.5825000000104;959.9508999999973;960.8310999999974;992.6784000000407;984.5825000000104;990.3024000000539;984.5825000000104;978.4365000000014;978.4365000000014;978.4365000000014;977.8204000000014;943.6671999999962;978.4365000000014;959.0706999999973;984.5825000000104;
5249.770489459095;987.9264000000671;984.5825000000104;959.9508999999973;960.8310999999974;992.6784000000407;984.5824000000105;990.3024000000539;984.5825000000104;978.4365000000014;978.4365000000014;978.4365000000014;977.8204000000014;943.6671999999962;978.4365000000014;959.0706999999973;984.5825000000104;
5249.770489459095;987.9264000000671;984.5825000000104;959.9508999999973;960.8310999999974;992.6784000000407;984.4944000000105;990.3024000000539;984.5825000000104;978.4365000000014;978.4365000000014;978.4365000000014;977.8204000000014;943.6671999999962;978.4365000000014;959.0706999999973;984.5825000000104;
5249.775805459095;987.9176000000672;984.5825000000104;959.9508999999973;960.8310999999974;992.6784000000407;984.4944000000105;990.3024000000539;984.5825000000104;978.4365000000014;978.4365000000014;978.4365000000014;977.8204000000014;943.6671999999962;978.4365000000014;959.0706999999973;984.5825000000104;
5249.775805459095;987.9088000000672;984.5825000000104;959.9508999999973;960.8310999999974;992.6784000000407;984.4944000000105;990.3024000000539;984.5825000000104;978.4365000000014;978.4365000000014;978.4365000000014;977.8204000000014;943.6671999999962;978.4365000000014;959.0706999999973;984.5825000000104;
5249.781121459095;987.9088000000672;984.5825000000104;959.9508999999973;960.8310999999974;992.6784000000407;984.4944000000105;990.293600000054;984.5825000000104;978.4365000000014;978.4365000000014;978.4365000000014;977.8204000000014;943.6671999999962;978.4365000000014;959.0706999999973;984.5825000000104;
5249.804103745001;987.9088000000672;984.5825000000104;959.9507999999973;960.8310999999974;992.6784000000407;984.4944000000105;990.293600000054;984.5825000000104;978.4365000000014;978.4365000000014;978.4365000000014;977.8204000000014;943.6671999999962;978.4365000000014;959.0706999999973;984.5825000000104;
5249.804103745001;987.9088000000672;984.5825000000104;959.5107999999973;960.8310999999974;992.6784000000407;984.4944000000105;990.293600000054;984.5825000000104;978.4365000000014;978.4365000000014;978.4365000000014;977.8204000000014;943.6671999999962;978.4365000000014;959.0706999999973;984.5825000000104;
5249.809419745001;987.9000000000673;984.5825000000104;959.5107999999973;960.8310999999974;992.6784000000407;984.4944000000105;990.293600000054;984.5825000000104;978.4365000000014;978.4365000000014;978.4365000000014;977.8204000000014;943.6671999999962;978.4365000000014;959.0706999999973;984.5825000000104;
5249.846703492932;987.9000000000673;984.5825000000104;959.5107999999973;960.8310999999974;992.6784000000407;984.4944000000105;990.293600000054;984.5825000000104;978.4364000000014;978.4365000000014;978.4365000000014;977.8204000000014;943.6671999999962;978.4365000000014;959.0706999999973;984.5825000000104;
5249.846703492932;987.9000000000673;984.5825000000104;959.5107999999973;960.8310999999974;992.6784000000407;984.4944000000105;990.293600000054;984.5825000000104;977.8204000000014;978.4365000000014;978.4365000000014;977.8204000000014;943.6671999999962;978.4365000000014;959.0706999999973;984.5825000000104;
5249.851836275637;987.9000000000673;984.5825000000104;959.5107999999973;960.8310999999974;992.6784000000407;984.4944000000105;990.293600000054;984.5825000000104;977.8204000000014;978.4365000000014;978.4365000000014;977.8204000000014;943.6670999999963;978.4365000000014;959.0706999999973;984.5825000000104;
5249.851836275637;987.9000000000673;984.5825000000104;959.5107999999973;960.8310999999974;992.6784000000407;984.4944000000105;990.293600000054;984.5825000000104;977.8204000000014;978.4365000000014;978.4365000000014;977.8204000000014;943.2270999999962;978.4365000000014;959.0706999999973;984.5825000000104;
5250.00000000004;987.8648000000675;984.4944000000105;959.5107999999973;960.3909999999973;992.6432000000409;984.4944000000105;990.284800000054;984.4944000000105;977.8204000000014;977.8204000000014;978.4365000000014;977.8204000000014;943.2270999999962;977.8204000000014;959.0706999999973;984.5825000000104;
5250.775810235431;987.8648000000675;984.4944000000105;959.5107999999973;960.3909999999973;992.625600000041;984.4944000000105;990.284800000054;984.4944000000105;977.8204000000014;977.8204000000014;977.8204000000014;977.2043000000015;943.2270999999962;977.8204000000014;959.0706999999973;984.4944000000105;
5251.775815011767;987.8560000000675;984.4944000000105;959.5107999999973;960.3909999999973;992.616800000041;984.4944000000105;990.2672000000541;984.4944000000105;977.8204000000014;977.8204000000014;977.8204000000014;977.2043000000015;943.2270999999962;977.8204000000014;959.0706999999973;984.4944000000105;
5252.775819788104;987.8472000000676;984.4944000000105;959.5107999999973;960.3909999999973;992.6080000000411;984.4944000000105;990.2496000000542;984.4944000000105;977.8204000000014;977.8204000000014;977.8204000000014;977.2043000000015;943.2270999999962;977.8204000000014;959.0706999999973;984.4944000000105;
5252.857121834568;987.8384000000676;984.4944000000105;959.5107999999973;960.3909999999973;992.6080000000411;984.4944000000105;990.2408000000543;984.4944000000105;977.8204000000014;977.8204000000014;977.8204000000014;977.2043000000015;943.2270999999962;977.8204000000014;959.0706999999973;984.4944000000105;
5253.775824564441;987.8384000000676;984.4944000000105;959.5107999999973;960.3909999999973;992.5992000000412;984.4944000000105;990.2320000000543;984.4944000000105;977.8204000000014;977.8204000000014;977.8204000000014;977.2043000000015;943.2270999999962;977.8204000000014;959.0706999999973;984.4944000000105;
5254.775829340777;987.8296000000677;984.4944000000105;959.5107999999973;960.3909999999973;992.5904000000412;984.4944000000105;990.2144000000544;984.4944000000105;977.8204000000014;977.8204000000014;977.8204000000014;977.2043000000015;943.2270999999962;977.8204000000014;959.0706999999973;984.4944000000105;
5255.000000000036;987.8208000000677;984.4944000000105;959.5107999999973;960.3909999999973;992.5904000000412;984.4944000000105;990.2056000000545;984.4944000000105;977.8204000000014;977.8204000000014;977.8204000000014;977.2043000000015;943.2270999999962;977.8204000000014;959.0706999999973;984.4944000000105;
5255.775834117114;987.8208000000677;984.4944000000105;959.5107999999973;960.3909999999973;992.5904000000412;984.4944000000105;990.2056000000545;984.4944000000105;977.8204000000014;977.8204000000014;977.8204000000014;977.2043000000015;943.2270999999962;977.8204000000014;959.0706999999973;984.4944000000105;
5257.000000000036;987.8208000000677;984.4944000000105;959.5107999999973;960.3909999999973;992.5904000000412;984.4944000000105;990.2056000000545;984.4944000000105;977.8204000000014;977.8204000000014;977.8204000000014;977.2043000000015;943.2270999999962;977.8204000000014;959.0706999999973;984.4944000000105;
5258.000000000036;987.8208000000677;984.4944000000105;959.5107999999973;960.3909999999973;992.5904000000412;984.4944000000105;990.2056000000545;984.4944000000105;977.8204000000014;977.8204000000014;977.8204000000014;977.2043000000015;943.2270999999962;977.8204000000014;959.0706999999973;984.4944000000105;
5259.000000000036;987.8208000000677;984.4944000000105;959.5107999999973;960.3909999999973;992.5904000000412;984.4944000000105;990.2056000000545;984.4944000000105;977.8204000000014;977.8204000000014;977.8204000000014;977.2043000000015;943.2270999999962;977.8204000000014;959.0706999999973;984.4944000000105;
5260.000000000036;987.8208000000677;984.4944000000105;959.5107999999973;960.3909999999973;992.5904000000412;984.4944000000105;990.2056000000545;984.4944000000105;977.8204000000014;977.8204000000014;977.8204000000014;977.2043000000015;943.2270999999962;977.8204000000014;959.0706999999973;984.4944000000105;
5261.000000000036;987.8208000000677;984.4944000000105;959.5107999999973;960.3909999999973;992.5904000000412;984.4944000000105;990.2056000000545;984.4944000000105;977.8204000000014;977.8204000000014;977.8204000000014;977.2043000000015;943.2270999999962;977.8204000000014;959.0706999999973;984.4944000000105;
5262.000000000036;987.8208000000677;984.4944000000105;959.5107999999973;960.3909999999973;992.5904000000412;984.4944000000105;990.2056000000545;984.4944000000105;977.8204000000014;977.8204000000014;977.8204000000014;977.2043000000015;943.2270999999962;977.8204000000014;959.0706999999973;984.4944000000105;
5263.000000000036;987.8208000000677;984.4944000000105;959.5107999999973;960.3909999999973;992.5904000000412;984.4944000000105;990.2056000000545;984.4944000000105;977.8204000000014;977.8204000000014;977.8204000000014;977.2043000000015;943.2270999999962;977.8204000000014;959.0706999999973;984.4944000000105;
5264.000000000036;987.8208000000677;984.4944000000105;959.5107999999973;960.3909999999973;992.5904000000412;984.4944000000105;990.2056000000545;984.4944000000105;977.8204000000014;977.8204000000014;977.8204000000014;977.2043000000015;943.2270999999962;977.8204000000014;959.0706999999973;984.4944000000105;
5265.000000000036;987.8208000000677;984.4944000000105;959.5107999999973;960.3909999999973;992.5904000000412;984.4944000000105;990.2056000000545;984.4944000000105;977.8204000000014;977.8204000000014;977.8204000000014;977.2043000000015;943.2270999999962;977.8204000000014;959.0706999999973;984.4944000000105;
5266.000000000036;987.8208000000677;984.4944000000105;959.5107999999973;960.3909999999973;992.5904000000412;984.4944000000105;990.2056000000545;984.4944000000105;977.8204000000014;977.8204000000014;977.8204000000014;977.2043000000015;943.2270999999962;977.8204000000014;959.0706999999973;984.4944000000105;
5267.000000000036;987.8208000000677;984.4944000000105;959.5107999999973;960.3909999999973;992.5904000000412;984.4944000000105;990.2056000000545;984.4944000000105;977.8204000000014;977.8204000000014;977.8204000000014;977.2043000000015;943.2270999999962;977.8204000000014;959.0706999999973;984.4944000000105;
5268.000000000036;987.8208000000677;984.4944000000105;959.5107999999973;960.3909999999973;992.5904000000412;984.4944000000105;990.2056000000545;984.4944000000105;977.8204000000014;977.8204000000014;977.8204000000014;977.2043000000015;943.2270999999962;977.8204000000014;959.0706999999973;984.4944000000105;
5269.000000000036;987.8208000000677;984.4944000000105;959.5107999999973;960.3909999999973;992.5904000000412;984.4944000000105;990.2056000000545;984.4944000000105;977.8204000000014;977.8204000000014;977.8204000000014;977.2043000000015;943.2270999999962;977.8204000000014;959.0706999999973;984.4944000000105;
5270.000000000036;987.8208000000677;984.4944000000105;959.5107999999973;960.3909999999973;992.5904000000412;984.4944000000105;990.2056000000545;984.4944000000105;977.8204000000014;977.8204000000014;977.8204000000014;977.2043000000015;943.2270999999962;977.8204000000014;959.0706999999973;984.4944000000105;
5271.000000000036;987.8208000000677;984.4944000000105;959.5107999999973;960.3909999999973;992.5904000000412;984.4944000000105;990.2056000000545;984.4944000000105;977.8204000000014;977.8204000000014;977.8204000000014;977.2043000000015;943.2270999999962;977.8204000000014;959.0706999999973;984.4944000000105;
5272.000000000036;987.8208000000677;984.4944000000105;959.5107999999973;960.3909999999973;992.5904000000412;984.4944000000105;990.2056000000545;984.4944000000105;977.8204000000014;977.8204000000014;977.8204000000014;977.2043000000015;943.2270999999962;977.8204000000014;959.0706999999973;984.4944000000105;
5273.000000000036;987.8208000000677;984.4944000000105;959.5107999999973;960.3909999999973;992.5904000000412;984.4944000000105;990.2056000000545;984.4944000000105;977.8204000000014;977.8204000000014;977.8204000000014;977.2043000000015;943.2270999999962;977.8204000000014;959.0706999999973;984.4944000000105;
5274.000000000036;987.8208000000677;984.4944000000105;959.5107999999973;960.3909999999973;992.5904000000412;984.4944000000105;990.2056000000545;984.4944000000105;977.8204000000014;977.8204000000014;977.8204000000014;977.2043000000015;943.2270999999962;977.8204000000014;959.0706999999973;984.4944000000105;
5275.000000000036;987.8208000000677;984.4944000000105;959.5107999999973;960.3909999999973;992.5904000000412;984.4944000000105;990.2056000000545;984.4944000000105;977.8204000000014;977.8204000000014;977.8204000000014;977.2043000000015;943.2270999999962;977.8204000000014;959.0706999999973;984.4944000000105;
5276.000000000036;987.8208000000677;984.4944000000105;959.5107999999973;960.3909999999973;992.5904000000412;984.4944000000105;990.2056000000545;984.4944000000105;977.8204000000014;977.8204000000014;977.8204000000014;977.2043000000015;943.2270999999962;977.8204000000014;959.0706999999973;984.4944000000105;
5277.000000000036;987.8208000000677;984.4944000000105;959.5107999999973;960.3909999999973;992.5904000000412;984.4944000000105;990.2056000000545;984.4944000000105;977.8204000000014;977.8204000000014;977.8204000000014;977.2043000000015;943.2270999999962;977.8204000000014;959.0706999999973;984.4944000000105;
5278.000000000036;987.8208000000677;984.4944000000105;959.5107999999973;960.3909999999973;992.5904000000412;984.4944000000105;990.2056000000545;984.4944000000105;977.8204000000014;977.8204000000014;977.8204000000014;977.2043000000015;943.2270999999962;977.8204000000014;959.0706999999973;984.4944000000105;
5279.000000000036;987.8208000000677;984.4944000000105;959.5107999999973;960.3909999999973;992.5904000000412;984.4944000000105;990.2056000000545;984.4944000000105;977.8204000000014;977.8204000000014;977.8204000000014;977.2043000000015;943.2270999999962;977.8204000000014;959.0706999999973;984.4944000000105;
5279.770462196823;987.8208000000677;984.4944000000105;959.5107999999973;960.3909999999973;992.5904000000412;984.4943000000105;990.2056000000545;984.4944000000105;977.8204000000014;977.8204000000014;977.8204000000014;977.2043000000015;943.2270999999962;977.8204000000014;959.0706999999973;984.4944000000105;
5279.770462196823;987.8208000000677;984.4944000000105;959.5107999999973;960.3909999999973;992.5904000000412;984.4063000000106;990.2056000000545;984.4944000000105;977.8204000000014;977.8204000000014;977.8204000000014;977.2043000000015;943.2270999999962;977.8204000000014;959.0706999999973;984.4944000000105;
5279.775778196823;987.8120000000678;984.4944000000105;959.5107999999973;960.3909999999973;992.5904000000412;984.4063000000106;990.2056000000545;984.4944000000105;977.8204000000014;977.8204000000014;977.8204000000014;977.2043000000015;943.2270999999962;977.8204000000014;959.0706999999973;984.4944000000105;
5279.775778196823;987.8032000000678;984.4944000000105;959.5107999999973;960.3909999999973;992.5904000000412;984.4063000000106;990.2056000000545;984.4944000000105;977.8204000000014;977.8204000000014;977.8204000000014;977.2043000000015;943.2270999999962;977.8204000000014;959.0706999999973;984.4944000000105;
5279.781094196823;987.8032000000678;984.4944000000105;959.5107999999973;960.3909999999973;992.5904000000412;984.4063000000106;990.1968000000545;984.4944000000105;977.8204000000014;977.8204000000014;977.8204000000014;977.2043000000015;943.2270999999962;977.8204000000014;959.0706999999973;984.4944000000105;
5279.9406935350435;987.8032000000678;984.4944000000105;959.5107999999973;960.3909999999973;992.5904000000412;984.4063000000106;990.1968000000545;984.4943000000105;977.8204000000014;977.8204000000014;977.8204000000014;977.2043000000015;943.2270999999962;977.8204000000014;959.0706999999973;984.4944000000105;
5279.9406935350435;987.8032000000678;984.4944000000105;959.5107999999973;960.3909999999973;992.5904000000412;984.4063000000106;990.1968000000545;984.4063000000106;977.8204000000014;977.8204000000014;977.8204000000014;977.2043000000015;943.2270999999962;977.8204000000014;959.0706999999973;984.4944000000105;
5279.946009535043;987.7944000000679;984.4944000000105;959.5107999999973;960.3909999999973;992.5904000000412;984.4063000000106;990.1968000000545;984.4063000000106;977.8204000000014;977.8204000000014;977.8204000000014;977.2043000000015;943.2270999999962;977.8204000000014;959.0706999999973;984.4944000000105;
5279.992660423618;987.7944000000679;984.4943000000105;959.5107999999973;960.3909999999973;992.5904000000412;984.4063000000106;990.1968000000545;984.4063000000106;977.8204000000014;977.8204000000014;977.8204000000014;977.2043000000015;943.2270999999962;977.8204000000014;959.0706999999973;984.4944000000105;
5279.992660423618;987.7944000000679;984.4063000000106;959.5107999999973;960.3909999999973;992.5904000000412;984.4063000000106;990.1968000000545;984.4063000000106;977.8204000000014;977.8204000000014;977.8204000000014;977.2043000000015;943.2270999999962;977.8204000000014;959.0706999999973;984.4944000000105;
5279.997976423618;987.7856000000679;984.4063000000106;959.5107999999973;960.3909999999973;992.5904000000412;984.4063000000106;990.1968000000545;984.4063000000106;977.8204000000014;977.8204000000014;977.8204000000014;977.2043000000015;943.2270999999962;977.8204000000014;959.0706999999973;984.4944000000105;
5280.225492060925;987.7856000000679;984.4063000000106;959.5107999999973;960.3909999999973;992.5904000000412;984.4063000000106;990.1968000000545;984.4063000000106;977.8204000000014;977.8204000000014;977.8204000000014;977.2043000000015;943.2270999999962;977.8204000000014;959.0705999999973;984.4063000000106;
5281.000000000035;987.776800000068;984.4063000000106;959.5107999999973;960.3909999999973;992.5728000000413;984.4063000000106;990.1792000000546;984.4063000000106;977.8204000000014;977.8204000000014;977.8204000000014;977.2043000000015;943.2270999999962;977.8204000000014;958.6305999999972;984.4063000000106;
5281.775787749497;987.776800000068;984.4063000000106;959.5107999999973;960.3909999999973;992.5728000000413;984.4063000000106;990.1792000000546;984.4063000000106;977.8204000000014;977.8204000000014;977.8204000000014;977.2043000000015;943.2270999999962;977.8204000000014;958.6305999999972;984.4063000000106;
5282.775792525834;987.768000000068;984.4063000000106;959.5107999999973;960.3909999999973;992.5728000000413;984.4063000000106;990.1704000000547;984.4063000000106;977.8204000000014;977.8204000000014;977.8204000000014;977.2043000000015;943.2270999999962;977.8204000000014;958.6305999999972;984.4063000000106;
5283.000000000035;987.768000000068;984.4063000000106;959.5107999999973;960.3909999999973;992.5728000000413;984.4063000000106;990.1704000000547;984.4063000000106;977.8204000000014;977.8204000000014;977.8204000000014;977.2043000000015;943.2270999999962;977.8204000000014;958.6305999999972;984.4063000000106;
5284.000000000035;987.768000000068;984.4063000000106;959.5107999999973;960.3909999999973;992.5728000000413;984.4063000000106;990.1704000000547;984.4063000000106;977.8204000000014;977.8204000000014;977.8204000000014;977.2043000000015;943.2270999999962;977.8204000000014;958.6305999999972;984.4063000000106;
5285.000000000035;987.768000000068;984.4063000000106;959.5107999999973;960.3909999999973;992.5728000000413;984.4063000000106;990.1704000000547;984.4063000000106;977.8204000000014;977.8204000000014;977.8204000000014;977.2043000000015;943.2270999999962;977.8204000000014;958.6305999999972;984.4063000000106;
5286.000000000035;987.768000000068;984.4063000000106;959.5107999999973;960.3909999999973;992.5728000000413;984.4063000000106;990.1704000000547;984.4063000000106;977.8204000000014;977.8204000000014;977.8204000000014;977.2043000000015;943.2270999999962;977.8204000000014;958.6305999999972;984.4063000000106;
5287.000000000035;987.768000000068;984.4063000000106;959.5107999999973;960.3909999999973;992.5728000000413;984.4063000000106;990.1704000000547;984.4063000000106;977.8204000000014;977.8204000000014;977.8204000000014;977.2043000000015;943.2270999999962;977.8204000000014;958.6305999999972;984.4063000000106;
5288.000000000035;987.768000000068;984.4063000000106;959.5107999999973;960.3909999999973;992.5728000000413;984.4063000000106;990.1704000000547;984.4063000000106;977.8204000000014;977.8204000000014;977.8204000000014;977.2043000000015;943.2270999999962;977.8204000000014;958.6305999999972;984.4063000000106;
5289.000000000035;987.768000000068;984.4063000000106;959.5107999999973;960.3909999999973;992.5728000000413;984.4063000000106;990.1704000000547;984.4063000000106;977.8204000000014;977.8204000000014;977.8204000000014;977.2043000000015;943.2270999999962;977.8204000000014;958.6305999999972;984.4063000000106;
5290.000000000035;987.768000000068;984.4063000000106;959.5107999999973;960.3909999999973;992.5728000000413;984.4063000000106;990.1704000000547;984.4063000000106;977.8204000000014;977.8204000000014;977.8204000000014;977.2043000000015;943.2270999999962;977.8204000000014;958.6305999999972;984.4063000000106;
5291.000000000035;987.768000000068;984.4063000000106;959.5107999999973;960.3909999999973;992.5728000000413;984.4063000000106;990.1704000000547;984.4063000000106;977.8204000000014;977.8204000000014;977.8204000000014;977.2043000000015;943.2270999999962;977.8204000000014;958.6305999999972;984.4063000000106;
5292.000000000035;987.768000000068;984.4063000000106;959.5107999999973;960.3909999999973;992.5728000000413;984.4063000000106;990.1704000000547;984.4063000000106;977.8204000000014;977.8204000000014;977.8204000000014;977.2043000000015;943.2270999999962;977.8204000000014;958.6305999999972;984.4063000000106;
5293.000000000035;987.768000000068;984.4063000000106;959.5107999999973;960.3909999999973;992.5728000000413;984.4063000000106;990.1704000000547;984.4063000000106;977.8204000000014;977.8204000000014;977.8204000000014;977.2043000000015;943.2270999999962;977.8204000000014;958.6305999999972;984.4063000000106;
5294.000000000035;987.768000000068;984.4063000000106;959.5107999999973;960.3909999999973;992.5728000000413;984.4063000000106;990.1704000000547;984.4063000000106;977.8204000000014;977.8204000000014;977.8204000000014;977.2043000000015;943.2270999999962;977.8204000000014;958.6305999999972;984.4063000000106;
5295.000000000035;987.768000000068;984.4063000000106;959.5107999999973;960.3909999999973;992.5728000000413;984.4063000000106;990.1704000000547;984.4063000000106;977.8204000000014;977.8204000000014;977.8204000000014;977.2043000000015;943.2270999999962;977.8204000000014;958.6305999999972;984.4063000000106;
5296.000000000035;987.768000000068;984.4063000000106;959.5107999999973;960.3909999999973;992.5728000000413;984.4063000000106;990.1704000000547;984.4063000000106;977.8204000000014;977.8204000000014;977.8204000000014;977.2043000000015;943.2270999999962;977.8204000000014;958.6305999999972;984.4063000000106;
5297.000000000035;987.768000000068;984.4063000000106;959.5107999999973;960.3909999999973;992.5728000000413;984.4063000000106;990.1704000000547;984.4063000000106;977.8204000000014;977.8204000000014;977.8204000000014;977.2043000000015;943.2270999999962;977.8204000000014;958.6305999999972;984.4063000000106;
5298.000000000035;987.768000000068;984.4063000000106;959.5107999999973;960.3909999999973;992.5728000000413;984.4063000000106;990.1704000000547;984.4063000000106;977.8204000000014;977.8204000000014;977.8204000000014;977.2043000000015;943.2270999999962;977.8204000000014;958.6305999999972;984.4063000000106;
5299.000000000035;987.768000000068;984.4063000000106;959.5107999999973;960.3909999999973;992.5728000000413;984.4063000000106;990.1704000000547;984.4063000000106;977.8204000000014;977.8204000000014;977.8204000000014;977.2043000000015;943.2270999999962;977.8204000000014;958.6305999999972;984.4063000000106;
5300.000000000035;987.768000000068;984.4063000000106;959.5107999999973;960.3909999999973;992.5728000000413;984.4063000000106;990.1704000000547;984.4063000000106;977.8204000000014;977.8204000000014;977.8204000000014;977.2043000000015;943.2270999999962;977.8204000000014;958.6305999999972;984.4063000000106;
5301.000000000035;987.768000000068;984.4063000000106;959.5107999999973;960.3909999999973;992.5728000000413;984.4063000000106;990.1704000000547;984.4063000000106;977.8204000000014;977.8204000000014;977.8204000000014;977.2043000000015;943.2270999999962;977.8204000000014;958.6305999999972;984.4063000000106;
5302.000000000035;987.768000000068;984.4063000000106;959.5107999999973;960.3909999999973;992.5728000000413;984.4063000000106;990.1704000000547;984.4063000000106;977.8204000000014;977.8204000000014;977.8204000000014;977.2043000000015;943.2270999999962;977.8204000000014;958.6305999999972;984.4063000000106;
5303.000000000035;987.768000000068;984.4063000000106;959.5107999999973;960.3909999999973;992.5728000000413;984.4063000000106;990.1704000000547;984.4063000000106;977.8204000000014;977.8204000000014;977.8204000000014;977.2043000000015;943.2270999999962;977.8204000000014;958.6305999999972;984.4063000000106;
5304.000000000035;987.768000000068;984.4063000000106;959.5107999999973;960.3909999999973;992.5728000000413;984.4063000000106;990.1704000000547;984.4063000000106;977.8204000000014;977.8204000000014;977.8204000000014;977.2043000000015;943.2270999999962;977.8204000000014;958.6305999999972;984.4063000000106;
5305.000000000035;987.768000000068;984.4063000000106;959.5107999999973;960.3909999999973;992.5728000000413;984.4063000000106;990.1704000000547;984.4063000000106;977.8204000000014;977.8204000000014;977.8204000000014;977.2043000000015;943.2270999999962;977.8204000000014;958.6305999999972;984.4063000000106;
5306.000000000035;987.768000000068;984.4063000000106;959.5107999999973;960.3909999999973;992.5728000000413;984.4063000000106;990.1704000000547;984.4063000000106;977.8204000000014;977.8204000000014;977.8204000000014;977.2043000000015;943.2270999999962;977.8204000000014;958.6305999999972;984.4063000000106;
5307.000000000035;987.768000000068;984.4063000000106;959.5107999999973;960.3909999999973;992.5728000000413;984.4063000000106;990.1704000000547;984.4063000000106;977.8204000000014;977.8204000000014;977.8204000000014;977.2043000000015;943.2270999999962;977.8204000000014;958.6305999999972;984.4063000000106;
5308.000000000035;987.768000000068;984.4063000000106;959.5107999999973;960.3909999999973;992.5728000000413;984.4063000000106;990.1704000000547;984.4063000000106;977.8204000000014;977.8204000000014;977.8204000000014;977.2043000000015;943.2270999999962;977.8204000000014;958.6305999999972;984.4063000000106;
5309.000000000035;987.768000000068;984.4063000000106;959.5107999999973;960.3909999999973;992.5728000000413;984.4063000000106;990.1704000000547;984.4063000000106;977.8204000000014;977.8204000000014;977.8204000000014;977.2043000000015;943.2270999999962;977.8204000000014;958.6305999999972;984.4063000000106;
5309.770434934555;987.768000000068;984.4063000000106;959.5107999999973;960.3909999999973;992.5728000000413;984.4062000000106;990.1704000000547;984.4063000000106;977.8204000000014;977.8204000000014;977.8204000000014;977.2043000000015;943.2270999999962;977.8204000000014;958.6305999999972;984.4063000000106;
5309.770434934555;987.768000000068;984.4063000000106;959.5107999999973;960.3909999999973;992.5728000000413;984.3182000000106;990.1704000000547;984.4063000000106;977.8204000000014;977.8204000000014;977.8204000000014;977.2043000000015;943.2270999999962;977.8204000000014;958.6305999999972;984.4063000000106;
5309.775750934555;987.7592000000681;984.4063000000106;959.5107999999973;960.3909999999973;992.5728000000413;984.3182000000106;990.1704000000547;984.4063000000106;977.8204000000014;977.8204000000014;977.8204000000014;977.2043000000015;943.2270999999962;977.8204000000014;958.6305999999972;984.4063000000106;
5309.775750934555;987.7504000000681;984.4063000000106;959.5107999999973;960.3909999999973;992.5728000000413;984.3182000000106;990.1704000000547;984.4063000000106;977.8204000000014;977.8204000000014;977.8204000000014;977.2043000000015;943.2270999999962;977.8204000000014;958.6305999999972;984.4063000000106;
5309.7810669345545;987.7504000000681;984.4063000000106;959.5107999999973;960.3909999999973;992.5728000000413;984.3182000000106;990.1616000000547;984.4063000000106;977.8204000000014;977.8204000000014;977.8204000000014;977.2043000000015;943.2270999999962;977.8204000000014;958.6305999999972;984.4063000000106;
5309.80411117914;987.7504000000681;984.4063000000106;959.5106999999973;960.3909999999973;992.5728000000413;984.3182000000106;990.1616000000547;984.4063000000106;977.8204000000014;977.8204000000014;977.8204000000014;977.2043000000015;943.2270999999962;977.8204000000014;958.6305999999972;984.4063000000106;
5309.80411117914;987.7504000000681;984.4063000000106;959.0706999999973;960.3909999999973;992.5728000000413;984.3182000000106;990.1616000000547;984.4063000000106;977.8204000000014;977.8204000000014;977.8204000000014;977.2043000000015;943.2270999999962;977.8204000000014;958.6305999999972;984.4063000000106;
5309.80942717914;987.7416000000682;984.4063000000106;959.0706999999973;960.3909999999973;992.5728000000413;984.3182000000106;990.1616000000547;984.4063000000106;977.8204000000014;977.8204000000014;977.8204000000014;977.2043000000015;943.2270999999962;977.8204000000014;958.6305999999972;984.4063000000106;
5309.848381055372;987.7416000000682;984.4063000000106;959.0706999999973;960.3909999999973;992.5728000000413;984.3182000000106;990.1616000000547;984.4063000000106;977.8204000000014;977.8204000000014;977.8204000000014;977.2043000000015;943.2269999999962;977.8204000000014;958.6305999999972;984.4063000000106;
5309.848381055372;987.7416000000682;984.4063000000106;959.0706999999973;960.3909999999973;992.5728000000413;984.3182000000106;990.1616000000547;984.4063000000106;977.8204000000014;977.8204000000014;977.8204000000014;977.2043000000015;942.7869999999962;977.8204000000014;958.6305999999972;984.4063000000106;
5309.853697055371;987.7416000000682;984.4063000000106;959.0706999999973;960.3909999999973;992.5640000000413;984.3182000000106;990.1616000000547;984.4063000000106;977.8204000000014;977.8204000000014;977.8204000000014;977.2043000000015;942.7869999999962;977.8204000000014;958.6305999999972;984.4063000000106;
5309.853697055371;987.7416000000682;984.4063000000106;959.0706999999973;960.3909999999973;992.5552000000414;984.3182000000106;990.1616000000547;984.4063000000106;977.8204000000014;977.8204000000014;977.8204000000014;977.2043000000015;942.7869999999962;977.8204000000014;958.6305999999972;984.4063000000106;
5310.775755710892;987.7240000000683;984.3182000000106;959.0706999999973;959.9508999999973;992.5464000000414;984.3182000000106;990.1528000000548;984.3182000000106;977.8204000000014;977.8204000000014;977.8204000000014;977.2043000000015;942.7869999999962;977.8204000000014;958.6305999999972;984.3182000000106;
5311.000000000034;987.7152000000683;984.3182000000106;959.0706999999973;959.9508999999973;992.5376000000415;984.3182000000106;990.1352000000549;984.3182000000106;977.8204000000014;977.8204000000014;977.8204000000014;977.2043000000015;942.7869999999962;977.8204000000014;958.6305999999972;984.3182000000106;
5311.775760487229;987.7152000000683;984.3182000000106;959.0706999999973;959.9508999999973;992.5376000000415;984.3182000000106;990.1352000000549;984.3182000000106;977.8204000000014;977.8204000000014;977.8204000000014;977.2043000000015;942.7869999999962;977.8204000000014;958.6305999999972;984.3182000000106;
5312.7757652635655;987.7064000000684;984.3182000000106;959.0706999999973;959.9508999999973;992.5376000000415;984.3182000000106;990.1264000000549;984.3182000000106;977.8204000000014;977.8204000000014;977.8204000000014;977.2043000000015;942.7869999999962;977.8204000000014;958.6305999999972;984.3182000000106;
5313.000000000033;987.6976000000684;984.3182000000106;959.0706999999973;959.9508999999973;992.5376000000415;984.3182000000106;990.117600000055;984.3182000000106;977.8204000000014;977.8204000000014;977.8204000000014;977.2043000000015;942.7869999999962;977.8204000000014;958.6305999999972;984.3182000000106;
5313.775770039902;987.6976000000684;984.3182000000106;959.0706999999973;959.9508999999973;992.5376000000415;984.3182000000106;990.117600000055;984.3182000000106;977.8204000000014;977.8204000000014;977.8204000000014;977.2043000000015;942.7869999999962;977.8204000000014;958.6305999999972;984.3182000000106;
5315.000000000033;987.6976000000684;984.3182000000106;959.0706999999973;959.9508999999973;992.5376000000415;984.3182000000106;990.117600000055;984.3182000000106;977.8204000000014;977.8204000000014;977.8204000000014;977.2043000000015;942.7869999999962;977.8204000000014;958.6305999999972;984.3182000000106;
5316.000000000033;987.6976000000684;984.3182000000106;959.0706999999973;959.9508999999973;992.5376000000415;984.3182000000106;990.117600000055;984.3182000000106;977.8204000000014;977.8204000000014;977.8204000000014;977.2043000000015;942.7869999999962;977.8204000000014;958.6305999999972;984.3182000000106;
5317.000000000033;987.6976000000684;984.3182000000106;959.0706999999973;959.9508999999973;992.5376000000415;984.3182000000106;990.117600000055;984.3182000000106;977.8204000000014;977.8204000000014;977.8204000000014;977.2043000000015;942.7869999999962;977.8204000000014;958.6305999999972;984.3182000000106;
5318.000000000033;987.6976000000684;984.3182000000106;959.0706999999973;959.9508999999973;992.5376000000415;984.3182000000106;990.117600000055;984.3182000000106;977.8204000000014;977.8204000000014;977.8204000000014;977.2043000000015;942.7869999999962;977.8204000000014;958.6305999999972;984.3182000000106;
5319.000000000033;987.6976000000684;984.3182000000106;959.0706999999973;959.9508999999973;992.5376000000415;984.3182000000106;990.117600000055;984.3182000000106;977.8204000000014;977.8204000000014;977.8204000000014;977.2043000000015;942.7869999999962;977.8204000000014;958.6305999999972;984.3182000000106;
5320.000000000033;987.6976000000684;984.3182000000106;959.0706999999973;959.9508999999973;992.5376000000415;984.3182000000106;990.117600000055;984.3182000000106;977.8204000000014;977.8204000000014;977.8204000000014;977.2043000000015;942.7869999999962;977.8204000000014;958.6305999999972;984.3182000000106;
5321.000000000033;987.6976000000684;984.3182000000106;959.0706999999973;959.9508999999973;992.5376000000415;984.3182000000106;990.117600000055;984.3182000000106;977.8204000000014;977.8204000000014;977.8204000000014;977.2043000000015;942.7869999999962;977.8204000000014;958.6305999999972;984.3182000000106;
5322.000000000033;987.6976000000684;984.3182000000106;959.0706999999973;959.9508999999973;992.5376000000415;984.3182000000106;990.117600000055;984.3182000000106;977.8204000000014;977.8204000000014;977.8204000000014;977.2043000000015;942.7869999999962;977.8204000000014;958.6305999999972;984.3182000000106;
5323.000000000033;987.6976000000684;984.3182000000106;959.0706999999973;959.9508999999973;992.5376000000415;984.3182000000106;990.117600000055;984.3182000000106;977.8204000000014;977.8204000000014;977.8204000000014;977.2043000000015;942.7869999999962;977.8204000000014;958.6305999999972;984.3182000000106;
5324.000000000033;987.6976000000684;984.3182000000106;959.0706999999973;959.9508999999973;992.5376000000415;984.3182000000106;990.117600000055;984.3182000000106;977.8204000000014;977.8204000000014;977.8204000000014;977.2043000000015;942.7869999999962;977.8204000000014;958.6305999999972;984.3182000000106;
5325.000000000033;987.6976000000684;984.3182000000106;959.0706999999973;959.9508999999973;992.5376000000415;984.3182000000106;990.117600000055;984.3182000000106;977.8204000000014;977.8204000000014;977.8204000000014;977.2043000000015;942.7869999999962;977.8204000000014;958.6305999999972;984.3182000000106;
5326.000000000033;987.6976000000684;984.3182000000106;959.0706999999973;959.9508999999973;992.5376000000415;984.3182000000106;990.117600000055;984.3182000000106;977.8204000000014;977.8204000000014;977.8204000000014;977.2043000000015;942.7869999999962;977.8204000000014;958.6305999999972;984.3182000000106;
5327.000000000033;987.6976000000684;984.3182000000106;959.0706999999973;959.9508999999973;992.5376000000415;984.3182000000106;990.117600000055;984.3182000000106;977.8204000000014;977.8204000000014;977.8204000000014;977.2043000000015;942.7869999999962;977.8204000000014;958.6305999999972;984.3182000000106;
5328.000000000033;987.6976000000684;984.3182000000106;959.0706999999973;959.9508999999973;992.5376000000415;984.3182000000106;990.117600000055;984.3182000000106;977.8204000000014;977.8204000000014;977.8204000000014;977.2043000000015;942.7869999999962;977.8204000000014;958.6305999999972;984.3182000000106;
5329.000000000033;987.6976000000684;984.3182000000106;959.0706999999973;959.9508999999973;992.5376000000415;984.3182000000106;990.117600000055;984.3182000000106;977.8204000000014;977.8204000000014;977.8204000000014;977.2043000000015;942.7869999999962;977.8204000000014;958.6305999999972;984.3182000000106;
5330.000000000033;987.6976000000684;984.3182000000106;959.0706999999973;959.9508999999973;992.5376000000415;984.3182000000106;990.117600000055;984.3182000000106;977.8204000000014;977.8204000000014;977.8204000000014;977.2043000000015;942.7869999999962;977.8204000000014;958.6305999999972;984.3182000000106;
5331.000000000033;987.6976000000684;984.3182000000106;959.0706999999973;959.9508999999973;992.5376000000415;984.3182000000106;990.117600000055;984.3182000000106;977.8204000000014;977.8204000000014;977.8204000000014;977.2043000000015;942.7869999999962;977.8204000000014;958.6305999999972;984.3182000000106;
5332.000000000033;987.6976000000684;984.3182000000106;959.0706999999973;959.9508999999973;992.5376000000415;984.3182000000106;990.117600000055;984.3182000000106;977.8204000000014;977.8204000000014;977.8204000000014;977.2043000000015;942.7869999999962;977.8204000000014;958.6305999999972;984.3182000000106;
5333.000000000033;987.6976000000684;984.3182000000106;959.0706999999973;959.9508999999973;992.5376000000415;984.3182000000106;990.117600000055;984.3182000000106;977.8204000000014;977.8204000000014;977.8204000000014;977.2043000000015;942.7869999999962;977.8204000000014;958.6305999999972;984.3182000000106;
5334.000000000033;987.6976000000684;984.3182000000106;959.0706999999973;959.9508999999973;992.5376000000415;984.3182000000106;990.117600000055;984.3182000000106;977.8204000000014;977.8204000000014;977.8204000000014;977.2043000000015;942.7869999999962;977.8204000000014;958.6305999999972;984.3182000000106;
5335.000000000033;987.6976000000684;984.3182000000106;959.0706999999973;959.9508999999973;992.5376000000415;984.3182000000106;990.117600000055;984.3182000000106;977.8204000000014;977.8204000000014;977.8204000000014;977.2043000000015;942.7869999999962;977.8204000000014;958.6305999999972;984.3182000000106;
5336.000000000033;987.6976000000684;984.3182000000106;959.0706999999973;959.9508999999973;992.5376000000415;984.3182000000106;990.117600000055;984.3182000000106;977.8204000000014;977.8204000000014;977.8204000000014;977.2043000000015;942.7869999999962;977.8204000000014;958.6305999999972;984.3182000000106;
5337.000000000033;987.6976000000684;984.3182000000106;959.0706999999973;959.9508999999973;992.5376000000415;984.3182000000106;990.117600000055;984.3182000000106;977.8204000000014;977.8204000000014;977.8204000000014;977.2043000000015;942.7869999999962;977.8204000000014;958.6305999999972;984.3182000000106;
5338.000000000033;987.6976000000684;984.3182000000106;959.0706999999973;959.9508999999973;992.5376000000415;984.3182000000106;990.117600000055;984.3182000000106;977.8204000000014;977.8204000000014;977.8204000000014;977.2043000000015;942.7869999999962;977.8204000000014;958.6305999999972;984.3182000000106;
5339.000000000033;987.6976000000684;984.3182000000106;959.0706999999973;959.9508999999973;992.5376000000415;984.3182000000106;990.117600000055;984.3182000000106;977.8204000000014;977.8204000000014;977.8204000000014;977.2043000000015;942.7869999999962;977.8204000000014;958.6305999999972;984.3182000000106;
5339.770407672287;987.6976000000684;984.3182000000106;959.0706999999973;959.9508999999973;992.5376000000415;984.3181000000106;990.117600000055;984.3182000000106;977.8204000000014;977.8204000000014;977.8204000000014;977.2043000000015;942.7869999999962;977.8204000000014;958.6305999999972;984.3182000000106;
5339.770407672287;987.6976000000684;984.3182000000106;959.0706999999973;959.9508999999973;992.5376000000415;984.2301000000107;990.117600000055;984.3182000000106;977.8204000000014;977.8204000000014;977.8204000000014;977.2043000000015;942.7869999999962;977.8204000000014;958.6305999999972;984.3182000000106;
5339.775723672286;987.6888000000685;984.3182000000106;959.0706999999973;959.9508999999973;992.5376000000415;984.2301000000107;990.117600000055;984.3182000000106;977.8204000000014;977.8204000000014;977.8204000000014;977.2043000000015;942.7869999999962;977.8204000000014;958.6305999999972;984.3182000000106;
5339.775723672286;987.6800000000685;984.3182000000106;959.0706999999973;959.9508999999973;992.5376000000415;984.2301000000107;990.117600000055;984.3182000000106;977.8204000000014;977.8204000000014;977.8204000000014;977.2043000000015;942.7869999999962;977.8204000000014;958.6305999999972;984.3182000000106;
5339.781039672286;987.6800000000685;984.3182000000106;959.0706999999973;959.9508999999973;992.5376000000415;984.2301000000107;990.108800000055;984.3182000000106;977.8204000000014;977.8204000000014;977.8204000000014;977.2043000000015;942.7869999999962;977.8204000000014;958.6305999999972;984.3182000000106;
5339.846653445241;987.6800000000685;984.3182000000106;959.0706999999973;959.9508999999973;992.5376000000415;984.2301000000107;990.108800000055;984.3182000000106;977.8204000000014;977.8204000000014;977.8204000000014;977.2043000000015;942.7868999999962;977.8204000000014;958.6305999999972;984.3182000000106;
5339.846653445241;987.6800000000685;984.3182000000106;959.0706999999973;959.9508999999973;992.5376000000415;984.2301000000107;990.108800000055;984.3182000000106;977.8204000000014;977.8204000000014;977.8204000000014;977.2043000000015;942.3468999999961;977.8204000000014;958.6305999999972;984.3182000000106;
5339.851969445241;987.6800000000685;984.3182000000106;959.0706999999973;959.9508999999973;992.5288000000415;984.2301000000107;990.108800000055;984.3182000000106;977.8204000000014;977.8204000000014;977.8204000000014;977.2043000000015;942.3468999999961;977.8204000000014;958.6305999999972;984.3182000000106;
5339.851969445241;987.6800000000685;984.3182000000106;959.0706999999973;959.9508999999973;992.5200000000416;984.2301000000107;990.108800000055;984.3182000000106;977.8204000000014;977.8204000000014;977.8204000000014;977.2043000000015;942.3468999999961;977.8204000000014;958.6305999999972;984.3182000000106;
5339.85728544524;987.6800000000685;984.3182000000106;959.0706999999973;959.9508999999973;992.5200000000416;984.2301000000107;990.100000000055;984.3182000000106;977.8204000000014;977.8204000000014;977.8204000000014;977.2043000000015;942.3468999999961;977.8204000000014;958.6305999999972;984.3182000000106;
5339.940780152911;987.6800000000685;984.3182000000106;959.0706999999973;959.9508999999973;992.5200000000416;984.2301000000107;990.100000000055;984.3181000000106;977.8204000000014;977.8204000000014;977.8204000000014;977.2043000000015;942.3468999999961;977.8204000000014;958.6305999999972;984.3182000000106;
5339.940780152911;987.6800000000685;984.3182000000106;959.0706999999973;959.9508999999973;992.5200000000416;984.2301000000107;990.100000000055;984.2301000000107;977.8204000000014;977.8204000000014;977.8204000000014;977.2043000000015;942.3468999999961;977.8204000000014;958.6305999999972;984.3182000000106;
5340.775728448624;987.6624000000686;984.2301000000107;959.0706999999973;959.9508999999973;992.5112000000416;984.2301000000107;990.100000000055;984.2301000000107;977.8204000000014;977.8204000000014;977.8204000000014;977.2043000000015;942.3468999999961;977.8204000000014;958.1904999999972;984.2301000000107;
5341.000000000033;987.6536000000686;984.2301000000107;959.0706999999973;959.9508999999973;992.5024000000417;984.2301000000107;990.0824000000551;984.2301000000107;977.8204000000014;977.8204000000014;977.8204000000014;977.2043000000015;942.3468999999961;977.8204000000014;958.1904999999972;984.2301000000107;
5341.775733224961;987.6536000000686;984.2301000000107;959.0706999999973;959.9508999999973;992.5024000000417;984.2301000000107;990.0824000000551;984.2301000000107;977.8204000000014;977.8204000000014;977.8204000000014;977.2043000000015;942.3468999999961;977.8204000000014;958.1904999999972;984.2301000000107;
5342.775738001299;987.6448000000687;984.2301000000107;959.0706999999973;959.9508999999973;992.5024000000417;984.2301000000107;990.0736000000552;984.2301000000107;977.8204000000014;977.8204000000014;977.8204000000014;977.2043000000015;942.3468999999961;977.8204000000014;958.1904999999972;984.2301000000107;
5344.000000000033;987.6448000000687;984.2301000000107;959.0706999999973;959.9508999999973;992.5024000000417;984.2301000000107;990.0736000000552;984.2301000000107;977.8204000000014;977.8204000000014;977.8204000000014;977.2043000000015;942.3468999999961;977.8204000000014;958.1904999999972;984.2301000000107;
5345.000000000033;987.6448000000687;984.2301000000107;959.0706999999973;959.9508999999973;992.5024000000417;984.2301000000107;990.0736000000552;984.2301000000107;977.8204000000014;977.8204000000014;977.8204000000014;977.2043000000015;942.3468999999961;977.8204000000014;958.1904999999972;984.2301000000107;
5346.000000000033;987.6448000000687;984.2301000000107;959.0706999999973;959.9508999999973;992.5024000000417;984.2301000000107;990.0736000000552;984.2301000000107;977.8204000000014;977.8204000000014;977.8204000000014;977.2043000000015;942.3468999999961;977.8204000000014;958.1904999999972;984.2301000000107;
5347.000000000033;987.6448000000687;984.2301000000107;959.0706999999973;959.9508999999973;992.5024000000417;984.2301000000107;990.0736000000552;984.2301000000107;977.8204000000014;977.8204000000014;977.8204000000014;977.2043000000015;942.3468999999961;977.8204000000014;958.1904999999972;984.2301000000107;
5348.000000000033;987.6448000000687;984.2301000000107;959.0706999999973;959.9508999999973;992.5024000000417;984.2301000000107;990.0736000000552;984.2301000000107;977.8204000000014;977.8204000000014;977.8204000000014;977.2043000000015;942.3468999999961;977.8204000000014;958.1904999999972;984.2301000000107;
5349.000000000033;987.6448000000687;984.2301000000107;959.0706999999973;959.9508999999973;992.5024000000417;984.2301000000107;990.0736000000552;984.2301000000107;977.8204000000014;977.8204000000014;977.8204000000014;977.2043000000015;942.3468999999961;977.8204000000014;958.1904999999972;984.2301000000107;
5350.000000000033;987.6448000000687;984.2301000000107;959.0706999999973;959.9508999999973;992.5024000000417;984.2301000000107;990.0736000000552;984.2301000000107;977.8204000000014;977.8204000000014;977.8204000000014;977.2043000000015;942.3468999999961;977.8204000000014;958.1904999999972;984.2301000000107;
5351.000000000033;987.6448000000687;984.2301000000107;959.0706999999973;959.9508999999973;992.5024000000417;984.2301000000107;990.0736000000552;984.2301000000107;977.8204000000014;977.8204000000014;977.8204000000014;977.2043000000015;942.3468999999961;977.8204000000014;958.1904999999972;984.2301000000107;
5352.000000000033;987.6448000000687;984.2301000000107;959.0706999999973;959.9508999999973;992.5024000000417;984.2301000000107;990.0736000000552;984.2301000000107;977.8204000000014;977.8204000000014;977.8204000000014;977.2043000000015;942.3468999999961;977.8204000000014;958.1904999999972;984.2301000000107;
5353.000000000033;987.6448000000687;984.2301000000107;959.0706999999973;959.9508999999973;992.5024000000417;984.2301000000107;990.0736000000552;984.2301000000107;977.8204000000014;977.8204000000014;977.8204000000014;977.2043000000015;942.3468999999961;977.8204000000014;958.1904999999972;984.2301000000107;
5354.000000000033;987.6448000000687;984.2301000000107;959.0706999999973;959.9508999999973;992.5024000000417;984.2301000000107;990.0736000000552;984.2301000000107;977.8204000000014;977.8204000000014;977.8204000000014;977.2043000000015;942.3468999999961;977.8204000000014;958.1904999999972;984.2301000000107;
5355.000000000033;987.6448000000687;984.2301000000107;959.0706999999973;959.9508999999973;992.5024000000417;984.2301000000107;990.0736000000552;984.2301000000107;977.8204000000014;977.8204000000014;977.8204000000014;977.2043000000015;942.3468999999961;977.8204000000014;958.1904999999972;984.2301000000107;
5356.000000000033;987.6448000000687;984.2301000000107;959.0706999999973;959.9508999999973;992.5024000000417;984.2301000000107;990.0736000000552;984.2301000000107;977.8204000000014;977.8204000000014;977.8204000000014;977.2043000000015;942.3468999999961;977.8204000000014;958.1904999999972;984.2301000000107;
5357.000000000033;987.6448000000687;984.2301000000107;959.0706999999973;959.9508999999973;992.5024000000417;984.2301000000107;990.0736000000552;984.2301000000107;977.8204000000014;977.8204000000014;977.8204000000014;977.2043000000015;942.3468999999961;977.8204000000014;958.1904999999972;984.2301000000107;
5358.000000000033;987.6448000000687;984.2301000000107;959.0706999999973;959.9508999999973;992.5024000000417;984.2301000000107;990.0736000000552;984.2301000000107;977.8204000000014;977.8204000000014;977.8204000000014;977.2043000000015;942.3468999999961;977.8204000000014;958.1904999999972;984.2301000000107;
5359.000000000033;987.6448000000687;984.2301000000107;959.0706999999973;959.9508999999973;992.5024000000417;984.2301000000107;990.0736000000552;984.2301000000107;977.8204000000014;977.8204000000014;977.8204000000014;977.2043000000015;942.3468999999961;977.8204000000014;958.1904999999972;984.2301000000107;
5360.000000000033;987.6448000000687;984.2301000000107;959.0706999999973;959.9508999999973;992.5024000000417;984.2301000000107;990.0736000000552;984.2301000000107;977.8204000000014;977.8204000000014;977.8204000000014;977.2043000000015;942.3468999999961;977.8204000000014;958.1904999999972;984.2301000000107;
5361.000000000033;987.6448000000687;984.2301000000107;959.0706999999973;959.9508999999973;992.5024000000417;984.2301000000107;990.0736000000552;984.2301000000107;977.8204000000014;977.8204000000014;977.8204000000014;977.2043000000015;942.3468999999961;977.8204000000014;958.1904999999972;984.2301000000107;
5362.000000000033;987.6448000000687;984.2301000000107;959.0706999999973;959.9508999999973;992.5024000000417;984.2301000000107;990.0736000000552;984.2301000000107;977.8204000000014;977.8204000000014;977.8204000000014;977.2043000000015;942.3468999999961;977.8204000000014;958.1904999999972;984.2301000000107;
5363.000000000033;987.6448000000687;984.2301000000107;959.0706999999973;959.9508999999973;992.5024000000417;984.2301000000107;990.0736000000552;984.2301000000107;977.8204000000014;977.8204000000014;977.8204000000014;977.2043000000015;942.3468999999961;977.8204000000014;958.1904999999972;984.2301000000107;
5364.000000000033;987.6448000000687;984.2301000000107;959.0706999999973;959.9508999999973;992.5024000000417;984.2301000000107;990.0736000000552;984.2301000000107;977.8204000000014;977.8204000000014;977.8204000000014;977.2043000000015;942.3468999999961;977.8204000000014;958.1904999999972;984.2301000000107;
5365.000000000033;987.6448000000687;984.2301000000107;959.0706999999973;959.9508999999973;992.5024000000417;984.2301000000107;990.0736000000552;984.2301000000107;977.8204000000014;977.8204000000014;977.8204000000014;977.2043000000015;942.3468999999961;977.8204000000014;958.1904999999972;984.2301000000107;
5366.000000000033;987.6448000000687;984.2301000000107;959.0706999999973;959.9508999999973;992.5024000000417;984.2301000000107;990.0736000000552;984.2301000000107;977.8204000000014;977.8204000000014;977.8204000000014;977.2043000000015;942.3468999999961;977.8204000000014;958.1904999999972;984.2301000000107;
5367.000000000033;987.6448000000687;984.2301000000107;959.0706999999973;959.9508999999973;992.5024000000417;984.2301000000107;990.0736000000552;984.2301000000107;977.8204000000014;977.8204000000014;977.8204000000014;977.2043000000015;942.3468999999961;977.8204000000014;958.1904999999972;984.2301000000107;
5368.000000000033;987.6448000000687;984.2301000000107;959.0706999999973;959.9508999999973;992.5024000000417;984.2301000000107;990.0736000000552;984.2301000000107;977.8204000000014;977.8204000000014;977.8204000000014;977.2043000000015;942.3468999999961;977.8204000000014;958.1904999999972;984.2301000000107;
5369.000000000033;987.6448000000687;984.2301000000107;959.0706999999973;959.9508999999973;992.5024000000417;984.2301000000107;990.0736000000552;984.2301000000107;977.8204000000014;977.8204000000014;977.8204000000014;977.2043000000015;942.3468999999961;977.8204000000014;958.1904999999972;984.2301000000107;
5369.77038041002;987.6448000000687;984.2301000000107;959.0706999999973;959.9508999999973;992.5024000000417;984.2300000000107;990.0736000000552;984.2301000000107;977.8204000000014;977.8204000000014;977.8204000000014;977.2043000000015;942.3468999999961;977.8204000000014;958.1904999999972;984.2301000000107;
5369.77038041002;987.6448000000687;984.2301000000107;959.0706999999973;959.9508999999973;992.5024000000417;984.1420000000107;990.0736000000552;984.2301000000107;977.8204000000014;977.8204000000014;977.8204000000014;977.2043000000015;942.3468999999961;977.8204000000014;958.1904999999972;984.2301000000107;
5369.77569641002;987.6360000000687;984.2301000000107;959.0706999999973;959.9508999999973;992.5024000000417;984.1420000000107;990.0736000000552;984.2301000000107;977.8204000000014;977.8204000000014;977.8204000000014;977.2043000000015;942.3468999999961;977.8204000000014;958.1904999999972;984.2301000000107;
5369.77569641002;987.6272000000688;984.2301000000107;959.0706999999973;959.9508999999973;992.5024000000417;984.1420000000107;990.0736000000552;984.2301000000107;977.8204000000014;977.8204000000014;977.8204000000014;977.2043000000015;942.3468999999961;977.8204000000014;958.1904999999972;984.2301000000107;
5369.78101241002;987.6272000000688;984.2301000000107;959.0706999999973;959.9508999999973;992.5024000000417;984.1420000000107;990.0648000000552;984.2301000000107;977.8204000000014;977.8204000000014;977.8204000000014;977.2043000000015;942.3468999999961;977.8204000000014;958.1904999999972;984.2301000000107;
5369.804118613283;987.6272000000688;984.2301000000107;959.0705999999973;959.9508999999973;992.5024000000417;984.1420000000107;990.0648000000552;984.2301000000107;977.8204000000014;977.8204000000014;977.8204000000014;977.2043000000015;942.3468999999961;977.8204000000014;958.1904999999972;984.2301000000107;
5369.804118613283;987.6272000000688;984.2301000000107;958.6305999999972;959.9508999999973;992.5024000000417;984.1420000000107;990.0648000000552;984.2301000000107;977.8204000000014;977.8204000000014;977.8204000000014;977.2043000000015;942.3468999999961;977.8204000000014;958.1904999999972;984.2301000000107;
5369.809434613283;987.6184000000688;984.2301000000107;958.6305999999972;959.9508999999973;992.5024000000417;984.1420000000107;990.0648000000552;984.2301000000107;977.8204000000014;977.8204000000014;977.8204000000014;977.2043000000015;942.3468999999961;977.8204000000014;958.1904999999972;984.2301000000107;
5369.844925835111;987.6184000000688;984.2301000000107;958.6305999999972;959.9508999999973;992.5024000000417;984.1420000000107;990.0648000000552;984.2301000000107;977.8204000000014;977.8204000000014;977.8204000000014;977.2043000000015;942.3467999999962;977.8204000000014;958.1904999999972;984.2301000000107;
5369.844925835111;987.6184000000688;984.2301000000107;958.6305999999972;959.9508999999973;992.5024000000417;984.1420000000107;990.0648000000552;984.2301000000107;977.8204000000014;977.8204000000014;977.8204000000014;977.2043000000015;941.9067999999961;977.8204000000014;958.1904999999972;984.2301000000107;
5369.850241835111;987.6184000000688;984.2301000000107;958.6305999999972;959.9508999999973;992.4936000000417;984.1420000000107;990.0648000000552;984.2301000000107;977.8204000000014;977.8204000000014;977.8204000000014;977.2043000000015;941.9067999999961;977.8204000000014;958.1904999999972;984.2301000000107;
5369.850241835111;987.6184000000688;984.2301000000107;958.6305999999972;959.9508999999973;992.4848000000418;984.1420000000107;990.0648000000552;984.2301000000107;977.8204000000014;977.8204000000014;977.8204000000014;977.2043000000015;941.9067999999961;977.8204000000014;958.1904999999972;984.2301000000107;
5369.855557835111;987.6184000000688;984.2301000000107;958.6305999999972;959.9508999999973;992.4848000000418;984.1420000000107;990.0560000000553;984.2301000000107;977.8204000000014;977.8204000000014;977.8204000000014;977.2043000000015;941.9067999999961;977.8204000000014;958.1904999999972;984.2301000000107;
5370.775701186356;987.600800000069;984.1420000000107;958.6305999999972;959.5107999999973;992.4672000000419;984.1420000000107;990.0560000000553;984.1420000000107;977.8204000000014;977.8204000000014;977.8204000000014;977.2043000000015;941.9067999999961;977.8204000000014;957.7503999999972;984.1420000000107;
5371.775705962693;987.592000000069;984.1420000000107;958.6305999999972;959.5107999999973;992.4584000000419;984.1420000000107;990.0384000000554;984.1420000000107;977.8204000000014;977.8204000000014;977.8204000000014;977.2043000000015;941.9067999999961;977.8204000000014;957.7503999999972;984.1420000000107;
5371.850221541065;987.583200000069;984.1420000000107;958.6305999999972;959.5107999999973;992.4584000000419;984.1420000000107;990.0296000000554;984.1420000000107;977.8204000000014;977.8204000000014;977.8204000000014;977.2043000000015;941.9067999999961;977.8204000000014;957.7503999999972;984.1420000000107;
5372.77571073903;987.583200000069;984.1420000000107;958.6305999999972;959.5107999999973;992.449600000042;984.1420000000107;990.0208000000555;984.1420000000107;977.8204000000014;977.8204000000014;977.8204000000014;977.2043000000015;941.9067999999961;977.8204000000014;957.7503999999972;984.1420000000107;
5373.775715515367;987.5744000000691;984.1420000000107;958.6305999999972;959.5107999999973;992.449600000042;984.1420000000107;990.0120000000555;984.1420000000107;977.8204000000014;977.8204000000014;977.8204000000014;977.2043000000015;941.9067999999961;977.8204000000014;957.7503999999972;984.1420000000107;
5374.00000000003;987.5744000000691;984.1420000000107;958.6305999999972;959.5107999999973;992.449600000042;984.1420000000107;990.0120000000555;984.1420000000107;977.8204000000014;977.8204000000014;977.8204000000014;977.2043000000015;941.9067999999961;977.8204000000014;957.7503999999972;984.1420000000107;
5375.00000000003;987.5744000000691;984.1420000000107;958.6305999999972;959.5107999999973;992.449600000042;984.1420000000107;990.0120000000555;984.1420000000107;977.8204000000014;977.8204000000014;977.8204000000014;977.2043000000015;941.9067999999961;977.8204000000014;957.7503999999972;984.1420000000107;
5376.00000000003;987.5744000000691;984.1420000000107;958.6305999999972;959.5107999999973;992.449600000042;984.1420000000107;990.0120000000555;984.1420000000107;977.8204000000014;977.8204000000014;977.8204000000014;977.2043000000015;941.9067999999961;977.8204000000014;957.7503999999972;984.1420000000107;
5377.00000000003;987.5744000000691;984.1420000000107;958.6305999999972;959.5107999999973;992.449600000042;984.1420000000107;990.0120000000555;984.1420000000107;977.8204000000014;977.8204000000014;977.8204000000014;977.2043000000015;941.9067999999961;977.8204000000014;957.7503999999972;984.1420000000107;
5378.00000000003;987.5744000000691;984.1420000000107;958.6305999999972;959.5107999999973;992.449600000042;984.1420000000107;990.0120000000555;984.1420000000107;977.8204000000014;977.8204000000014;977.8204000000014;977.2043000000015;941.9067999999961;977.8204000000014;957.7503999999972;984.1420000000107;
5379.00000000003;987.5744000000691;984.1420000000107;958.6305999999972;959.5107999999973;992.449600000042;984.1420000000107;990.0120000000555;984.1420000000107;977.8204000000014;977.8204000000014;977.8204000000014;977.2043000000015;941.9067999999961;977.8204000000014;957.7503999999972;984.1420000000107;
5380.00000000003;987.5744000000691;984.1420000000107;958.6305999999972;959.5107999999973;992.449600000042;984.1420000000107;990.0120000000555;984.1420000000107;977.8204000000014;977.8204000000014;977.8204000000014;977.2043000000015;941.9067999999961;977.8204000000014;957.7503999999972;984.1420000000107;
5381.00000000003;987.5744000000691;984.1420000000107;958.6305999999972;959.5107999999973;992.449600000042;984.1420000000107;990.0120000000555;984.1420000000107;977.8204000000014;977.8204000000014;977.8204000000014;977.2043000000015;941.9067999999961;977.8204000000014;957.7503999999972;984.1420000000107;
5382.00000000003;987.5744000000691;984.1420000000107;958.6305999999972;959.5107999999973;992.449600000042;984.1420000000107;990.0120000000555;984.1420000000107;977.8204000000014;977.8204000000014;977.8204000000014;977.2043000000015;941.9067999999961;977.8204000000014;957.7503999999972;984.1420000000107;
5383.00000000003;987.5744000000691;984.1420000000107;958.6305999999972;959.5107999999973;992.449600000042;984.1420000000107;990.0120000000555;984.1420000000107;977.8204000000014;977.8204000000014;977.8204000000014;977.2043000000015;941.9067999999961;977.8204000000014;957.7503999999972;984.1420000000107;
5384.00000000003;987.5744000000691;984.1420000000107;958.6305999999972;959.5107999999973;992.449600000042;984.1420000000107;990.0120000000555;984.1420000000107;977.8204000000014;977.8204000000014;977.8204000000014;977.2043000000015;941.9067999999961;977.8204000000014;957.7503999999972;984.1420000000107;
5385.00000000003;987.5744000000691;984.1420000000107;958.6305999999972;959.5107999999973;992.449600000042;984.1420000000107;990.0120000000555;984.1420000000107;977.8204000000014;977.8204000000014;977.8204000000014;977.2043000000015;941.9067999999961;977.8204000000014;957.7503999999972;984.1420000000107;
5386.00000000003;987.5744000000691;984.1420000000107;958.6305999999972;959.5107999999973;992.449600000042;984.1420000000107;990.0120000000555;984.1420000000107;977.8204000000014;977.8204000000014;977.8204000000014;977.2043000000015;941.9067999999961;977.8204000000014;957.7503999999972;984.1420000000107;
5387.00000000003;987.5744000000691;984.1420000000107;958.6305999999972;959.5107999999973;992.449600000042;984.1420000000107;990.0120000000555;984.1420000000107;977.8204000000014;977.8204000000014;977.8204000000014;977.2043000000015;941.9067999999961;977.8204000000014;957.7503999999972;984.1420000000107;
5388.00000000003;987.5744000000691;984.1420000000107;958.6305999999972;959.5107999999973;992.449600000042;984.1420000000107;990.0120000000555;984.1420000000107;977.8204000000014;977.8204000000014;977.8204000000014;977.2043000000015;941.9067999999961;977.8204000000014;957.7503999999972;984.1420000000107;
5389.00000000003;987.5744000000691;984.1420000000107;958.6305999999972;959.5107999999973;992.449600000042;984.1420000000107;990.0120000000555;984.1420000000107;977.8204000000014;977.8204000000014;977.8204000000014;977.2043000000015;941.9067999999961;977.8204000000014;957.7503999999972;984.1420000000107;
5390.00000000003;987.5744000000691;984.1420000000107;958.6305999999972;959.5107999999973;992.449600000042;984.1420000000107;990.0120000000555;984.1420000000107;977.8204000000014;977.8204000000014;977.8204000000014;977.2043000000015;941.9067999999961;977.8204000000014;957.7503999999972;984.1420000000107;
5391.00000000003;987.5744000000691;984.1420000000107;958.6305999999972;959.5107999999973;992.449600000042;984.1420000000107;990.0120000000555;984.1420000000107;977.8204000000014;977.8204000000014;977.8204000000014;977.2043000000015;941.9067999999961;977.8204000000014;957.7503999999972;984.1420000000107;
5392.00000000003;987.5744000000691;984.1420000000107;958.6305999999972;959.5107999999973;992.449600000042;984.1420000000107;990.0120000000555;984.1420000000107;977.8204000000014;977.8204000000014;977.8204000000014;977.2043000000015;941.9067999999961;977.8204000000014;957.7503999999972;984.1420000000107;
5393.00000000003;987.5744000000691;984.1420000000107;958.6305999999972;959.5107999999973;992.449600000042;984.1420000000107;990.0120000000555;984.1420000000107;977.8204000000014;977.8204000000014;977.8204000000014;977.2043000000015;941.9067999999961;977.8204000000014;957.7503999999972;984.1420000000107;
5394.00000000003;987.5744000000691;984.1420000000107;958.6305999999972;959.5107999999973;992.449600000042;984.1420000000107;990.0120000000555;984.1420000000107;977.8204000000014;977.8204000000014;977.8204000000014;977.2043000000015;941.9067999999961;977.8204000000014;957.7503999999972;984.1420000000107;
5395.00000000003;987.5744000000691;984.1420000000107;958.6305999999972;959.5107999999973;992.449600000042;984.1420000000107;990.0120000000555;984.1420000000107;977.8204000000014;977.8204000000014;977.8204000000014;977.2043000000015;941.9067999999961;977.8204000000014;957.7503999999972;984.1420000000107;
5396.00000000003;987.5744000000691;984.1420000000107;958.6305999999972;959.5107999999973;992.449600000042;984.1420000000107;990.0120000000555;984.1420000000107;977.8204000000014;977.8204000000014;977.8204000000014;977.2043000000015;941.9067999999961;977.8204000000014;957.7503999999972;984.1420000000107;
5397.00000000003;987.5744000000691;984.1420000000107;958.6305999999972;959.5107999999973;992.449600000042;984.1420000000107;990.0120000000555;984.1420000000107;977.8204000000014;977.8204000000014;977.8204000000014;977.2043000000015;941.9067999999961;977.8204000000014;957.7503999999972;984.1420000000107;
5398.00000000003;987.5744000000691;984.1420000000107;958.6305999999972;959.5107999999973;992.449600000042;984.1420000000107;990.0120000000555;984.1420000000107;977.8204000000014;977.8204000000014;977.8204000000014;977.2043000000015;941.9067999999961;977.8204000000014;957.7503999999972;984.1420000000107;
5399.00000000003;987.5744000000691;984.1420000000107;958.6305999999972;959.5107999999973;992.449600000042;984.1420000000107;990.0120000000555;984.1420000000107;977.8204000000014;977.8204000000014;977.8204000000014;977.2043000000015;941.9067999999961;977.8204000000014;957.7503999999972;984.1420000000107;
5399.770353147752;987.5744000000691;984.1420000000107;958.6305999999972;959.5107999999973;992.449600000042;984.1419000000108;990.0120000000555;984.1420000000107;977.8204000000014;977.8204000000014;977.8204000000014;977.2043000000015;941.9067999999961;977.8204000000014;957.7503999999972;984.1420000000107;
5399.770353147752;987.5744000000691;984.1420000000107;958.6305999999972;959.5107999999973;992.449600000042;984.0539000000108;990.0120000000555;984.1420000000107;977.8204000000014;977.8204000000014;977.8204000000014;977.2043000000015;941.9067999999961;977.8204000000014;957.7503999999972;984.1420000000107;
5399.775669147752;987.5656000000691;984.1420000000107;958.6305999999972;959.5107999999973;992.449600000042;984.0539000000108;990.0120000000555;984.1420000000107;977.8204000000014;977.8204000000014;977.8204000000014;977.2043000000015;941.9067999999961;977.8204000000014;957.7503999999972;984.1420000000107;
5399.775669147752;987.5568000000692;984.1420000000107;958.6305999999972;959.5107999999973;992.449600000042;984.0539000000108;990.0120000000555;984.1420000000107;977.8204000000014;977.8204000000014;977.8204000000014;977.2043000000015;941.9067999999961;977.8204000000014;957.7503999999972;984.1420000000107;
5399.780985147751;987.5568000000692;984.1420000000107;958.6305999999972;959.5107999999973;992.449600000042;984.0539000000108;990.0032000000556;984.1420000000107;977.8204000000014;977.8204000000014;977.8204000000014;977.2043000000015;941.9067999999961;977.8204000000014;957.7503999999972;984.1420000000107;
5399.838806403398;987.5568000000692;984.1420000000107;958.6305999999972;959.5107999999973;992.449600000042;984.0539000000108;990.0032000000556;984.1420000000107;977.8203000000015;977.8204000000014;977.8204000000014;977.2043000000015;941.9067999999961;977.8204000000014;957.7503999999972;984.1420000000107;
5399.838806403398;987.5568000000692;984.1420000000107;958.6305999999972;959.5107999999973;992.449600000042;984.0539000000108;990.0032000000556;984.1420000000107;977.2043000000015;977.8204000000014;977.8204000000014;977.2043000000015;941.9067999999961;977.8204000000014;957.7503999999972;984.1420000000107;
5399.84319822498;987.5568000000692;984.1420000000107;958.6305999999972;959.5107999999973;992.449600000042;984.0539000000108;990.0032000000556;984.1420000000107;977.2043000000015;977.8204000000014;977.8204000000014;977.2043000000015;941.9066999999961;977.8204000000014;957.7503999999972;984.1420000000107;
5399.84319822498;987.5568000000692;984.1420000000107;958.6305999999972;959.5107999999973;992.449600000042;984.0539000000108;990.0032000000556;984.1420000000107;977.2043000000015;977.8204000000014;977.8204000000014;977.2043000000015;941.4666999999961;977.8204000000014;957.7503999999972;984.1420000000107;
5399.844122403398;987.5480000000692;984.1420000000107;958.6305999999972;959.5107999999973;992.449600000042;984.0539000000108;990.0032000000556;984.1420000000107;977.2043000000015;977.8204000000014;977.8204000000014;977.2043000000015;941.4666999999961;977.8204000000014;957.7503999999972;984.1420000000107;
5399.84851422498;987.5480000000692;984.1420000000107;958.6305999999972;959.5107999999973;992.440800000042;984.0539000000108;990.0032000000556;984.1420000000107;977.2043000000015;977.8204000000014;977.8204000000014;977.2043000000015;941.4666999999961;977.8204000000014;957.7503999999972;984.1420000000107;
5399.84851422498;987.5480000000692;984.1420000000107;958.6305999999972;959.5107999999973;992.4320000000421;984.0539000000108;990.0032000000556;984.1420000000107;977.2043000000015;977.8204000000014;977.8204000000014;977.2043000000015;941.4666999999961;977.8204000000014;957.7503999999972;984.1420000000107;
5400.775673924088;987.5216000000694;984.0539000000108;958.6305999999972;959.5107999999973;992.4056000000422;984.0539000000108;989.9944000000556;984.0539000000108;977.2043000000015;977.2043000000015;977.2043000000015;976.5882000000015;941.4666999999961;977.2043000000015;957.7503999999972;984.0539000000108;
5401.775678700425;987.5128000000694;984.0539000000108;958.6305999999972;959.5107999999973;992.3968000000423;984.0539000000108;989.9768000000557;984.0539000000108;977.2043000000015;977.2043000000015;977.2043000000015;976.5882000000015;941.4666999999961;977.2043000000015;957.7503999999972;984.0539000000108;
5402.000000000028;987.5040000000695;984.0539000000108;958.6305999999972;959.5107999999973;992.3880000000423;984.0539000000108;989.9592000000558;984.0539000000108;977.2043000000015;977.2043000000015;977.2043000000015;976.5882000000015;941.4666999999961;977.2043000000015;957.7503999999972;984.0539000000108;
5402.7756834767615;987.5040000000695;984.0539000000108;958.6305999999972;959.5107999999973;992.3880000000423;984.0539000000108;989.9592000000558;984.0539000000108;977.2043000000015;977.2043000000015;977.2043000000015;976.5882000000015;941.4666999999961;977.2043000000015;957.7503999999972;984.0539000000108;
5403.7756882530975;987.4952000000695;984.0539000000108;958.6305999999972;959.5107999999973;992.3792000000424;984.0539000000108;989.9416000000559;984.0539000000108;977.2043000000015;977.2043000000015;977.2043000000015;976.5882000000015;941.4666999999961;977.2043000000015;957.7503999999972;984.0539000000108;
5404.000000000026;987.4864000000696;984.0539000000108;958.6305999999972;959.5107999999973;992.3792000000424;984.0539000000108;989.932800000056;984.0539000000108;977.2043000000015;977.2043000000015;977.2043000000015;976.5882000000015;941.4666999999961;977.2043000000015;957.7503999999972;984.0539000000108;
5404.7756930294345;987.4864000000696;984.0539000000108;958.6305999999972;959.5107999999973;992.3792000000424;984.0539000000108;989.932800000056;984.0539000000108;977.2043000000015;977.2043000000015;977.2043000000015;976.5882000000015;941.4666999999961;977.2043000000015;957.7503999999972;984.0539000000108;
5406.000000000026;987.4864000000696;984.0539000000108;958.6305999999972;959.5107999999973;992.3792000000424;984.0539000000108;989.932800000056;984.0539000000108;977.2043000000015;977.2043000000015;977.2043000000015;976.5882000000015;941.4666999999961;977.2043000000015;957.7503999999972;984.0539000000108;
5407.000000000026;987.4864000000696;984.0539000000108;958.6305999999972;959.5107999999973;992.3792000000424;984.0539000000108;989.932800000056;984.0539000000108;977.2043000000015;977.2043000000015;977.2043000000015;976.5882000000015;941.4666999999961;977.2043000000015;957.7503999999972;984.0539000000108;
5408.000000000026;987.4864000000696;984.0539000000108;958.6305999999972;959.5107999999973;992.3792000000424;984.0539000000108;989.932800000056;984.0539000000108;977.2043000000015;977.2043000000015;977.2043000000015;976.5882000000015;941.4666999999961;977.2043000000015;957.7503999999972;984.0539000000108;
5409.000000000026;987.4864000000696;984.0539000000108;958.6305999999972;959.5107999999973;992.3792000000424;984.0539000000108;989.932800000056;984.0539000000108;977.2043000000015;977.2043000000015;977.2043000000015;976.5882000000015;941.4666999999961;977.2043000000015;957.7503999999972;984.0539000000108;
5410.000000000026;987.4864000000696;984.0539000000108;958.6305999999972;959.5107999999973;992.3792000000424;984.0539000000108;989.932800000056;984.0539000000108;977.2043000000015;977.2043000000015;977.2043000000015;976.5882000000015;941.4666999999961;977.2043000000015;957.7503999999972;984.0539000000108;
5411.000000000026;987.4864000000696;984.0539000000108;958.6305999999972;959.5107999999973;992.3792000000424;984.0539000000108;989.932800000056;984.0539000000108;977.2043000000015;977.2043000000015;977.2043000000015;976.5882000000015;941.4666999999961;977.2043000000015;957.7503999999972;984.0539000000108;
5412.000000000026;987.4864000000696;984.0539000000108;958.6305999999972;959.5107999999973;992.3792000000424;984.0539000000108;989.932800000056;984.0539000000108;977.2043000000015;977.2043000000015;977.2043000000015;976.5882000000015;941.4666999999961;977.2043000000015;957.7503999999972;984.0539000000108;
5413.000000000026;987.4864000000696;984.0539000000108;958.6305999999972;959.5107999999973;992.3792000000424;984.0539000000108;989.932800000056;984.0539000000108;977.2043000000015;977.2043000000015;977.2043000000015;976.5882000000015;941.4666999999961;977.2043000000015;957.7503999999972;984.0539000000108;
5414.000000000026;987.4864000000696;984.0539000000108;958.6305999999972;959.5107999999973;992.3792000000424;984.0539000000108;989.932800000056;984.0539000000108;977.2043000000015;977.2043000000015;977.2043000000015;976.5882000000015;941.4666999999961;977.2043000000015;957.7503999999972;984.0539000000108;
5415.000000000026;987.4864000000696;984.0539000000108;958.6305999999972;959.5107999999973;992.3792000000424;984.0539000000108;989.932800000056;984.0539000000108;977.2043000000015;977.2043000000015;977.2043000000015;976.5882000000015;941.4666999999961;977.2043000000015;957.7503999999972;984.0539000000108;
5416.000000000026;987.4864000000696;984.0539000000108;958.6305999999972;959.5107999999973;992.3792000000424;984.0539000000108;989.932800000056;984.0539000000108;977.2043000000015;977.2043000000015;977.2043000000015;976.5882000000015;941.4666999999961;977.2043000000015;957.7503999999972;984.0539000000108;
5417.000000000026;987.4864000000696;984.0539000000108;958.6305999999972;959.5107999999973;992.3792000000424;984.0539000000108;989.932800000056;984.0539000000108;977.2043000000015;977.2043000000015;977.2043000000015;976.5882000000015;941.4666999999961;977.2043000000015;957.7503999999972;984.0539000000108;
5418.000000000026;987.4864000000696;984.0539000000108;958.6305999999972;959.5107999999973;992.3792000000424;984.0539000000108;989.932800000056;984.0539000000108;977.2043000000015;977.2043000000015;977.2043000000015;976.5882000000015;941.4666999999961;977.2043000000015;957.7503999999972;984.0539000000108;
5419.000000000026;987.4864000000696;984.0539000000108;958.6305999999972;959.5107999999973;992.3792000000424;984.0539000000108;989.932800000056;984.0539000000108;977.2043000000015;977.2043000000015;977.2043000000015;976.5882000000015;941.4666999999961;977.2043000000015;957.7503999999972;984.0539000000108;
5420.000000000026;987.4864000000696;984.0539000000108;958.6305999999972;959.5107999999973;992.3792000000424;984.0539000000108;989.932800000056;984.0539000000108;977.2043000000015;977.2043000000015;977.2043000000015;976.5882000000015;941.4666999999961;977.2043000000015;957.7503999999972;984.0539000000108;
5421.000000000026;987.4864000000696;984.0539000000108;958.6305999999972;959.5107999999973;992.3792000000424;984.0539000000108;989.932800000056;984.0539000000108;977.2043000000015;977.2043000000015;977.2043000000015;976.5882000000015;941.4666999999961;977.2043000000015;957.7503999999972;984.0539000000108;
5422.000000000026;987.4864000000696;984.0539000000108;958.6305999999972;959.5107999999973;992.3792000000424;984.0539000000108;989.932800000056;984.0539000000108;977.2043000000015;977.2043000000015;977.2043000000015;976.5882000000015;941.4666999999961;977.2043000000015;957.7503999999972;984.0539000000108;
5423.000000000026;987.4864000000696;984.0539000000108;958.6305999999972;959.5107999999973;992.3792000000424;984.0539000000108;989.932800000056;984.0539000000108;977.2043000000015;977.2043000000015;977.2043000000015;976.5882000000015;941.4666999999961;977.2043000000015;957.7503999999972;984.0539000000108;
5424.000000000026;987.4864000000696;984.0539000000108;958.6305999999972;959.5107999999973;992.3792000000424;984.0539000000108;989.932800000056;984.0539000000108;977.2043000000015;977.2043000000015;977.2043000000015;976.5882000000015;941.4666999999961;977.2043000000015;957.7503999999972;984.0539000000108;
5425.000000000026;987.4864000000696;984.0539000000108;958.6305999999972;959.5107999999973;992.3792000000424;984.0539000000108;989.932800000056;984.0539000000108;977.2043000000015;977.2043000000015;977.2043000000015;976.5882000000015;941.4666999999961;977.2043000000015;957.7503999999972;984.0539000000108;
5426.000000000026;987.4864000000696;984.0539000000108;958.6305999999972;959.5107999999973;992.3792000000424;984.0539000000108;989.932800000056;984.0539000000108;977.2043000000015;977.2043000000015;977.2043000000015;976.5882000000015;941.4666999999961;977.2043000000015;957.7503999999972;984.0539000000108;
5427.000000000026;987.4864000000696;984.0539000000108;958.6305999999972;959.5107999999973;992.3792000000424;984.0539000000108;989.932800000056;984.0539000000108;977.2043000000015;977.2043000000015;977.2043000000015;976.5882000000015;941.4666999999961;977.2043000000015;957.7503999999972;984.0539000000108;
5428.000000000026;987.4864000000696;984.0539000000108;958.6305999999972;959.5107999999973;992.3792000000424;984.0539000000108;989.932800000056;984.0539000000108;977.2043000000015;977.2043000000015;977.2043000000015;976.5882000000015;941.4666999999961;977.2043000000015;957.7503999999972;984.0539000000108;
5429.000000000026;987.4864000000696;984.0539000000108;958.6305999999972;959.5107999999973;992.3792000000424;984.0539000000108;989.932800000056;984.0539000000108;977.2043000000015;977.2043000000015;977.2043000000015;976.5882000000015;941.4666999999961;977.2043000000015;957.7503999999972;984.0539000000108;
5429.770325885482;987.4864000000696;984.0539000000108;958.6305999999972;959.5107999999973;992.3792000000424;984.0538000000108;989.932800000056;984.0539000000108;977.2043000000015;977.2043000000015;977.2043000000015;976.5882000000015;941.4666999999961;977.2043000000015;957.7503999999972;984.0539000000108;
5429.770325885482;987.4864000000696;984.0539000000108;958.6305999999972;959.5107999999973;992.3792000000424;983.9658000000109;989.932800000056;984.0539000000108;977.2043000000015;977.2043000000015;977.2043000000015;976.5882000000015;941.4666999999961;977.2043000000015;957.7503999999972;984.0539000000108;
5429.7756418854815;987.4776000000696;984.0539000000108;958.6305999999972;959.5107999999973;992.3792000000424;983.9658000000109;989.932800000056;984.0539000000108;977.2043000000015;977.2043000000015;977.2043000000015;976.5882000000015;941.4666999999961;977.2043000000015;957.7503999999972;984.0539000000108;
5429.7756418854815;987.4688000000697;984.0539000000108;958.6305999999972;959.5107999999973;992.3792000000424;983.9658000000109;989.932800000056;984.0539000000108;977.2043000000015;977.2043000000015;977.2043000000015;976.5882000000015;941.4666999999961;977.2043000000015;957.7503999999972;984.0539000000108;
5429.780957885481;987.4688000000697;984.0539000000108;958.6305999999972;959.5107999999973;992.3792000000424;983.9658000000109;989.924000000056;984.0539000000108;977.2043000000015;977.2043000000015;977.2043000000015;976.5882000000015;941.4666999999961;977.2043000000015;957.7503999999972;984.0539000000108;
5429.804126047424;987.4688000000697;984.0539000000108;958.6304999999973;959.5107999999973;992.3792000000424;983.9658000000109;989.924000000056;984.0539000000108;977.2043000000015;977.2043000000015;977.2043000000015;976.5882000000015;941.4666999999961;977.2043000000015;957.7503999999972;984.0539000000108;
5429.804126047424;987.4688000000697;984.0539000000108;958.1904999999972;959.5107999999973;992.3792000000424;983.9658000000109;989.924000000056;984.0539000000108;977.2043000000015;977.2043000000015;977.2043000000015;976.5882000000015;941.4666999999961;977.2043000000015;957.7503999999972;984.0539000000108;
5429.8094420474235;987.4600000000697;984.0539000000108;958.1904999999972;959.5107999999973;992.3792000000424;983.9658000000109;989.924000000056;984.0539000000108;977.2043000000015;977.2043000000015;977.2043000000015;976.5882000000015;941.4666999999961;977.2043000000015;957.7503999999972;984.0539000000108;
5429.841470614848;987.4600000000697;984.0539000000108;958.1904999999972;959.5107999999973;992.3792000000424;983.9658000000109;989.924000000056;984.0539000000108;977.2043000000015;977.2043000000015;977.2043000000015;976.5882000000015;941.4665999999961;977.2043000000015;957.7503999999972;984.0539000000108;
5429.841470614848;987.4600000000697;984.0539000000108;958.1904999999972;959.5107999999973;992.3792000000424;983.9658000000109;989.924000000056;984.0539000000108;977.2043000000015;977.2043000000015;977.2043000000015;976.5882000000015;941.026599999996;977.2043000000015;957.7503999999972;984.0539000000108;
5429.846786614848;987.4600000000697;984.0539000000108;958.1904999999972;959.5107999999973;992.3704000000424;983.9658000000109;989.924000000056;984.0539000000108;977.2043000000015;977.2043000000015;977.2043000000015;976.5882000000015;941.026599999996;977.2043000000015;957.7503999999972;984.0539000000108;
5429.940910079713;987.4600000000697;984.0539000000108;958.1904999999972;959.5107999999973;992.3616000000425;983.9658000000109;989.9152000000561;984.0538000000108;977.2043000000015;977.2043000000015;977.2043000000015;976.5882000000015;941.026599999996;977.2043000000015;957.7503999999972;984.0539000000108;
5430.7756466618175;987.4424000000698;983.9658000000109;958.1904999999972;959.0706999999973;992.3440000000426;983.9658000000109;989.9152000000561;983.9658000000109;977.2043000000015;977.2043000000015;977.2043000000015;976.5882000000015;941.026599999996;977.2043000000015;957.3102999999971;983.9658000000109;
5431.7756514381545;987.4336000000699;983.9658000000109;958.1904999999972;959.0706999999973;992.3352000000426;983.9658000000109;989.8976000000562;983.9658000000109;977.2043000000015;977.2043000000015;977.2043000000015;976.5882000000015;941.026599999996;977.2043000000015;957.3102999999971;983.9658000000109;
5432.000000000025;987.4248000000699;983.9658000000109;958.1904999999972;959.0706999999973;992.3264000000427;983.9658000000109;989.8800000000563;983.9658000000109;977.2043000000015;977.2043000000015;977.2043000000015;976.5882000000015;941.026599999996;977.2043000000015;957.3102999999971;983.9658000000109;
5432.775656214491;987.4248000000699;983.9658000000109;958.1904999999972;959.0706999999973;992.3264000000427;983.9658000000109;989.8800000000563;983.9658000000109;977.2043000000015;977.2043000000015;977.2043000000015;976.5882000000015;941.026599999996;977.2043000000015;957.3102999999971;983.9658000000109;
5433.775660990828;987.41600000007;983.9658000000109;958.1904999999972;959.0706999999973;992.3264000000427;983.9658000000109;989.8712000000563;983.9658000000109;977.2043000000015;977.2043000000015;977.2043000000015;976.5882000000015;941.026599999996;977.2043000000015;957.3102999999971;983.9658000000109;
5435.000000000025;987.41600000007;983.9658000000109;958.1904999999972;959.0706999999973;992.3264000000427;983.9658000000109;989.8712000000563;983.9658000000109;977.2043000000015;977.2043000000015;977.2043000000015;976.5882000000015;941.026599999996;977.2043000000015;957.3102999999971;983.9658000000109;
5436.000000000025;987.41600000007;983.9658000000109;958.1904999999972;959.0706999999973;992.3264000000427;983.9658000000109;989.8712000000563;983.9658000000109;977.2043000000015;977.2043000000015;977.2043000000015;976.5882000000015;941.026599999996;977.2043000000015;957.3102999999971;983.9658000000109;
5437.000000000025;987.41600000007;983.9658000000109;958.1904999999972;959.0706999999973;992.3264000000427;983.9658000000109;989.8712000000563;983.9658000000109;977.2043000000015;977.2043000000015;977.2043000000015;976.5882000000015;941.026599999996;977.2043000000015;957.3102999999971;983.9658000000109;
5438.000000000025;987.41600000007;983.9658000000109;958.1904999999972;959.0706999999973;992.3264000000427;983.9658000000109;989.8712000000563;983.9658000000109;977.2043000000015;977.2043000000015;977.2043000000015;976.5882000000015;941.026599999996;977.2043000000015;957.3102999999971;983.9658000000109;
5439.000000000025;987.41600000007;983.9658000000109;958.1904999999972;959.0706999999973;992.3264000000427;983.9658000000109;989.8712000000563;983.9658000000109;977.2043000000015;977.2043000000015;977.2043000000015;976.5882000000015;941.026599999996;977.2043000000015;957.3102999999971;983.9658000000109;
5440.000000000025;987.41600000007;983.9658000000109;958.1904999999972;959.0706999999973;992.3264000000427;983.9658000000109;989.8712000000563;983.9658000000109;977.2043000000015;977.2043000000015;977.2043000000015;976.5882000000015;941.026599999996;977.2043000000015;957.3102999999971;983.9658000000109;
5441.000000000025;987.41600000007;983.9658000000109;958.1904999999972;959.0706999999973;992.3264000000427;983.9658000000109;989.8712000000563;983.9658000000109;977.2043000000015;977.2043000000015;977.2043000000015;976.5882000000015;941.026599999996;977.2043000000015;957.3102999999971;983.9658000000109;
5442.000000000025;987.41600000007;983.9658000000109;958.1904999999972;959.0706999999973;992.3264000000427;983.9658000000109;989.8712000000563;983.9658000000109;977.2043000000015;977.2043000000015;977.2043000000015;976.5882000000015;941.026599999996;977.2043000000015;957.3102999999971;983.9658000000109;
5443.000000000025;987.41600000007;983.9658000000109;958.1904999999972;959.0706999999973;992.3264000000427;983.9658000000109;989.8712000000563;983.9658000000109;977.2043000000015;977.2043000000015;977.2043000000015;976.5882000000015;941.026599999996;977.2043000000015;957.3102999999971;983.9658000000109;
5444.000000000025;987.41600000007;983.9658000000109;958.1904999999972;959.0706999999973;992.3264000000427;983.9658000000109;989.8712000000563;983.9658000000109;977.2043000000015;977.2043000000015;977.2043000000015;976.5882000000015;941.026599999996;977.2043000000015;957.3102999999971;983.9658000000109;
5445.000000000025;987.41600000007;983.9658000000109;958.1904999999972;959.0706999999973;992.3264000000427;983.9658000000109;989.8712000000563;983.9658000000109;977.2043000000015;977.2043000000015;977.2043000000015;976.5882000000015;941.026599999996;977.2043000000015;957.3102999999971;983.9658000000109;
5446.000000000025;987.41600000007;983.9658000000109;958.1904999999972;959.0706999999973;992.3264000000427;983.9658000000109;989.8712000000563;983.9658000000109;977.2043000000015;977.2043000000015;977.2043000000015;976.5882000000015;941.026599999996;977.2043000000015;957.3102999999971;983.9658000000109;
5447.000000000025;987.41600000007;983.9658000000109;958.1904999999972;959.0706999999973;992.3264000000427;983.9658000000109;989.8712000000563;983.9658000000109;977.2043000000015;977.2043000000015;977.2043000000015;976.5882000000015;941.026599999996;977.2043000000015;957.3102999999971;983.9658000000109;
5448.000000000025;987.41600000007;983.9658000000109;958.1904999999972;959.0706999999973;992.3264000000427;983.9658000000109;989.8712000000563;983.9658000000109;977.2043000000015;977.2043000000015;977.2043000000015;976.5882000000015;941.026599999996;977.2043000000015;957.3102999999971;983.9658000000109;
5449.000000000025;987.41600000007;983.9658000000109;958.1904999999972;959.0706999999973;992.3264000000427;983.9658000000109;989.8712000000563;983.9658000000109;977.2043000000015;977.2043000000015;977.2043000000015;976.5882000000015;941.026599999996;977.2043000000015;957.3102999999971;983.9658000000109;
5450.000000000025;987.41600000007;983.9658000000109;958.1904999999972;959.0706999999973;992.3264000000427;983.9658000000109;989.8712000000563;983.9658000000109;977.2043000000015;977.2043000000015;977.2043000000015;976.5882000000015;941.026599999996;977.2043000000015;957.3102999999971;983.9658000000109;
5451.000000000025;987.41600000007;983.9658000000109;958.1904999999972;959.0706999999973;992.3264000000427;983.9658000000109;989.8712000000563;983.9658000000109;977.2043000000015;977.2043000000015;977.2043000000015;976.5882000000015;941.026599999996;977.2043000000015;957.3102999999971;983.9658000000109;
5452.000000000025;987.41600000007;983.9658000000109;958.1904999999972;959.0706999999973;992.3264000000427;983.9658000000109;989.8712000000563;983.9658000000109;977.2043000000015;977.2043000000015;977.2043000000015;976.5882000000015;941.026599999996;977.2043000000015;957.3102999999971;983.9658000000109;
5453.000000000025;987.41600000007;983.9658000000109;958.1904999999972;959.0706999999973;992.3264000000427;983.9658000000109;989.8712000000563;983.9658000000109;977.2043000000015;977.2043000000015;977.2043000000015;976.5882000000015;941.026599999996;977.2043000000015;957.3102999999971;983.9658000000109;
5454.000000000025;987.41600000007;983.9658000000109;958.1904999999972;959.0706999999973;992.3264000000427;983.9658000000109;989.8712000000563;983.9658000000109;977.2043000000015;977.2043000000015;977.2043000000015;976.5882000000015;941.026599999996;977.2043000000015;957.3102999999971;983.9658000000109;
5455.000000000025;987.41600000007;983.9658000000109;958.1904999999972;959.0706999999973;992.3264000000427;983.9658000000109;989.8712000000563;983.9658000000109;977.2043000000015;977.2043000000015;977.2043000000015;976.5882000000015;941.026599999996;977.2043000000015;957.3102999999971;983.9658000000109;
5456.000000000025;987.41600000007;983.9658000000109;958.1904999999972;959.0706999999973;992.3264000000427;983.9658000000109;989.8712000000563;983.9658000000109;977.2043000000015;977.2043000000015;977.2043000000015;976.5882000000015;941.026599999996;977.2043000000015;957.3102999999971;983.9658000000109;
5457.000000000025;987.41600000007;983.9658000000109;958.1904999999972;959.0706999999973;992.3264000000427;983.9658000000109;989.8712000000563;983.9658000000109;977.2043000000015;977.2043000000015;977.2043000000015;976.5882000000015;941.026599999996;977.2043000000015;957.3102999999971;983.9658000000109;
5458.000000000025;987.41600000007;983.9658000000109;958.1904999999972;959.0706999999973;992.3264000000427;983.9658000000109;989.8712000000563;983.9658000000109;977.2043000000015;977.2043000000015;977.2043000000015;976.5882000000015;941.026599999996;977.2043000000015;957.3102999999971;983.9658000000109;
5459.000000000025;987.41600000007;983.9658000000109;958.1904999999972;959.0706999999973;992.3264000000427;983.9658000000109;989.8712000000563;983.9658000000109;977.2043000000015;977.2043000000015;977.2043000000015;976.5882000000015;941.026599999996;977.2043000000015;957.3102999999971;983.9658000000109;
5459.770298623213;987.41600000007;983.9658000000109;958.1904999999972;959.0706999999973;992.3264000000427;983.9657000000109;989.8712000000563;983.9658000000109;977.2043000000015;977.2043000000015;977.2043000000015;976.5882000000015;941.026599999996;977.2043000000015;957.3102999999971;983.9658000000109;
5459.770298623213;987.41600000007;983.9658000000109;958.1904999999972;959.0706999999973;992.3264000000427;983.8777000000109;989.8712000000563;983.9658000000109;977.2043000000015;977.2043000000015;977.2043000000015;976.5882000000015;941.026599999996;977.2043000000015;957.3102999999971;983.9658000000109;
5459.775614623213;987.40720000007;983.9658000000109;958.1904999999972;959.0706999999973;992.3264000000427;983.8777000000109;989.8712000000563;983.9658000000109;977.2043000000015;977.2043000000015;977.2043000000015;976.5882000000015;941.026599999996;977.2043000000015;957.3102999999971;983.9658000000109;
5459.775614623213;987.3984000000701;983.9658000000109;958.1904999999972;959.0706999999973;992.3264000000427;983.8777000000109;989.8712000000563;983.9658000000109;977.2043000000015;977.2043000000015;977.2043000000015;976.5882000000015;941.026599999996;977.2043000000015;957.3102999999971;983.9658000000109;
5459.780930623213;987.3984000000701;983.9658000000109;958.1904999999972;959.0706999999973;992.3264000000427;983.8777000000109;989.8624000000564;983.9658000000109;977.2043000000015;977.2043000000015;977.2043000000015;976.5882000000015;941.026599999996;977.2043000000015;957.3102999999971;983.9658000000109;
5459.940953388647;987.3984000000701;983.9658000000109;958.1904999999972;959.0706999999973;992.3264000000427;983.8777000000109;989.8624000000564;983.9657000000109;977.2043000000015;977.2043000000015;977.2043000000015;976.5882000000015;941.026599999996;977.2043000000015;957.3102999999971;983.9658000000109;
5459.940953388647;987.3984000000701;983.9658000000109;958.1904999999972;959.0706999999973;992.3264000000427;983.8777000000109;989.8624000000564;983.8777000000109;977.2043000000015;977.2043000000015;977.2043000000015;976.5882000000015;941.026599999996;977.2043000000015;957.3102999999971;983.9658000000109;
5459.946269388647;987.3896000000701;983.9658000000109;958.1904999999972;959.0706999999973;992.3264000000427;983.8777000000109;989.8624000000564;983.8777000000109;977.2043000000015;977.2043000000015;977.2043000000015;976.5882000000015;941.026599999996;977.2043000000015;957.3102999999971;983.9658000000109;
5459.983560800994;987.3896000000701;983.9657000000109;958.1904999999972;959.0706999999973;992.3264000000427;983.8777000000109;989.8624000000564;983.8777000000109;977.2043000000015;977.2043000000015;977.2043000000015;976.5882000000015;941.026599999996;977.2043000000015;957.3102999999971;983.9658000000109;
5459.983560800994;987.3896000000701;983.8777000000109;958.1904999999972;959.0706999999973;992.3264000000427;983.8777000000109;989.8624000000564;983.8777000000109;977.2043000000015;977.2043000000015;977.2043000000015;976.5882000000015;941.026599999996;977.2043000000015;957.3102999999971;983.9658000000109;
5459.988876800994;987.3808000000702;983.8777000000109;958.1904999999972;959.0706999999973;992.3264000000427;983.8777000000109;989.8624000000564;983.8777000000109;977.2043000000015;977.2043000000015;977.2043000000015;976.5882000000015;941.026599999996;977.2043000000015;957.3102999999971;983.9658000000109;
5460.000000000024;987.3808000000702;983.8777000000109;958.1904999999972;959.0706999999973;992.3264000000427;983.8777000000109;989.8624000000564;983.8777000000109;977.2043000000015;977.2043000000015;977.2043000000015;976.5882000000015;941.026599999996;977.2043000000015;957.3102999999971;983.9658000000109;
5460.029015880275;987.3808000000702;983.8777000000109;958.1904999999972;959.0706999999973;992.3264000000427;983.8777000000109;989.8624000000564;983.8777000000109;977.2043000000015;977.2043000000015;977.2043000000015;976.5882000000015;941.026599999996;977.2043000000015;957.3102999999971;983.9657000000109;
5460.775619399549;987.3808000000702;983.8777000000109;958.1904999999972;959.0706999999973;992.3264000000427;983.8777000000109;989.8624000000564;983.8777000000109;977.2043000000015;977.2043000000015;977.2043000000015;976.5882000000015;941.026599999996;977.2043000000015;957.3102999999971;983.8777000000109;
5461.775624175886;987.3720000000702;983.8777000000109;958.1904999999972;959.0706999999973;992.3264000000427;983.8777000000109;989.8536000000564;983.8777000000109;977.2043000000015;977.2043000000015;977.2043000000015;976.5882000000015;941.026599999996;977.2043000000015;957.3102999999971;983.8777000000109;
5462.775628952223;987.3632000000703;983.8777000000109;958.1904999999972;959.0706999999973;992.3264000000427;983.8777000000109;989.8448000000565;983.8777000000109;977.2043000000015;977.2043000000015;977.2043000000015;976.5882000000015;941.026599999996;977.2043000000015;957.3102999999971;983.8777000000109;
5463.000000000023;987.3632000000703;983.8777000000109;958.1904999999972;959.0706999999973;992.3264000000427;983.8777000000109;989.8448000000565;983.8777000000109;977.2043000000015;977.2043000000015;977.2043000000015;976.5882000000015;941.026599999996;977.2043000000015;957.3102999999971;983.8777000000109;
5464.000000000023;987.3632000000703;983.8777000000109;958.1904999999972;959.0706999999973;992.3264000000427;983.8777000000109;989.8448000000565;983.8777000000109;977.2043000000015;977.2043000000015;977.2043000000015;976.5882000000015;941.026599999996;977.2043000000015;957.3102999999971;983.8777000000109;
5465.000000000023;987.3632000000703;983.8777000000109;958.1904999999972;959.0706999999973;992.3264000000427;983.8777000000109;989.8448000000565;983.8777000000109;977.2043000000015;977.2043000000015;977.2043000000015;976.5882000000015;941.026599999996;977.2043000000015;957.3102999999971;983.8777000000109;
5466.000000000023;987.3632000000703;983.8777000000109;958.1904999999972;959.0706999999973;992.3264000000427;983.8777000000109;989.8448000000565;983.8777000000109;977.2043000000015;977.2043000000015;977.2043000000015;976.5882000000015;941.026599999996;977.2043000000015;957.3102999999971;983.8777000000109;
5467.000000000023;987.3632000000703;983.8777000000109;958.1904999999972;959.0706999999973;992.3264000000427;983.8777000000109;989.8448000000565;983.8777000000109;977.2043000000015;977.2043000000015;977.2043000000015;976.5882000000015;941.026599999996;977.2043000000015;957.3102999999971;983.8777000000109;
5468.000000000023;987.3632000000703;983.8777000000109;958.1904999999972;959.0706999999973;992.3264000000427;983.8777000000109;989.8448000000565;983.8777000000109;977.2043000000015;977.2043000000015;977.2043000000015;976.5882000000015;941.026599999996;977.2043000000015;957.3102999999971;983.8777000000109;
5469.000000000023;987.3632000000703;983.8777000000109;958.1904999999972;959.0706999999973;992.3264000000427;983.8777000000109;989.8448000000565;983.8777000000109;977.2043000000015;977.2043000000015;977.2043000000015;976.5882000000015;941.026599999996;977.2043000000015;957.3102999999971;983.8777000000109;
5470.000000000023;987.3632000000703;983.8777000000109;958.1904999999972;959.0706999999973;992.3264000000427;983.8777000000109;989.8448000000565;983.8777000000109;977.2043000000015;977.2043000000015;977.2043000000015;976.5882000000015;941.026599999996;977.2043000000015;957.3102999999971;983.8777000000109;
5471.000000000023;987.3632000000703;983.8777000000109;958.1904999999972;959.0706999999973;992.3264000000427;983.8777000000109;989.8448000000565;983.8777000000109;977.2043000000015;977.2043000000015;977.2043000000015;976.5882000000015;941.026599999996;977.2043000000015;957.3102999999971;983.8777000000109;
5472.000000000023;987.3632000000703;983.8777000000109;958.1904999999972;959.0706999999973;992.3264000000427;983.8777000000109;989.8448000000565;983.8777000000109;977.2043000000015;977.2043000000015;977.2043000000015;976.5882000000015;941.026599999996;977.2043000000015;957.3102999999971;983.8777000000109;
5473.000000000023;987.3632000000703;983.8777000000109;958.1904999999972;959.0706999999973;992.3264000000427;983.8777000000109;989.8448000000565;983.8777000000109;977.2043000000015;977.2043000000015;977.2043000000015;976.5882000000015;941.026599999996;977.2043000000015;957.3102999999971;983.8777000000109;
5474.000000000023;987.3632000000703;983.8777000000109;958.1904999999972;959.0706999999973;992.3264000000427;983.8777000000109;989.8448000000565;983.8777000000109;977.2043000000015;977.2043000000015;977.2043000000015;976.5882000000015;941.026599999996;977.2043000000015;957.3102999999971;983.8777000000109;
5475.000000000023;987.3632000000703;983.8777000000109;958.1904999999972;959.0706999999973;992.3264000000427;983.8777000000109;989.8448000000565;983.8777000000109;977.2043000000015;977.2043000000015;977.2043000000015;976.5882000000015;941.026599999996;977.2043000000015;957.3102999999971;983.8777000000109;
5476.000000000023;987.3632000000703;983.8777000000109;958.1904999999972;959.0706999999973;992.3264000000427;983.8777000000109;989.8448000000565;983.8777000000109;977.2043000000015;977.2043000000015;977.2043000000015;976.5882000000015;941.026599999996;977.2043000000015;957.3102999999971;983.8777000000109;
5477.000000000023;987.3632000000703;983.8777000000109;958.1904999999972;959.0706999999973;992.3264000000427;983.8777000000109;989.8448000000565;983.8777000000109;977.2043000000015;977.2043000000015;977.2043000000015;976.5882000000015;941.026599999996;977.2043000000015;957.3102999999971;983.8777000000109;
5478.000000000023;987.3632000000703;983.8777000000109;958.1904999999972;959.0706999999973;992.3264000000427;983.8777000000109;989.8448000000565;983.8777000000109;977.2043000000015;977.2043000000015;977.2043000000015;976.5882000000015;941.026599999996;977.2043000000015;957.3102999999971;983.8777000000109;
5479.000000000023;987.3632000000703;983.8777000000109;958.1904999999972;959.0706999999973;992.3264000000427;983.8777000000109;989.8448000000565;983.8777000000109;977.2043000000015;977.2043000000015;977.2043000000015;976.5882000000015;941.026599999996;977.2043000000015;957.3102999999971;983.8777000000109;
5480.000000000023;987.3632000000703;983.8777000000109;958.1904999999972;959.0706999999973;992.3264000000427;983.8777000000109;989.8448000000565;983.8777000000109;977.2043000000015;977.2043000000015;977.2043000000015;976.5882000000015;941.026599999996;977.2043000000015;957.3102999999971;983.8777000000109;
5481.000000000023;987.3632000000703;983.8777000000109;958.1904999999972;959.0706999999973;992.3264000000427;983.8777000000109;989.8448000000565;983.8777000000109;977.2043000000015;977.2043000000015;977.2043000000015;976.5882000000015;941.026599999996;977.2043000000015;957.3102999999971;983.8777000000109;
5482.000000000023;987.3632000000703;983.8777000000109;958.1904999999972;959.0706999999973;992.3264000000427;983.8777000000109;989.8448000000565;983.8777000000109;977.2043000000015;977.2043000000015;977.2043000000015;976.5882000000015;941.026599999996;977.2043000000015;957.3102999999971;983.8777000000109;
5483.000000000023;987.3632000000703;983.8777000000109;958.1904999999972;959.0706999999973;992.3264000000427;983.8777000000109;989.8448000000565;983.8777000000109;977.2043000000015;977.2043000000015;977.2043000000015;976.5882000000015;941.026599999996;977.2043000000015;957.3102999999971;983.8777000000109;
5484.000000000023;987.3632000000703;983.8777000000109;958.1904999999972;959.0706999999973;992.3264000000427;983.8777000000109;989.8448000000565;983.8777000000109;977.2043000000015;977.2043000000015;977.2043000000015;976.5882000000015;941.026599999996;977.2043000000015;957.3102999999971;983.8777000000109;
5485.000000000023;987.3632000000703;983.8777000000109;958.1904999999972;959.0706999999973;992.3264000000427;983.8777000000109;989.8448000000565;983.8777000000109;977.2043000000015;977.2043000000015;977.2043000000015;976.5882000000015;941.026599999996;977.2043000000015;957.3102999999971;983.8777000000109;
5486.000000000023;987.3632000000703;983.8777000000109;958.1904999999972;959.0706999999973;992.3264000000427;983.8777000000109;989.8448000000565;983.8777000000109;977.2043000000015;977.2043000000015;977.2043000000015;976.5882000000015;941.026599999996;977.2043000000015;957.3102999999971;983.8777000000109;
5487.000000000023;987.3632000000703;983.8777000000109;958.1904999999972;959.0706999999973;992.3264000000427;983.8777000000109;989.8448000000565;983.8777000000109;977.2043000000015;977.2043000000015;977.2043000000015;976.5882000000015;941.026599999996;977.2043000000015;957.3102999999971;983.8777000000109;
5488.000000000023;987.3632000000703;983.8777000000109;958.1904999999972;959.0706999999973;992.3264000000427;983.8777000000109;989.8448000000565;983.8777000000109;977.2043000000015;977.2043000000015;977.2043000000015;976.5882000000015;941.026599999996;977.2043000000015;957.3102999999971;983.8777000000109;
5489.000000000023;987.3632000000703;983.8777000000109;958.1904999999972;959.0706999999973;992.3264000000427;983.8777000000109;989.8448000000565;983.8777000000109;977.2043000000015;977.2043000000015;977.2043000000015;976.5882000000015;941.026599999996;977.2043000000015;957.3102999999971;983.8777000000109;
5489.770271360945;987.3632000000703;983.8777000000109;958.1904999999972;959.0706999999973;992.3264000000427;983.877600000011;989.8448000000565;983.8777000000109;977.2043000000015;977.2043000000015;977.2043000000015;976.5882000000015;941.026599999996;977.2043000000015;957.3102999999971;983.8777000000109;
5489.770271360945;987.3632000000703;983.8777000000109;958.1904999999972;959.0706999999973;992.3264000000427;983.789600000011;989.8448000000565;983.8777000000109;977.2043000000015;977.2043000000015;977.2043000000015;976.5882000000015;941.026599999996;977.2043000000015;957.3102999999971;983.8777000000109;
5489.775587360945;987.3544000000703;983.8777000000109;958.1904999999972;959.0706999999973;992.3264000000427;983.789600000011;989.8448000000565;983.8777000000109;977.2043000000015;977.2043000000015;977.2043000000015;976.5882000000015;941.026599999996;977.2043000000015;957.3102999999971;983.8777000000109;
5489.775587360945;987.3456000000704;983.8777000000109;958.1904999999972;959.0706999999973;992.3264000000427;983.789600000011;989.8448000000565;983.8777000000109;977.2043000000015;977.2043000000015;977.2043000000015;976.5882000000015;941.026599999996;977.2043000000015;957.3102999999971;983.8777000000109;
5489.780903360945;987.3456000000704;983.8777000000109;958.1904999999972;959.0706999999973;992.3264000000427;983.789600000011;989.8360000000565;983.8777000000109;977.2043000000015;977.2043000000015;977.2043000000015;976.5882000000015;941.026599999996;977.2043000000015;957.3102999999971;983.8777000000109;
5489.804133481566;987.3456000000704;983.8777000000109;958.1903999999972;959.0706999999973;992.3264000000427;983.789600000011;989.8360000000565;983.8777000000109;977.2043000000015;977.2043000000015;977.2043000000015;976.5882000000015;941.026599999996;977.2043000000015;957.3102999999971;983.8777000000109;
5489.804133481566;987.3456000000704;983.8777000000109;957.7503999999972;959.0706999999973;992.3264000000427;983.789600000011;989.8360000000565;983.8777000000109;977.2043000000015;977.2043000000015;977.2043000000015;976.5882000000015;941.026599999996;977.2043000000015;957.3102999999971;983.8777000000109;
5489.809449481566;987.3368000000704;983.8777000000109;957.7503999999972;959.0706999999973;992.3264000000427;983.789600000011;989.8360000000565;983.8777000000109;977.2043000000015;977.2043000000015;977.2043000000015;976.5882000000015;941.026599999996;977.2043000000015;957.3102999999971;983.8777000000109;
5489.838015394585;987.3368000000704;983.8777000000109;957.7503999999972;959.0706999999973;992.3264000000427;983.789600000011;989.8360000000565;983.8777000000109;977.2043000000015;977.2043000000015;977.2043000000015;976.5882000000015;941.0264999999961;977.2043000000015;957.3102999999971;983.8777000000109;
5489.838015394585;987.3368000000704;983.8777000000109;957.7503999999972;959.0706999999973;992.3264000000427;983.789600000011;989.8360000000565;983.8777000000109;977.2043000000015;977.2043000000015;977.2043000000015;976.5882000000015;940.586499999996;977.2043000000015;957.3102999999971;983.8777000000109;
5489.843331394585;987.3368000000704;983.8777000000109;957.7503999999972;959.0706999999973;992.3176000000427;983.789600000011;989.8360000000565;983.8777000000109;977.2043000000015;977.2043000000015;977.2043000000015;976.5882000000015;940.586499999996;977.2043000000015;957.3102999999971;983.8777000000109;
5489.843331394585;987.3368000000704;983.8777000000109;957.7503999999972;959.0706999999973;992.3088000000428;983.789600000011;989.8360000000565;983.8777000000109;977.2043000000015;977.2043000000015;977.2043000000015;976.5882000000015;940.586499999996;977.2043000000015;957.3102999999971;983.8777000000109;
5490.227865305823;987.3192000000705;983.789600000011;957.7503999999972;958.6305999999972;992.3000000000428;983.789600000011;989.8272000000566;983.789600000011;977.2043000000015;977.2043000000015;977.2043000000015;976.5882000000015;940.586499999996;977.2043000000015;957.3101999999972;983.789600000011;
5490.843321247561;987.3104000000706;983.789600000011;957.7503999999972;958.6305999999972;992.2912000000429;983.789600000011;989.8184000000566;983.789600000011;977.2043000000015;977.2043000000015;977.2043000000015;976.5882000000015;940.586499999996;977.2043000000015;956.8701999999971;983.789600000011;
5491.775596913617;987.3104000000706;983.789600000011;957.7503999999972;958.6305999999972;992.2824000000429;983.789600000011;989.8096000000567;983.789600000011;977.2043000000015;977.2043000000015;977.2043000000015;976.5882000000015;940.586499999996;977.2043000000015;956.8701999999971;983.789600000011;
5492.775601689953;987.3016000000706;983.789600000011;957.7503999999972;958.6305999999972;992.273600000043;983.789600000011;989.7920000000568;983.789600000011;977.2043000000015;977.2043000000015;977.2043000000015;976.5882000000015;940.586499999996;977.2043000000015;956.8701999999971;983.789600000011;
5493.000000000018;987.2928000000707;983.789600000011;957.7503999999972;958.6305999999972;992.273600000043;983.789600000011;989.7832000000568;983.789600000011;977.2043000000015;977.2043000000015;977.2043000000015;976.5882000000015;940.586499999996;977.2043000000015;956.8701999999971;983.789600000011;
5493.77560646629;987.2928000000707;983.789600000011;957.7503999999972;958.6305999999972;992.273600000043;983.789600000011;989.7832000000568;983.789600000011;977.2043000000015;977.2043000000015;977.2043000000015;976.5882000000015;940.586499999996;977.2043000000015;956.8701999999971;983.789600000011;
5495.000000000018;987.2928000000707;983.789600000011;957.7503999999972;958.6305999999972;992.273600000043;983.789600000011;989.7832000000568;983.789600000011;977.2043000000015;977.2043000000015;977.2043000000015;976.5882000000015;940.586499999996;977.2043000000015;956.8701999999971;983.789600000011;
5496.000000000018;987.2928000000707;983.789600000011;957.7503999999972;958.6305999999972;992.273600000043;983.789600000011;989.7832000000568;983.789600000011;977.2043000000015;977.2043000000015;977.2043000000015;976.5882000000015;940.586499999996;977.2043000000015;956.8701999999971;983.789600000011;
5497.000000000018;987.2928000000707;983.789600000011;957.7503999999972;958.6305999999972;992.273600000043;983.789600000011;989.7832000000568;983.789600000011;977.2043000000015;977.2043000000015;977.2043000000015;976.5882000000015;940.586499999996;977.2043000000015;956.8701999999971;983.789600000011;
5498.000000000018;987.2928000000707;983.789600000011;957.7503999999972;958.6305999999972;992.273600000043;983.789600000011;989.7832000000568;983.789600000011;977.2043000000015;977.2043000000015;977.2043000000015;976.5882000000015;940.586499999996;977.2043000000015;956.8701999999971;983.789600000011;
5499.000000000018;987.2928000000707;983.789600000011;957.7503999999972;958.6305999999972;992.273600000043;983.789600000011;989.7832000000568;983.789600000011;977.2043000000015;977.2043000000015;977.2043000000015;976.5882000000015;940.586499999996;977.2043000000015;956.8701999999971;983.789600000011;
5500.000000000018;987.2928000000707;983.789600000011;957.7503999999972;958.6305999999972;992.273600000043;983.789600000011;989.7832000000568;983.789600000011;977.2043000000015;977.2043000000015;977.2043000000015;976.5882000000015;940.586499999996;977.2043000000015;956.8701999999971;983.789600000011;
5501.000000000018;987.2928000000707;983.789600000011;957.7503999999972;958.6305999999972;992.273600000043;983.789600000011;989.7832000000568;983.789600000011;977.2043000000015;977.2043000000015;977.2043000000015;976.5882000000015;940.586499999996;977.2043000000015;956.8701999999971;983.789600000011;
5502.000000000018;987.2928000000707;983.789600000011;957.7503999999972;958.6305999999972;992.273600000043;983.789600000011;989.7832000000568;983.789600000011;977.2043000000015;977.2043000000015;977.2043000000015;976.5882000000015;940.586499999996;977.2043000000015;956.8701999999971;983.789600000011;
5503.000000000018;987.2928000000707;983.789600000011;957.7503999999972;958.6305999999972;992.273600000043;983.789600000011;989.7832000000568;983.789600000011;977.2043000000015;977.2043000000015;977.2043000000015;976.5882000000015;940.586499999996;977.2043000000015;956.8701999999971;983.789600000011;
5504.000000000018;987.2928000000707;983.789600000011;957.7503999999972;958.6305999999972;992.273600000043;983.789600000011;989.7832000000568;983.789600000011;977.2043000000015;977.2043000000015;977.2043000000015;976.5882000000015;940.586499999996;977.2043000000015;956.8701999999971;983.789600000011;
5505.000000000018;987.2928000000707;983.789600000011;957.7503999999972;958.6305999999972;992.273600000043;983.789600000011;989.7832000000568;983.789600000011;977.2043000000015;977.2043000000015;977.2043000000015;976.5882000000015;940.586499999996;977.2043000000015;956.8701999999971;983.789600000011;
5506.000000000018;987.2928000000707;983.789600000011;957.7503999999972;958.6305999999972;992.273600000043;983.789600000011;989.7832000000568;983.789600000011;977.2043000000015;977.2043000000015;977.2043000000015;976.5882000000015;940.586499999996;977.2043000000015;956.8701999999971;983.789600000011;
5507.000000000018;987.2928000000707;983.789600000011;957.7503999999972;958.6305999999972;992.273600000043;983.789600000011;989.7832000000568;983.789600000011;977.2043000000015;977.2043000000015;977.2043000000015;976.5882000000015;940.586499999996;977.2043000000015;956.8701999999971;983.789600000011;
5508.000000000018;987.2928000000707;983.789600000011;957.7503999999972;958.6305999999972;992.273600000043;983.789600000011;989.7832000000568;983.789600000011;977.2043000000015;977.2043000000015;977.2043000000015;976.5882000000015;940.586499999996;977.2043000000015;956.8701999999971;983.789600000011;
5509.000000000018;987.2928000000707;983.789600000011;957.7503999999972;958.6305999999972;992.273600000043;983.789600000011;989.7832000000568;983.789600000011;977.2043000000015;977.2043000000015;977.2043000000015;976.5882000000015;940.586499999996;977.2043000000015;956.8701999999971;983.789600000011;
5510.000000000018;987.2928000000707;983.789600000011;957.7503999999972;958.6305999999972;992.273600000043;983.789600000011;989.7832000000568;983.789600000011;977.2043000000015;977.2043000000015;977.2043000000015;976.5882000000015;940.586499999996;977.2043000000015;956.8701999999971;983.789600000011;
5511.000000000018;987.2928000000707;983.789600000011;957.7503999999972;958.6305999999972;992.273600000043;983.789600000011;989.7832000000568;983.789600000011;977.2043000000015;977.2043000000015;977.2043000000015;976.5882000000015;940.586499999996;977.2043000000015;956.8701999999971;983.789600000011;
5512.000000000018;987.2928000000707;983.789600000011;957.7503999999972;958.6305999999972;992.273600000043;983.789600000011;989.7832000000568;983.789600000011;977.2043000000015;977.2043000000015;977.2043000000015;976.5882000000015;940.586499999996;977.2043000000015;956.8701999999971;983.789600000011;
5513.000000000018;987.2928000000707;983.789600000011;957.7503999999972;958.6305999999972;992.273600000043;983.789600000011;989.7832000000568;983.789600000011;977.2043000000015;977.2043000000015;977.2043000000015;976.5882000000015;940.586499999996;977.2043000000015;956.8701999999971;983.789600000011;
5514.000000000018;987.2928000000707;983.789600000011;957.7503999999972;958.6305999999972;992.273600000043;983.789600000011;989.7832000000568;983.789600000011;977.2043000000015;977.2043000000015;977.2043000000015;976.5882000000015;940.586499999996;977.2043000000015;956.8701999999971;983.789600000011;
5515.000000000018;987.2928000000707;983.789600000011;957.7503999999972;958.6305999999972;992.273600000043;983.789600000011;989.7832000000568;983.789600000011;977.2043000000015;977.2043000000015;977.2043000000015;976.5882000000015;940.586499999996;977.2043000000015;956.8701999999971;983.789600000011;
5516.000000000018;987.2928000000707;983.789600000011;957.7503999999972;958.6305999999972;992.273600000043;983.789600000011;989.7832000000568;983.789600000011;977.2043000000015;977.2043000000015;977.2043000000015;976.5882000000015;940.586499999996;977.2043000000015;956.8701999999971;983.789600000011;
5517.000000000018;987.2928000000707;983.789600000011;957.7503999999972;958.6305999999972;992.273600000043;983.789600000011;989.7832000000568;983.789600000011;977.2043000000015;977.2043000000015;977.2043000000015;976.5882000000015;940.586499999996;977.2043000000015;956.8701999999971;983.789600000011;
5518.000000000018;987.2928000000707;983.789600000011;957.7503999999972;958.6305999999972;992.273600000043;983.789600000011;989.7832000000568;983.789600000011;977.2043000000015;977.2043000000015;977.2043000000015;976.5882000000015;940.586499999996;977.2043000000015;956.8701999999971;983.789600000011;
5519.000000000018;987.2928000000707;983.789600000011;957.7503999999972;958.6305999999972;992.273600000043;983.789600000011;989.7832000000568;983.789600000011;977.2043000000015;977.2043000000015;977.2043000000015;976.5882000000015;940.586499999996;977.2043000000015;956.8701999999971;983.789600000011;
5519.770244098674;987.2928000000707;983.789600000011;957.7503999999972;958.6305999999972;992.273600000043;983.789500000011;989.7832000000568;983.789600000011;977.2043000000015;977.2043000000015;977.2043000000015;976.5882000000015;940.586499999996;977.2043000000015;956.8701999999971;983.789600000011;
5519.770244098674;987.2928000000707;983.789600000011;957.7503999999972;958.6305999999972;992.273600000043;983.701500000011;989.7832000000568;983.789600000011;977.2043000000015;977.2043000000015;977.2043000000015;976.5882000000015;940.586499999996;977.2043000000015;956.8701999999971;983.789600000011;
5519.775560098674;987.2840000000707;983.789600000011;957.7503999999972;958.6305999999972;992.273600000043;983.701500000011;989.7832000000568;983.789600000011;977.2043000000015;977.2043000000015;977.2043000000015;976.5882000000015;940.586499999996;977.2043000000015;956.8701999999971;983.789600000011;
5519.775560098674;987.2752000000708;983.789600000011;957.7503999999972;958.6305999999972;992.273600000043;983.701500000011;989.7832000000568;983.789600000011;977.2043000000015;977.2043000000015;977.2043000000015;976.5882000000015;940.586499999996;977.2043000000015;956.8701999999971;983.789600000011;
5519.780876098674;987.2752000000708;983.789600000011;957.7503999999972;958.6305999999972;992.273600000043;983.701500000011;989.7744000000569;983.789600000011;977.2043000000015;977.2043000000015;977.2043000000015;976.5882000000015;940.586499999996;977.2043000000015;956.8701999999971;983.789600000011;
5519.836287784452;987.2752000000708;983.789600000011;957.7503999999972;958.6305999999972;992.273600000043;983.701500000011;989.7744000000569;983.789600000011;977.2043000000015;977.2043000000015;977.2043000000015;976.5882000000015;940.586399999996;977.2043000000015;956.8701999999971;983.789600000011;
5519.836287784452;987.2752000000708;983.789600000011;957.7503999999972;958.6305999999972;992.273600000043;983.701500000011;989.7744000000569;983.789600000011;977.2043000000015;977.2043000000015;977.2043000000015;976.5882000000015;940.146399999996;977.2043000000015;956.8701999999971;983.789600000011;
5519.841603784452;987.2752000000708;983.789600000011;957.7503999999972;958.6305999999972;992.264800000043;983.701500000011;989.7744000000569;983.789600000011;977.2043000000015;977.2043000000015;977.2043000000015;976.5882000000015;940.146399999996;977.2043000000015;956.8701999999971;983.789600000011;
5519.841603784452;987.2752000000708;983.789600000011;957.7503999999972;958.6305999999972;992.2560000000431;983.701500000011;989.7744000000569;983.789600000011;977.2043000000015;977.2043000000015;977.2043000000015;976.5882000000015;940.146399999996;977.2043000000015;956.8701999999971;983.789600000011;
5519.8469197844515;987.2752000000708;983.789600000011;957.7503999999972;958.6305999999972;992.2560000000431;983.701500000011;989.7656000000569;983.789600000011;977.2043000000015;977.2043000000015;977.2043000000015;976.5882000000015;940.146399999996;977.2043000000015;956.8701999999971;983.789600000011;
5519.941040006513;987.2752000000708;983.789600000011;957.7503999999972;958.6305999999972;992.2560000000431;983.701500000011;989.7656000000569;983.789500000011;977.2043000000015;977.2043000000015;977.2043000000015;976.5882000000015;940.146399999996;977.2043000000015;956.8701999999971;983.789600000011;
5519.941040006513;987.2752000000708;983.789600000011;957.7503999999972;958.6305999999972;992.2560000000431;983.701500000011;989.7656000000569;983.701500000011;977.2043000000015;977.2043000000015;977.2043000000015;976.5882000000015;940.146399999996;977.2043000000015;956.8701999999971;983.789600000011;
5520.77556487501;987.2576000000709;983.701500000011;957.7503999999972;958.6305999999972;992.2560000000431;983.701500000011;989.7656000000569;983.701500000011;977.2043000000015;977.2043000000015;977.2043000000015;976.5882000000015;940.146399999996;977.2043000000015;956.8701999999971;983.701500000011;
5521.000000000016;987.2488000000709;983.701500000011;957.7503999999972;958.6305999999972;992.2560000000431;983.701500000011;989.756800000057;983.701500000011;977.2043000000015;977.2043000000015;977.2043000000015;976.5882000000015;940.146399999996;977.2043000000015;956.8701999999971;983.701500000011;
5521.775569651347;987.2488000000709;983.701500000011;957.7503999999972;958.6305999999972;992.2560000000431;983.701500000011;989.756800000057;983.701500000011;977.2043000000015;977.2043000000015;977.2043000000015;976.5882000000015;940.146399999996;977.2043000000015;956.8701999999971;983.701500000011;
5522.775574427684;987.240000000071;983.701500000011;957.7503999999972;958.6305999999972;992.2560000000431;983.701500000011;989.748000000057;983.701500000011;977.2043000000015;977.2043000000015;977.2043000000015;976.5882000000015;940.146399999996;977.2043000000015;956.8701999999971;983.701500000011;
5523.000000000016;987.240000000071;983.701500000011;957.7503999999972;958.6305999999972;992.2560000000431;983.701500000011;989.748000000057;983.701500000011;977.2043000000015;977.2043000000015;977.2043000000015;976.5882000000015;940.146399999996;977.2043000000015;956.8701999999971;983.701500000011;
5524.000000000016;987.240000000071;983.701500000011;957.7503999999972;958.6305999999972;992.2560000000431;983.701500000011;989.748000000057;983.701500000011;977.2043000000015;977.2043000000015;977.2043000000015;976.5882000000015;940.146399999996;977.2043000000015;956.8701999999971;983.701500000011;
5525.000000000016;987.240000000071;983.701500000011;957.7503999999972;958.6305999999972;992.2560000000431;983.701500000011;989.748000000057;983.701500000011;977.2043000000015;977.2043000000015;977.2043000000015;976.5882000000015;940.146399999996;977.2043000000015;956.8701999999971;983.701500000011;
5526.000000000016;987.240000000071;983.701500000011;957.7503999999972;958.6305999999972;992.2560000000431;983.701500000011;989.748000000057;983.701500000011;977.2043000000015;977.2043000000015;977.2043000000015;976.5882000000015;940.146399999996;977.2043000000015;956.8701999999971;983.701500000011;
5527.000000000016;987.240000000071;983.701500000011;957.7503999999972;958.6305999999972;992.2560000000431;983.701500000011;989.748000000057;983.701500000011;977.2043000000015;977.2043000000015;977.2043000000015;976.5882000000015;940.146399999996;977.2043000000015;956.8701999999971;983.701500000011;
5528.000000000016;987.240000000071;983.701500000011;957.7503999999972;958.6305999999972;992.2560000000431;983.701500000011;989.748000000057;983.701500000011;977.2043000000015;977.2043000000015;977.2043000000015;976.5882000000015;940.146399999996;977.2043000000015;956.8701999999971;983.701500000011;
5529.000000000016;987.240000000071;983.701500000011;957.7503999999972;958.6305999999972;992.2560000000431;983.701500000011;989.748000000057;983.701500000011;977.2043000000015;977.2043000000015;977.2043000000015;976.5882000000015;940.146399999996;977.2043000000015;956.8701999999971;983.701500000011;
5530.000000000016;987.240000000071;983.701500000011;957.7503999999972;958.6305999999972;992.2560000000431;983.701500000011;989.748000000057;983.701500000011;977.2043000000015;977.2043000000015;977.2043000000015;976.5882000000015;940.146399999996;977.2043000000015;956.8701999999971;983.701500000011;
5531.000000000016;987.240000000071;983.701500000011;957.7503999999972;958.6305999999972;992.2560000000431;983.701500000011;989.748000000057;983.701500000011;977.2043000000015;977.2043000000015;977.2043000000015;976.5882000000015;940.146399999996;977.2043000000015;956.8701999999971;983.701500000011;
5532.000000000016;987.240000000071;983.701500000011;957.7503999999972;958.6305999999972;992.2560000000431;983.701500000011;989.748000000057;983.701500000011;977.2043000000015;977.2043000000015;977.2043000000015;976.5882000000015;940.146399999996;977.2043000000015;956.8701999999971;983.701500000011;
5533.000000000016;987.240000000071;983.701500000011;957.7503999999972;958.6305999999972;992.2560000000431;983.701500000011;989.748000000057;983.701500000011;977.2043000000015;977.2043000000015;977.2043000000015;976.5882000000015;940.146399999996;977.2043000000015;956.8701999999971;983.701500000011;
5534.000000000016;987.240000000071;983.701500000011;957.7503999999972;958.6305999999972;992.2560000000431;983.701500000011;989.748000000057;983.701500000011;977.2043000000015;977.2043000000015;977.2043000000015;976.5882000000015;940.146399999996;977.2043000000015;956.8701999999971;983.701500000011;
5535.000000000016;987.240000000071;983.701500000011;957.7503999999972;958.6305999999972;992.2560000000431;983.701500000011;989.748000000057;983.701500000011;977.2043000000015;977.2043000000015;977.2043000000015;976.5882000000015;940.146399999996;977.2043000000015;956.8701999999971;983.701500000011;
5536.000000000016;987.240000000071;983.701500000011;957.7503999999972;958.6305999999972;992.2560000000431;983.701500000011;989.748000000057;983.701500000011;977.2043000000015;977.2043000000015;977.2043000000015;976.5882000000015;940.146399999996;977.2043000000015;956.8701999999971;983.701500000011;
5537.000000000016;987.240000000071;983.701500000011;957.7503999999972;958.6305999999972;992.2560000000431;983.701500000011;989.748000000057;983.701500000011;977.2043000000015;977.2043000000015;977.2043000000015;976.5882000000015;940.146399999996;977.2043000000015;956.8701999999971;983.701500000011;
5538.000000000016;987.240000000071;983.701500000011;957.7503999999972;958.6305999999972;992.2560000000431;983.701500000011;989.748000000057;983.701500000011;977.2043000000015;977.2043000000015;977.2043000000015;976.5882000000015;940.146399999996;977.2043000000015;956.8701999999971;983.701500000011;
5539.000000000016;987.240000000071;983.701500000011;957.7503999999972;958.6305999999972;992.2560000000431;983.701500000011;989.748000000057;983.701500000011;977.2043000000015;977.2043000000015;977.2043000000015;976.5882000000015;940.146399999996;977.2043000000015;956.8701999999971;983.701500000011;
5540.000000000016;987.240000000071;983.701500000011;957.7503999999972;958.6305999999972;992.2560000000431;983.701500000011;989.748000000057;983.701500000011;977.2043000000015;977.2043000000015;977.2043000000015;976.5882000000015;940.146399999996;977.2043000000015;956.8701999999971;983.701500000011;
5541.000000000016;987.240000000071;983.701500000011;957.7503999999972;958.6305999999972;992.2560000000431;983.701500000011;989.748000000057;983.701500000011;977.2043000000015;977.2043000000015;977.2043000000015;976.5882000000015;940.146399999996;977.2043000000015;956.8701999999971;983.701500000011;
5542.000000000016;987.240000000071;983.701500000011;957.7503999999972;958.6305999999972;992.2560000000431;983.701500000011;989.748000000057;983.701500000011;977.2043000000015;977.2043000000015;977.2043000000015;976.5882000000015;940.146399999996;977.2043000000015;956.8701999999971;983.701500000011;
5543.000000000016;987.240000000071;983.701500000011;957.7503999999972;958.6305999999972;992.2560000000431;983.701500000011;989.748000000057;983.701500000011;977.2043000000015;977.2043000000015;977.2043000000015;976.5882000000015;940.146399999996;977.2043000000015;956.8701999999971;983.701500000011;
5544.000000000016;987.240000000071;983.701500000011;957.7503999999972;958.6305999999972;992.2560000000431;983.701500000011;989.748000000057;983.701500000011;977.2043000000015;977.2043000000015;977.2043000000015;976.5882000000015;940.146399999996;977.2043000000015;956.8701999999971;983.701500000011;
5545.000000000016;987.240000000071;983.701500000011;957.7503999999972;958.6305999999972;992.2560000000431;983.701500000011;989.748000000057;983.701500000011;977.2043000000015;977.2043000000015;977.2043000000015;976.5882000000015;940.146399999996;977.2043000000015;956.8701999999971;983.701500000011;
5546.000000000016;987.240000000071;983.701500000011;957.7503999999972;958.6305999999972;992.2560000000431;983.701500000011;989.748000000057;983.701500000011;977.2043000000015;977.2043000000015;977.2043000000015;976.5882000000015;940.146399999996;977.2043000000015;956.8701999999971;983.701500000011;
5547.000000000016;987.240000000071;983.701500000011;957.7503999999972;958.6305999999972;992.2560000000431;983.701500000011;989.748000000057;983.701500000011;977.2043000000015;977.2043000000015;977.2043000000015;976.5882000000015;940.146399999996;977.2043000000015;956.8701999999971;983.701500000011;
5548.000000000016;987.240000000071;983.701500000011;957.7503999999972;958.6305999999972;992.2560000000431;983.701500000011;989.748000000057;983.701500000011;977.2043000000015;977.2043000000015;977.2043000000015;976.5882000000015;940.146399999996;977.2043000000015;956.8701999999971;983.701500000011;
5549.000000000016;987.240000000071;983.701500000011;957.7503999999972;958.6305999999972;992.2560000000431;983.701500000011;989.748000000057;983.701500000011;977.2043000000015;977.2043000000015;977.2043000000015;976.5882000000015;940.146399999996;977.2043000000015;956.8701999999971;983.701500000011;
5549.770216836406;987.240000000071;983.701500000011;957.7503999999972;958.6305999999972;992.2560000000431;983.7014000000111;989.748000000057;983.701500000011;977.2043000000015;977.2043000000015;977.2043000000015;976.5882000000015;940.146399999996;977.2043000000015;956.8701999999971;983.701500000011;
5549.770216836406;987.240000000071;983.701500000011;957.7503999999972;958.6305999999972;992.2560000000431;983.6134000000111;989.748000000057;983.701500000011;977.2043000000015;977.2043000000015;977.2043000000015;976.5882000000015;940.146399999996;977.2043000000015;956.8701999999971;983.701500000011;
5549.775532836406;987.231200000071;983.701500000011;957.7503999999972;958.6305999999972;992.2560000000431;983.6134000000111;989.748000000057;983.701500000011;977.2043000000015;977.2043000000015;977.2043000000015;976.5882000000015;940.146399999996;977.2043000000015;956.8701999999971;983.701500000011;
5549.775532836406;987.222400000071;983.701500000011;957.7503999999972;958.6305999999972;992.2560000000431;983.6134000000111;989.748000000057;983.701500000011;977.2043000000015;977.2043000000015;977.2043000000015;976.5882000000015;940.146399999996;977.2043000000015;956.8701999999971;983.701500000011;
5549.780848836405;987.222400000071;983.701500000011;957.7503999999972;958.6305999999972;992.2560000000431;983.6134000000111;989.739200000057;983.701500000011;977.2043000000015;977.2043000000015;977.2043000000015;976.5882000000015;940.146399999996;977.2043000000015;956.8701999999971;983.701500000011;
5549.804140915705;987.222400000071;983.701500000011;957.7502999999972;958.6305999999972;992.2560000000431;983.6134000000111;989.739200000057;983.701500000011;977.2043000000015;977.2043000000015;977.2043000000015;976.5882000000015;940.146399999996;977.2043000000015;956.8701999999971;983.701500000011;
5549.804140915705;987.222400000071;983.701500000011;957.3102999999971;958.6305999999972;992.2560000000431;983.6134000000111;989.739200000057;983.701500000011;977.2043000000015;977.2043000000015;977.2043000000015;976.5882000000015;940.146399999996;977.2043000000015;956.8701999999971;983.701500000011;
5549.809456915705;987.2136000000711;983.701500000011;957.3102999999971;958.6305999999972;992.2560000000431;983.6134000000111;989.739200000057;983.701500000011;977.2043000000015;977.2043000000015;977.2043000000015;976.5882000000015;940.146399999996;977.2043000000015;956.8701999999971;983.701500000011;
5549.8309093138605;987.2136000000711;983.701500000011;957.3102999999971;958.6305999999972;992.2560000000431;983.6134000000111;989.739200000057;983.701500000011;977.2042000000015;977.2043000000015;977.2043000000015;976.5882000000015;940.146399999996;977.2043000000015;956.8701999999971;983.701500000011;
5549.8309093138605;987.2136000000711;983.701500000011;957.3102999999971;958.6305999999972;992.2560000000431;983.6134000000111;989.739200000057;983.701500000011;976.5882000000015;977.2043000000015;977.2043000000015;976.5882000000015;940.146399999996;977.2043000000015;956.8701999999971;983.701500000011;
5549.83456017432;987.2136000000711;983.701500000011;957.3102999999971;958.6305999999972;992.2560000000431;983.6134000000111;989.739200000057;983.701500000011;976.5882000000015;977.2043000000015;977.2043000000015;976.5882000000015;940.146299999996;977.2043000000015;956.8701999999971;983.701500000011;
5549.83456017432;987.2136000000711;983.701500000011;957.3102999999971;958.6305999999972;992.2560000000431;983.6134000000111;989.739200000057;983.701500000011;976.5882000000015;977.2043000000015;977.2043000000015;976.5882000000015;939.706299999996;977.2043000000015;956.8701999999971;983.701500000011;
5550.77553761274;987.1784000000713;983.6134000000111;957.3102999999971;958.1904999999972;992.1944000000434;983.6134000000111;989.7304000000571;983.6134000000111;976.5882000000015;976.5882000000015;976.5882000000015;975.9721000000015;939.706299999996;976.5882000000015;956.4300999999971;983.6134000000111;
5551.000000000013;987.1696000000713;983.6134000000111;957.3102999999971;958.1904999999972;992.1856000000435;983.6134000000111;989.7128000000572;983.6134000000111;976.5882000000015;976.5882000000015;976.5882000000015;975.9721000000015;939.706299999996;976.5882000000015;956.4300999999971;983.6134000000111;
5551.775542389077;987.1696000000713;983.6134000000111;957.3102999999971;958.1904999999972;992.1856000000435;983.6134000000111;989.7128000000572;983.6134000000111;976.5882000000015;976.5882000000015;976.5882000000015;975.9721000000015;939.706299999996;976.5882000000015;956.4300999999971;983.6134000000111;
5552.775547165414;987.1608000000714;983.6134000000111;957.3102999999971;958.1904999999972;992.1768000000435;983.6134000000111;989.6952000000573;983.6134000000111;976.5882000000015;976.5882000000015;976.5882000000015;975.9721000000015;939.706299999996;976.5882000000015;956.4300999999971;983.6134000000111;
5553.775551941751;987.1520000000714;983.6134000000111;957.3102999999971;958.1904999999972;992.1680000000435;983.6134000000111;989.6776000000574;983.6134000000111;976.5882000000015;976.5882000000015;976.5882000000015;975.9721000000015;939.706299999996;976.5882000000015;956.4300999999971;983.6134000000111;
5553.839835586229;987.1432000000715;983.6134000000111;957.3102999999971;958.1904999999972;992.1680000000435;983.6134000000111;989.6688000000574;983.6134000000111;976.5882000000015;976.5882000000015;976.5882000000015;975.9721000000015;939.706299999996;976.5882000000015;956.4300999999971;983.6134000000111;
5554.7755567180875;987.1432000000715;983.6134000000111;957.3102999999971;958.1904999999972;992.1592000000436;983.6134000000111;989.6600000000575;983.6134000000111;976.5882000000015;976.5882000000015;976.5882000000015;975.9721000000015;939.706299999996;976.5882000000015;956.4300999999971;983.6134000000111;
5555.775561494424;987.1344000000715;983.6134000000111;957.3102999999971;958.1904999999972;992.1504000000436;983.6134000000111;989.6424000000576;983.6134000000111;976.5882000000015;976.5882000000015;976.5882000000015;975.9721000000015;939.706299999996;976.5882000000015;956.4300999999971;983.6134000000111;
5556.000000000012;987.1344000000715;983.6134000000111;957.3102999999971;958.1904999999972;992.1504000000436;983.6134000000111;989.6424000000576;983.6134000000111;976.5882000000015;976.5882000000015;976.5882000000015;975.9721000000015;939.706299999996;976.5882000000015;956.4300999999971;983.6134000000111;
5557.000000000012;987.1344000000715;983.6134000000111;957.3102999999971;958.1904999999972;992.1504000000436;983.6134000000111;989.6424000000576;983.6134000000111;976.5882000000015;976.5882000000015;976.5882000000015;975.9721000000015;939.706299999996;976.5882000000015;956.4300999999971;983.6134000000111;
5558.000000000012;987.1344000000715;983.6134000000111;957.3102999999971;958.1904999999972;992.1504000000436;983.6134000000111;989.6424000000576;983.6134000000111;976.5882000000015;976.5882000000015;976.5882000000015;975.9721000000015;939.706299999996;976.5882000000015;956.4300999999971;983.6134000000111;
5559.000000000012;987.1344000000715;983.6134000000111;957.3102999999971;958.1904999999972;992.1504000000436;983.6134000000111;989.6424000000576;983.6134000000111;976.5882000000015;976.5882000000015;976.5882000000015;975.9721000000015;939.706299999996;976.5882000000015;956.4300999999971;983.6134000000111;
5560.000000000012;987.1344000000715;983.6134000000111;957.3102999999971;958.1904999999972;992.1504000000436;983.6134000000111;989.6424000000576;983.6134000000111;976.5882000000015;976.5882000000015;976.5882000000015;975.9721000000015;939.706299999996;976.5882000000015;956.4300999999971;983.6134000000111;
5561.000000000012;987.1344000000715;983.6134000000111;957.3102999999971;958.1904999999972;992.1504000000436;983.6134000000111;989.6424000000576;983.6134000000111;976.5882000000015;976.5882000000015;976.5882000000015;975.9721000000015;939.706299999996;976.5882000000015;956.4300999999971;983.6134000000111;
5562.000000000012;987.1344000000715;983.6134000000111;957.3102999999971;958.1904999999972;992.1504000000436;983.6134000000111;989.6424000000576;983.6134000000111;976.5882000000015;976.5882000000015;976.5882000000015;975.9721000000015;939.706299999996;976.5882000000015;956.4300999999971;983.6134000000111;
5563.000000000012;987.1344000000715;983.6134000000111;957.3102999999971;958.1904999999972;992.1504000000436;983.6134000000111;989.6424000000576;983.6134000000111;976.5882000000015;976.5882000000015;976.5882000000015;975.9721000000015;939.706299999996;976.5882000000015;956.4300999999971;983.6134000000111;
5564.000000000012;987.1344000000715;983.6134000000111;957.3102999999971;958.1904999999972;992.1504000000436;983.6134000000111;989.6424000000576;983.6134000000111;976.5882000000015;976.5882000000015;976.5882000000015;975.9721000000015;939.706299999996;976.5882000000015;956.4300999999971;983.6134000000111;
5565.000000000012;987.1344000000715;983.6134000000111;957.3102999999971;958.1904999999972;992.1504000000436;983.6134000000111;989.6424000000576;983.6134000000111;976.5882000000015;976.5882000000015;976.5882000000015;975.9721000000015;939.706299999996;976.5882000000015;956.4300999999971;983.6134000000111;
5566.000000000012;987.1344000000715;983.6134000000111;957.3102999999971;958.1904999999972;992.1504000000436;983.6134000000111;989.6424000000576;983.6134000000111;976.5882000000015;976.5882000000015;976.5882000000015;975.9721000000015;939.706299999996;976.5882000000015;956.4300999999971;983.6134000000111;
5567.000000000012;987.1344000000715;983.6134000000111;957.3102999999971;958.1904999999972;992.1504000000436;983.6134000000111;989.6424000000576;983.6134000000111;976.5882000000015;976.5882000000015;976.5882000000015;975.9721000000015;939.706299999996;976.5882000000015;956.4300999999971;983.6134000000111;
5568.000000000012;987.1344000000715;983.6134000000111;957.3102999999971;958.1904999999972;992.1504000000436;983.6134000000111;989.6424000000576;983.6134000000111;976.5882000000015;976.5882000000015;976.5882000000015;975.9721000000015;939.706299999996;976.5882000000015;956.4300999999971;983.6134000000111;
5569.000000000012;987.1344000000715;983.6134000000111;957.3102999999971;958.1904999999972;992.1504000000436;983.6134000000111;989.6424000000576;983.6134000000111;976.5882000000015;976.5882000000015;976.5882000000015;975.9721000000015;939.706299999996;976.5882000000015;956.4300999999971;983.6134000000111;
5570.000000000012;987.1344000000715;983.6134000000111;957.3102999999971;958.1904999999972;992.1504000000436;983.6134000000111;989.6424000000576;983.6134000000111;976.5882000000015;976.5882000000015;976.5882000000015;975.9721000000015;939.706299999996;976.5882000000015;956.4300999999971;983.6134000000111;
5571.000000000012;987.1344000000715;983.6134000000111;957.3102999999971;958.1904999999972;992.1504000000436;983.6134000000111;989.6424000000576;983.6134000000111;976.5882000000015;976.5882000000015;976.5882000000015;975.9721000000015;939.706299999996;976.5882000000015;956.4300999999971;983.6134000000111;
5572.000000000012;987.1344000000715;983.6134000000111;957.3102999999971;958.1904999999972;992.1504000000436;983.6134000000111;989.6424000000576;983.6134000000111;976.5882000000015;976.5882000000015;976.5882000000015;975.9721000000015;939.706299999996;976.5882000000015;956.4300999999971;983.6134000000111;
5573.000000000012;987.1344000000715;983.6134000000111;957.3102999999971;958.1904999999972;992.1504000000436;983.6134000000111;989.6424000000576;983.6134000000111;976.5882000000015;976.5882000000015;976.5882000000015;975.9721000000015;939.706299999996;976.5882000000015;956.4300999999971;983.6134000000111;
5574.000000000012;987.1344000000715;983.6134000000111;957.3102999999971;958.1904999999972;992.1504000000436;983.6134000000111;989.6424000000576;983.6134000000111;976.5882000000015;976.5882000000015;976.5882000000015;975.9721000000015;939.706299999996;976.5882000000015;956.4300999999971;983.6134000000111;
5575.000000000012;987.1344000000715;983.6134000000111;957.3102999999971;958.1904999999972;992.1504000000436;983.6134000000111;989.6424000000576;983.6134000000111;976.5882000000015;976.5882000000015;976.5882000000015;975.9721000000015;939.706299999996;976.5882000000015;956.4300999999971;983.6134000000111;
5576.000000000012;987.1344000000715;983.6134000000111;957.3102999999971;958.1904999999972;992.1504000000436;983.6134000000111;989.6424000000576;983.6134000000111;976.5882000000015;976.5882000000015;976.5882000000015;975.9721000000015;939.706299999996;976.5882000000015;956.4300999999971;983.6134000000111;
5577.000000000012;987.1344000000715;983.6134000000111;957.3102999999971;958.1904999999972;992.1504000000436;983.6134000000111;989.6424000000576;983.6134000000111;976.5882000000015;976.5882000000015;976.5882000000015;975.9721000000015;939.706299999996;976.5882000000015;956.4300999999971;983.6134000000111;
5578.000000000012;987.1344000000715;983.6134000000111;957.3102999999971;958.1904999999972;992.1504000000436;983.6134000000111;989.6424000000576;983.6134000000111;976.5882000000015;976.5882000000015;976.5882000000015;975.9721000000015;939.706299999996;976.5882000000015;956.4300999999971;983.6134000000111;
5579.000000000012;987.1344000000715;983.6134000000111;957.3102999999971;958.1904999999972;992.1504000000436;983.6134000000111;989.6424000000576;983.6134000000111;976.5882000000015;976.5882000000015;976.5882000000015;975.9721000000015;939.706299999996;976.5882000000015;956.4300999999971;983.6134000000111;
5579.770189574135;987.1344000000715;983.6134000000111;957.3102999999971;958.1904999999972;992.1504000000436;983.6133000000111;989.6424000000576;983.6134000000111;976.5882000000015;976.5882000000015;976.5882000000015;975.9721000000015;939.706299999996;976.5882000000015;956.4300999999971;983.6134000000111;
5579.770189574135;987.1344000000715;983.6134000000111;957.3102999999971;958.1904999999972;992.1504000000436;983.5253000000112;989.6424000000576;983.6134000000111;976.5882000000015;976.5882000000015;976.5882000000015;975.9721000000015;939.706299999996;976.5882000000015;956.4300999999971;983.6134000000111;
5579.7755055741345;987.1256000000716;983.6134000000111;957.3102999999971;958.1904999999972;992.1504000000436;983.5253000000112;989.6424000000576;983.6134000000111;976.5882000000015;976.5882000000015;976.5882000000015;975.9721000000015;939.706299999996;976.5882000000015;956.4300999999971;983.6134000000111;
5579.7755055741345;987.1168000000716;983.6134000000111;957.3102999999971;958.1904999999972;992.1504000000436;983.5253000000112;989.6424000000576;983.6134000000111;976.5882000000015;976.5882000000015;976.5882000000015;975.9721000000015;939.706299999996;976.5882000000015;956.4300999999971;983.6134000000111;
5579.780821574134;987.1168000000716;983.6134000000111;957.3102999999971;958.1904999999972;992.1504000000436;983.5253000000112;989.6336000000576;983.6134000000111;976.5882000000015;976.5882000000015;976.5882000000015;975.9721000000015;939.706299999996;976.5882000000015;956.4300999999971;983.6134000000111;
5579.832832564188;987.1168000000716;983.6134000000111;957.3102999999971;958.1904999999972;992.1504000000436;983.5253000000112;989.6336000000576;983.6134000000111;976.5882000000015;976.5882000000015;976.5882000000015;975.9721000000015;939.706199999996;976.5882000000015;956.4300999999971;983.6134000000111;
5579.832832564188;987.1168000000716;983.6134000000111;957.3102999999971;958.1904999999972;992.1504000000436;983.5253000000112;989.6336000000576;983.6134000000111;976.5882000000015;976.5882000000015;976.5882000000015;975.9721000000015;939.2661999999959;976.5882000000015;956.4300999999971;983.6134000000111;
5579.838148564188;987.1168000000716;983.6134000000111;957.3102999999971;958.1904999999972;992.1416000000437;983.5253000000112;989.6336000000576;983.6134000000111;976.5882000000015;976.5882000000015;976.5882000000015;975.9721000000015;939.2661999999959;976.5882000000015;956.4300999999971;983.6134000000111;
5579.838148564188;987.1168000000716;983.6134000000111;957.3102999999971;958.1904999999972;992.1328000000437;983.5253000000112;989.6336000000576;983.6134000000111;976.5882000000015;976.5882000000015;976.5882000000015;975.9721000000015;939.2661999999959;976.5882000000015;956.4300999999971;983.6134000000111;
5579.843464564187;987.1168000000716;983.6134000000111;957.3102999999971;958.1904999999972;992.1328000000437;983.5253000000112;989.6248000000577;983.6134000000111;976.5882000000015;976.5882000000015;976.5882000000015;975.9721000000015;939.2661999999959;976.5882000000015;956.4300999999971;983.6134000000111;
5579.941126624378;987.1168000000716;983.6134000000111;957.3102999999971;958.1904999999972;992.1328000000437;983.5253000000112;989.6248000000577;983.6133000000111;976.5882000000015;976.5882000000015;976.5882000000015;975.9721000000015;939.2661999999959;976.5882000000015;956.4300999999971;983.6134000000111;
5580.7755103504705;987.0992000000717;983.5253000000112;957.3102999999971;958.1904999999972;992.1328000000437;983.5253000000112;989.6248000000577;983.5253000000112;976.5882000000015;976.5882000000015;976.5882000000015;975.9721000000015;939.2661999999959;976.5882000000015;956.4300999999971;983.5253000000112;
5581.7755151268075;987.0904000000718;983.5253000000112;957.3102999999971;958.1904999999972;992.1328000000437;983.5253000000112;989.6160000000577;983.5253000000112;976.5882000000015;976.5882000000015;976.5882000000015;975.9721000000015;939.2661999999959;976.5882000000015;956.4300999999971;983.5253000000112;
5582.00000000001;987.0816000000718;983.5253000000112;957.3102999999971;958.1904999999972;992.1328000000437;983.5253000000112;989.6072000000578;983.5253000000112;976.5882000000015;976.5882000000015;976.5882000000015;975.9721000000015;939.2661999999959;976.5882000000015;956.4300999999971;983.5253000000112;
5582.775519903144;987.0816000000718;983.5253000000112;957.3102999999971;958.1904999999972;992.1328000000437;983.5253000000112;989.6072000000578;983.5253000000112;976.5882000000015;976.5882000000015;976.5882000000015;975.9721000000015;939.2661999999959;976.5882000000015;956.4300999999971;983.5253000000112;
5584.00000000001;987.0816000000718;983.5253000000112;957.3102999999971;958.1904999999972;992.1328000000437;983.5253000000112;989.6072000000578;983.5253000000112;976.5882000000015;976.5882000000015;976.5882000000015;975.9721000000015;939.2661999999959;976.5882000000015;956.4300999999971;983.5253000000112;
5585.00000000001;987.0816000000718;983.5253000000112;957.3102999999971;958.1904999999972;992.1328000000437;983.5253000000112;989.6072000000578;983.5253000000112;976.5882000000015;976.5882000000015;976.5882000000015;975.9721000000015;939.2661999999959;976.5882000000015;956.4300999999971;983.5253000000112;
5586.00000000001;987.0816000000718;983.5253000000112;957.3102999999971;958.1904999999972;992.1328000000437;983.5253000000112;989.6072000000578;983.5253000000112;976.5882000000015;976.5882000000015;976.5882000000015;975.9721000000015;939.2661999999959;976.5882000000015;956.4300999999971;983.5253000000112;
5587.00000000001;987.0816000000718;983.5253000000112;957.3102999999971;958.1904999999972;992.1328000000437;983.5253000000112;989.6072000000578;983.5253000000112;976.5882000000015;976.5882000000015;976.5882000000015;975.9721000000015;939.2661999999959;976.5882000000015;956.4300999999971;983.5253000000112;
5588.00000000001;987.0816000000718;983.5253000000112;957.3102999999971;958.1904999999972;992.1328000000437;983.5253000000112;989.6072000000578;983.5253000000112;976.5882000000015;976.5882000000015;976.5882000000015;975.9721000000015;939.2661999999959;976.5882000000015;956.4300999999971;983.5253000000112;
5589.00000000001;987.0816000000718;983.5253000000112;957.3102999999971;958.1904999999972;992.1328000000437;983.5253000000112;989.6072000000578;983.5253000000112;976.5882000000015;976.5882000000015;976.5882000000015;975.9721000000015;939.2661999999959;976.5882000000015;956.4300999999971;983.5253000000112;
5590.00000000001;987.0816000000718;983.5253000000112;957.3102999999971;958.1904999999972;992.1328000000437;983.5253000000112;989.6072000000578;983.5253000000112;976.5882000000015;976.5882000000015;976.5882000000015;975.9721000000015;939.2661999999959;976.5882000000015;956.4300999999971;983.5253000000112;
5591.00000000001;987.0816000000718;983.5253000000112;957.3102999999971;958.1904999999972;992.1328000000437;983.5253000000112;989.6072000000578;983.5253000000112;976.5882000000015;976.5882000000015;976.5882000000015;975.9721000000015;939.2661999999959;976.5882000000015;956.4300999999971;983.5253000000112;
5592.00000000001;987.0816000000718;983.5253000000112;957.3102999999971;958.1904999999972;992.1328000000437;983.5253000000112;989.6072000000578;983.5253000000112;976.5882000000015;976.5882000000015;976.5882000000015;975.9721000000015;939.2661999999959;976.5882000000015;956.4300999999971;983.5253000000112;
5593.00000000001;987.0816000000718;983.5253000000112;957.3102999999971;958.1904999999972;992.1328000000437;983.5253000000112;989.6072000000578;983.5253000000112;976.5882000000015;976.5882000000015;976.5882000000015;975.9721000000015;939.2661999999959;976.5882000000015;956.4300999999971;983.5253000000112;
5594.00000000001;987.0816000000718;983.5253000000112;957.3102999999971;958.1904999999972;992.1328000000437;983.5253000000112;989.6072000000578;983.5253000000112;976.5882000000015;976.5882000000015;976.5882000000015;975.9721000000015;939.2661999999959;976.5882000000015;956.4300999999971;983.5253000000112;
5595.00000000001;987.0816000000718;983.5253000000112;957.3102999999971;958.1904999999972;992.1328000000437;983.5253000000112;989.6072000000578;983.5253000000112;976.5882000000015;976.5882000000015;976.5882000000015;975.9721000000015;939.2661999999959;976.5882000000015;956.4300999999971;983.5253000000112;
5596.00000000001;987.0816000000718;983.5253000000112;957.3102999999971;958.1904999999972;992.1328000000437;983.5253000000112;989.6072000000578;983.5253000000112;976.5882000000015;976.5882000000015;976.5882000000015;975.9721000000015;939.2661999999959;976.5882000000015;956.4300999999971;983.5253000000112;
5597.00000000001;987.0816000000718;983.5253000000112;957.3102999999971;958.1904999999972;992.1328000000437;983.5253000000112;989.6072000000578;983.5253000000112;976.5882000000015;976.5882000000015;976.5882000000015;975.9721000000015;939.2661999999959;976.5882000000015;956.4300999999971;983.5253000000112;
5598.00000000001;987.0816000000718;983.5253000000112;957.3102999999971;958.1904999999972;992.1328000000437;983.5253000000112;989.6072000000578;983.5253000000112;976.5882000000015;976.5882000000015;976.5882000000015;975.9721000000015;939.2661999999959;976.5882000000015;956.4300999999971;983.5253000000112;
5599.00000000001;987.0816000000718;983.5253000000112;957.3102999999971;958.1904999999972;992.1328000000437;983.5253000000112;989.6072000000578;983.5253000000112;976.5882000000015;976.5882000000015;976.5882000000015;975.9721000000015;939.2661999999959;976.5882000000015;956.4300999999971;983.5253000000112;
5600.00000000001;987.0816000000718;983.5253000000112;957.3102999999971;958.1904999999972;992.1328000000437;983.5253000000112;989.6072000000578;983.5253000000112;976.5882000000015;976.5882000000015;976.5882000000015;975.9721000000015;939.2661999999959;976.5882000000015;956.4300999999971;983.5253000000112;
5601.00000000001;987.0816000000718;983.5253000000112;957.3102999999971;958.1904999999972;992.1328000000437;983.5253000000112;989.6072000000578;983.5253000000112;976.5882000000015;976.5882000000015;976.5882000000015;975.9721000000015;939.2661999999959;976.5882000000015;956.4300999999971;983.5253000000112;
5602.00000000001;987.0816000000718;983.5253000000112;957.3102999999971;958.1904999999972;992.1328000000437;983.5253000000112;989.6072000000578;983.5253000000112;976.5882000000015;976.5882000000015;976.5882000000015;975.9721000000015;939.2661999999959;976.5882000000015;956.4300999999971;983.5253000000112;
5603.00000000001;987.0816000000718;983.5253000000112;957.3102999999971;958.1904999999972;992.1328000000437;983.5253000000112;989.6072000000578;983.5253000000112;976.5882000000015;976.5882000000015;976.5882000000015;975.9721000000015;939.2661999999959;976.5882000000015;956.4300999999971;983.5253000000112;
5604.00000000001;987.0816000000718;983.5253000000112;957.3102999999971;958.1904999999972;992.1328000000437;983.5253000000112;989.6072000000578;983.5253000000112;976.5882000000015;976.5882000000015;976.5882000000015;975.9721000000015;939.2661999999959;976.5882000000015;956.4300999999971;983.5253000000112;
5605.00000000001;987.0816000000718;983.5253000000112;957.3102999999971;958.1904999999972;992.1328000000437;983.5253000000112;989.6072000000578;983.5253000000112;976.5882000000015;976.5882000000015;976.5882000000015;975.9721000000015;939.2661999999959;976.5882000000015;956.4300999999971;983.5253000000112;
5606.00000000001;987.0816000000718;983.5253000000112;957.3102999999971;958.1904999999972;992.1328000000437;983.5253000000112;989.6072000000578;983.5253000000112;976.5882000000015;976.5882000000015;976.5882000000015;975.9721000000015;939.2661999999959;976.5882000000015;956.4300999999971;983.5253000000112;
5607.00000000001;987.0816000000718;983.5253000000112;957.3102999999971;958.1904999999972;992.1328000000437;983.5253000000112;989.6072000000578;983.5253000000112;976.5882000000015;976.5882000000015;976.5882000000015;975.9721000000015;939.2661999999959;976.5882000000015;956.4300999999971;983.5253000000112;
5608.00000000001;987.0816000000718;983.5253000000112;957.3102999999971;958.1904999999972;992.1328000000437;983.5253000000112;989.6072000000578;983.5253000000112;976.5882000000015;976.5882000000015;976.5882000000015;975.9721000000015;939.2661999999959;976.5882000000015;956.4300999999971;983.5253000000112;
5609.00000000001;987.0816000000718;983.5253000000112;957.3102999999971;958.1904999999972;992.1328000000437;983.5253000000112;989.6072000000578;983.5253000000112;976.5882000000015;976.5882000000015;976.5882000000015;975.9721000000015;939.2661999999959;976.5882000000015;956.4300999999971;983.5253000000112;
5609.770162311866;987.0816000000718;983.5253000000112;957.3102999999971;958.1904999999972;992.1328000000437;983.5252000000112;989.6072000000578;983.5253000000112;976.5882000000015;976.5882000000015;976.5882000000015;975.9721000000015;939.2661999999959;976.5882000000015;956.4300999999971;983.5253000000112;
5609.770162311866;987.0816000000718;983.5253000000112;957.3102999999971;958.1904999999972;992.1328000000437;983.4372000000112;989.6072000000578;983.5253000000112;976.5882000000015;976.5882000000015;976.5882000000015;975.9721000000015;939.2661999999959;976.5882000000015;956.4300999999971;983.5253000000112;
5609.775478311866;987.0728000000719;983.5253000000112;957.3102999999971;958.1904999999972;992.1328000000437;983.4372000000112;989.6072000000578;983.5253000000112;976.5882000000015;976.5882000000015;976.5882000000015;975.9721000000015;939.2661999999959;976.5882000000015;956.4300999999971;983.5253000000112;
5609.775478311866;987.0640000000719;983.5253000000112;957.3102999999971;958.1904999999972;992.1328000000437;983.4372000000112;989.6072000000578;983.5253000000112;976.5882000000015;976.5882000000015;976.5882000000015;975.9721000000015;939.2661999999959;976.5882000000015;956.4300999999971;983.5253000000112;
5609.780794311866;987.0640000000719;983.5253000000112;957.3102999999971;958.1904999999972;992.1328000000437;983.4372000000112;989.5984000000578;983.5253000000112;976.5882000000015;976.5882000000015;976.5882000000015;975.9721000000015;939.2661999999959;976.5882000000015;956.4300999999971;983.5253000000112;
5609.804148349845;987.0640000000719;983.5253000000112;957.3101999999972;958.1904999999972;992.1328000000437;983.4372000000112;989.5984000000578;983.5253000000112;976.5882000000015;976.5882000000015;976.5882000000015;975.9721000000015;939.2661999999959;976.5882000000015;956.4300999999971;983.5253000000112;
5609.804148349845;987.0640000000719;983.5253000000112;956.8701999999971;958.1904999999972;992.1328000000437;983.4372000000112;989.5984000000578;983.5253000000112;976.5882000000015;976.5882000000015;976.5882000000015;975.9721000000015;939.2661999999959;976.5882000000015;956.4300999999971;983.5253000000112;
5609.809464349844;987.055200000072;983.5253000000112;956.8701999999971;958.1904999999972;992.1328000000437;983.4372000000112;989.5984000000578;983.5253000000112;976.5882000000015;976.5882000000015;976.5882000000015;975.9721000000015;939.2661999999959;976.5882000000015;956.4300999999971;983.5253000000112;
5609.831104954056;987.055200000072;983.5253000000112;956.8701999999971;958.1904999999972;992.1328000000437;983.4372000000112;989.5984000000578;983.5253000000112;976.5882000000015;976.5882000000015;976.5882000000015;975.9721000000015;939.266099999996;976.5882000000015;956.4300999999971;983.5253000000112;
5609.831104954056;987.055200000072;983.5253000000112;956.8701999999971;958.1904999999972;992.1328000000437;983.4372000000112;989.5984000000578;983.5253000000112;976.5882000000015;976.5882000000015;976.5882000000015;975.9721000000015;938.8260999999959;976.5882000000015;956.4300999999971;983.5253000000112;
5609.836420954056;987.055200000072;983.5253000000112;956.8701999999971;958.1904999999972;992.1240000000438;983.4372000000112;989.5984000000578;983.5253000000112;976.5882000000015;976.5882000000015;976.5882000000015;975.9721000000015;938.8260999999959;976.5882000000015;956.4300999999971;983.5253000000112;
5609.836420954056;987.055200000072;983.5253000000112;956.8701999999971;958.1904999999972;992.1152000000438;983.4372000000112;989.5984000000578;983.5253000000112;976.5882000000015;976.5882000000015;976.5882000000015;975.9721000000015;938.8260999999959;976.5882000000015;956.4300999999971;983.5253000000112;
5609.841736954056;987.055200000072;983.5253000000112;956.8701999999971;958.1904999999972;992.1152000000438;983.4372000000112;989.5896000000579;983.5253000000112;976.5882000000015;976.5882000000015;976.5882000000015;975.9721000000015;938.8260999999959;976.5882000000015;956.4300999999971;983.5253000000112;
5610.775483088204;987.0376000000721;983.4372000000112;956.8701999999971;957.7503999999972;992.0976000000439;983.4372000000112;989.5896000000579;983.4372000000112;976.5882000000015;976.5882000000015;976.5882000000015;975.9721000000015;938.8260999999959;976.5882000000015;955.989999999997;983.4372000000112;
5611.77548786454;987.0288000000721;983.4372000000112;956.8701999999971;957.7503999999972;992.088800000044;983.4372000000112;989.572000000058;983.4372000000112;976.5882000000015;976.5882000000015;976.5882000000015;975.9721000000015;938.8260999999959;976.5882000000015;955.989999999997;983.4372000000112;
5612.000000000008;987.0200000000722;983.4372000000112;956.8701999999971;957.7503999999972;992.080000000044;983.4372000000112;989.5544000000581;983.4372000000112;976.5882000000015;976.5882000000015;976.5882000000015;975.9721000000015;938.8260999999959;976.5882000000015;955.989999999997;983.4372000000112;
5612.775492640876;987.0200000000722;983.4372000000112;956.8701999999971;957.7503999999972;992.080000000044;983.4372000000112;989.5544000000581;983.4372000000112;976.5882000000015;976.5882000000015;976.5882000000015;975.9721000000015;938.8260999999959;976.5882000000015;955.989999999997;983.4372000000112;
5613.775497417213;987.0112000000722;983.4372000000112;956.8701999999971;957.7503999999972;992.080000000044;983.4372000000112;989.5456000000581;983.4372000000112;976.5882000000015;976.5882000000015;976.5882000000015;975.9721000000015;938.8260999999959;976.5882000000015;955.989999999997;983.4372000000112;
5614.000000000007;987.0112000000722;983.4372000000112;956.8701999999971;957.7503999999972;992.080000000044;983.4372000000112;989.5456000000581;983.4372000000112;976.5882000000015;976.5882000000015;976.5882000000015;975.9721000000015;938.8260999999959;976.5882000000015;955.989999999997;983.4372000000112;
5615.000000000007;987.0112000000722;983.4372000000112;956.8701999999971;957.7503999999972;992.080000000044;983.4372000000112;989.5456000000581;983.4372000000112;976.5882000000015;976.5882000000015;976.5882000000015;975.9721000000015;938.8260999999959;976.5882000000015;955.989999999997;983.4372000000112;
5616.000000000007;987.0112000000722;983.4372000000112;956.8701999999971;957.7503999999972;992.080000000044;983.4372000000112;989.5456000000581;983.4372000000112;976.5882000000015;976.5882000000015;976.5882000000015;975.9721000000015;938.8260999999959;976.5882000000015;955.989999999997;983.4372000000112;
5617.000000000007;987.0112000000722;983.4372000000112;956.8701999999971;957.7503999999972;992.080000000044;983.4372000000112;989.5456000000581;983.4372000000112;976.5882000000015;976.5882000000015;976.5882000000015;975.9721000000015;938.8260999999959;976.5882000000015;955.989999999997;983.4372000000112;
5618.000000000007;987.0112000000722;983.4372000000112;956.8701999999971;957.7503999999972;992.080000000044;983.4372000000112;989.5456000000581;983.4372000000112;976.5882000000015;976.5882000000015;976.5882000000015;975.9721000000015;938.8260999999959;976.5882000000015;955.989999999997;983.4372000000112;
5619.000000000007;987.0112000000722;983.4372000000112;956.8701999999971;957.7503999999972;992.080000000044;983.4372000000112;989.5456000000581;983.4372000000112;976.5882000000015;976.5882000000015;976.5882000000015;975.9721000000015;938.8260999999959;976.5882000000015;955.989999999997;983.4372000000112;
5620.000000000007;987.0112000000722;983.4372000000112;956.8701999999971;957.7503999999972;992.080000000044;983.4372000000112;989.5456000000581;983.4372000000112;976.5882000000015;976.5882000000015;976.5882000000015;975.9721000000015;938.8260999999959;976.5882000000015;955.989999999997;983.4372000000112;
5621.000000000007;987.0112000000722;983.4372000000112;956.8701999999971;957.7503999999972;992.080000000044;983.4372000000112;989.5456000000581;983.4372000000112;976.5882000000015;976.5882000000015;976.5882000000015;975.9721000000015;938.8260999999959;976.5882000000015;955.989999999997;983.4372000000112;
5622.000000000007;987.0112000000722;983.4372000000112;956.8701999999971;957.7503999999972;992.080000000044;983.4372000000112;989.5456000000581;983.4372000000112;976.5882000000015;976.5882000000015;976.5882000000015;975.9721000000015;938.8260999999959;976.5882000000015;955.989999999997;983.4372000000112;
5623.000000000007;987.0112000000722;983.4372000000112;956.8701999999971;957.7503999999972;992.080000000044;983.4372000000112;989.5456000000581;983.4372000000112;976.5882000000015;976.5882000000015;976.5882000000015;975.9721000000015;938.8260999999959;976.5882000000015;955.989999999997;983.4372000000112;
5624.000000000007;987.0112000000722;983.4372000000112;956.8701999999971;957.7503999999972;992.080000000044;983.4372000000112;989.5456000000581;983.4372000000112;976.5882000000015;976.5882000000015;976.5882000000015;975.9721000000015;938.8260999999959;976.5882000000015;955.989999999997;983.4372000000112;
5625.000000000007;987.0112000000722;983.4372000000112;956.8701999999971;957.7503999999972;992.080000000044;983.4372000000112;989.5456000000581;983.4372000000112;976.5882000000015;976.5882000000015;976.5882000000015;975.9721000000015;938.8260999999959;976.5882000000015;955.989999999997;983.4372000000112;
5626.000000000007;987.0112000000722;983.4372000000112;956.8701999999971;957.7503999999972;992.080000000044;983.4372000000112;989.5456000000581;983.4372000000112;976.5882000000015;976.5882000000015;976.5882000000015;975.9721000000015;938.8260999999959;976.5882000000015;955.989999999997;983.4372000000112;
5627.000000000007;987.0112000000722;983.4372000000112;956.8701999999971;957.7503999999972;992.080000000044;983.4372000000112;989.5456000000581;983.4372000000112;976.5882000000015;976.5882000000015;976.5882000000015;975.9721000000015;938.8260999999959;976.5882000000015;955.989999999997;983.4372000000112;
5628.000000000007;987.0112000000722;983.4372000000112;956.8701999999971;957.7503999999972;992.080000000044;983.4372000000112;989.5456000000581;983.4372000000112;976.5882000000015;976.5882000000015;976.5882000000015;975.9721000000015;938.8260999999959;976.5882000000015;955.989999999997;983.4372000000112;
5629.000000000007;987.0112000000722;983.4372000000112;956.8701999999971;957.7503999999972;992.080000000044;983.4372000000112;989.5456000000581;983.4372000000112;976.5882000000015;976.5882000000015;976.5882000000015;975.9721000000015;938.8260999999959;976.5882000000015;955.989999999997;983.4372000000112;
5630.000000000007;987.0112000000722;983.4372000000112;956.8701999999971;957.7503999999972;992.080000000044;983.4372000000112;989.5456000000581;983.4372000000112;976.5882000000015;976.5882000000015;976.5882000000015;975.9721000000015;938.8260999999959;976.5882000000015;955.989999999997;983.4372000000112;
5631.000000000007;987.0112000000722;983.4372000000112;956.8701999999971;957.7503999999972;992.080000000044;983.4372000000112;989.5456000000581;983.4372000000112;976.5882000000015;976.5882000000015;976.5882000000015;975.9721000000015;938.8260999999959;976.5882000000015;955.989999999997;983.4372000000112;
5632.000000000007;987.0112000000722;983.4372000000112;956.8701999999971;957.7503999999972;992.080000000044;983.4372000000112;989.5456000000581;983.4372000000112;976.5882000000015;976.5882000000015;976.5882000000015;975.9721000000015;938.8260999999959;976.5882000000015;955.989999999997;983.4372000000112;
5633.000000000007;987.0112000000722;983.4372000000112;956.8701999999971;957.7503999999972;992.080000000044;983.4372000000112;989.5456000000581;983.4372000000112;976.5882000000015;976.5882000000015;976.5882000000015;975.9721000000015;938.8260999999959;976.5882000000015;955.989999999997;983.4372000000112;
5634.000000000007;987.0112000000722;983.4372000000112;956.8701999999971;957.7503999999972;992.080000000044;983.4372000000112;989.5456000000581;983.4372000000112;976.5882000000015;976.5882000000015;976.5882000000015;975.9721000000015;938.8260999999959;976.5882000000015;955.989999999997;983.4372000000112;
5635.000000000007;987.0112000000722;983.4372000000112;956.8701999999971;957.7503999999972;992.080000000044;983.4372000000112;989.5456000000581;983.4372000000112;976.5882000000015;976.5882000000015;976.5882000000015;975.9721000000015;938.8260999999959;976.5882000000015;955.989999999997;983.4372000000112;
5636.000000000007;987.0112000000722;983.4372000000112;956.8701999999971;957.7503999999972;992.080000000044;983.4372000000112;989.5456000000581;983.4372000000112;976.5882000000015;976.5882000000015;976.5882000000015;975.9721000000015;938.8260999999959;976.5882000000015;955.989999999997;983.4372000000112;
5637.000000000007;987.0112000000722;983.4372000000112;956.8701999999971;957.7503999999972;992.080000000044;983.4372000000112;989.5456000000581;983.4372000000112;976.5882000000015;976.5882000000015;976.5882000000015;975.9721000000015;938.8260999999959;976.5882000000015;955.989999999997;983.4372000000112;
5638.000000000007;987.0112000000722;983.4372000000112;956.8701999999971;957.7503999999972;992.080000000044;983.4372000000112;989.5456000000581;983.4372000000112;976.5882000000015;976.5882000000015;976.5882000000015;975.9721000000015;938.8260999999959;976.5882000000015;955.989999999997;983.4372000000112;
5639.000000000007;987.0112000000722;983.4372000000112;956.8701999999971;957.7503999999972;992.080000000044;983.4372000000112;989.5456000000581;983.4372000000112;976.5882000000015;976.5882000000015;976.5882000000015;975.9721000000015;938.8260999999959;976.5882000000015;955.989999999997;983.4372000000112;
5639.770135049597;987.0112000000722;983.4372000000112;956.8701999999971;957.7503999999972;992.080000000044;983.4371000000112;989.5456000000581;983.4372000000112;976.5882000000015;976.5882000000015;976.5882000000015;975.9721000000015;938.8260999999959;976.5882000000015;955.989999999997;983.4372000000112;
5639.770135049597;987.0112000000722;983.4372000000112;956.8701999999971;957.7503999999972;992.080000000044;983.3491000000113;989.5456000000581;983.4372000000112;976.5882000000015;976.5882000000015;976.5882000000015;975.9721000000015;938.8260999999959;976.5882000000015;955.989999999997;983.4372000000112;
5639.775451049597;987.0024000000723;983.4372000000112;956.8701999999971;957.7503999999972;992.080000000044;983.3491000000113;989.5456000000581;983.4372000000112;976.5882000000015;976.5882000000015;976.5882000000015;975.9721000000015;938.8260999999959;976.5882000000015;955.989999999997;983.4372000000112;
5639.775451049597;986.9936000000723;983.4372000000112;956.8701999999971;957.7503999999972;992.080000000044;983.3491000000113;989.5456000000581;983.4372000000112;976.5882000000015;976.5882000000015;976.5882000000015;975.9721000000015;938.8260999999959;976.5882000000015;955.989999999997;983.4372000000112;
5639.780767049597;986.9936000000723;983.4372000000112;956.8701999999971;957.7503999999972;992.080000000044;983.3491000000113;989.5368000000582;983.4372000000112;976.5882000000015;976.5882000000015;976.5882000000015;975.9721000000015;938.8260999999959;976.5882000000015;955.989999999997;983.4372000000112;
5639.8293773439245;986.9936000000723;983.4372000000112;956.8701999999971;957.7503999999972;992.080000000044;983.3491000000113;989.5368000000582;983.4372000000112;976.5882000000015;976.5882000000015;976.5882000000015;975.9721000000015;938.8259999999959;976.5882000000015;955.989999999997;983.4372000000112;
5639.8293773439245;986.9936000000723;983.4372000000112;956.8701999999971;957.7503999999972;992.080000000044;983.3491000000113;989.5368000000582;983.4372000000112;976.5882000000015;976.5882000000015;976.5882000000015;975.9721000000015;938.3859999999959;976.5882000000015;955.989999999997;983.4372000000112;
5639.834693343924;986.9936000000723;983.4372000000112;956.8701999999971;957.7503999999972;992.0712000000441;983.3491000000113;989.5368000000582;983.4372000000112;976.5882000000015;976.5882000000015;976.5882000000015;975.9721000000015;938.3859999999959;976.5882000000015;955.989999999997;983.4372000000112;
5639.834693343924;986.9936000000723;983.4372000000112;956.8701999999971;957.7503999999972;992.0624000000441;983.3491000000113;989.5368000000582;983.4372000000112;976.5882000000015;976.5882000000015;976.5882000000015;975.9721000000015;938.3859999999959;976.5882000000015;955.989999999997;983.4372000000112;
5639.840009343924;986.9936000000723;983.4372000000112;956.8701999999971;957.7503999999972;992.0624000000441;983.3491000000113;989.5280000000582;983.4372000000112;976.5882000000015;976.5882000000015;976.5882000000015;975.9721000000015;938.3859999999959;976.5882000000015;955.989999999997;983.4372000000112;
5639.941213242245;986.9936000000723;983.4372000000112;956.8701999999971;957.7503999999972;992.0624000000441;983.3491000000113;989.5280000000582;983.4371000000112;976.5882000000015;976.5882000000015;976.5882000000015;975.9721000000015;938.3859999999959;976.5882000000015;955.989999999997;983.4372000000112;
5639.941213242245;986.9936000000723;983.4372000000112;956.8701999999971;957.7503999999972;992.0624000000441;983.3491000000113;989.5280000000582;983.3491000000113;976.5882000000015;976.5882000000015;976.5882000000015;975.9721000000015;938.3859999999959;976.5882000000015;955.989999999997;983.4372000000112;
5640.775455825933;986.9760000000724;983.3491000000113;956.8701999999971;957.7503999999972;992.0536000000442;983.3491000000113;989.5280000000582;983.3491000000113;976.5882000000015;976.5882000000015;976.5882000000015;975.9721000000015;938.3859999999959;976.5882000000015;955.549899999997;983.3491000000113;
5641.77546060227;986.9672000000725;983.3491000000113;956.8701999999971;957.7503999999972;992.0448000000442;983.3491000000113;989.5104000000583;983.3491000000113;976.5882000000015;976.5882000000015;976.5882000000015;975.9721000000015;938.3859999999959;976.5882000000015;955.549899999997;983.3491000000113;
5642.0000000000055;986.9584000000725;983.3491000000113;956.8701999999971;957.7503999999972;992.0448000000442;983.3491000000113;989.5016000000584;983.3491000000113;976.5882000000015;976.5882000000015;976.5882000000015;975.9721000000015;938.3859999999959;976.5882000000015;955.549899999997;983.3491000000113;
5642.775465378607;986.9584000000725;983.3491000000113;956.8701999999971;957.7503999999972;992.0448000000442;983.3491000000113;989.5016000000584;983.3491000000113;976.5882000000015;976.5882000000015;976.5882000000015;975.9721000000015;938.3859999999959;976.5882000000015;955.549899999997;983.3491000000113;
5644.0000000000055;986.9584000000725;983.3491000000113;956.8701999999971;957.7503999999972;992.0448000000442;983.3491000000113;989.5016000000584;983.3491000000113;976.5882000000015;976.5882000000015;976.5882000000015;975.9721000000015;938.3859999999959;976.5882000000015;955.549899999997;983.3491000000113;
5645.0000000000055;986.9584000000725;983.3491000000113;956.8701999999971;957.7503999999972;992.0448000000442;983.3491000000113;989.5016000000584;983.3491000000113;976.5882000000015;976.5882000000015;976.5882000000015;975.9721000000015;938.3859999999959;976.5882000000015;955.549899999997;983.3491000000113;
5646.0000000000055;986.9584000000725;983.3491000000113;956.8701999999971;957.7503999999972;992.0448000000442;983.3491000000113;989.5016000000584;983.3491000000113;976.5882000000015;976.5882000000015;976.5882000000015;975.9721000000015;938.3859999999959;976.5882000000015;955.549899999997;983.3491000000113;
5647.0000000000055;986.9584000000725;983.3491000000113;956.8701999999971;957.7503999999972;992.0448000000442;983.3491000000113;989.5016000000584;983.3491000000113;976.5882000000015;976.5882000000015;976.5882000000015;975.9721000000015;938.3859999999959;976.5882000000015;955.549899999997;983.3491000000113;
5648.0000000000055;986.9584000000725;983.3491000000113;956.8701999999971;957.7503999999972;992.0448000000442;983.3491000000113;989.5016000000584;983.3491000000113;976.5882000000015;976.5882000000015;976.5882000000015;975.9721000000015;938.3859999999959;976.5882000000015;955.549899999997;983.3491000000113;
5649.0000000000055;986.9584000000725;983.3491000000113;956.8701999999971;957.7503999999972;992.0448000000442;983.3491000000113;989.5016000000584;983.3491000000113;976.5882000000015;976.5882000000015;976.5882000000015;975.9721000000015;938.3859999999959;976.5882000000015;955.549899999997;983.3491000000113;
5650.0000000000055;986.9584000000725;983.3491000000113;956.8701999999971;957.7503999999972;992.0448000000442;983.3491000000113;989.5016000000584;983.3491000000113;976.5882000000015;976.5882000000015;976.5882000000015;975.9721000000015;938.3859999999959;976.5882000000015;955.549899999997;983.3491000000113;
5651.0000000000055;986.9584000000725;983.3491000000113;956.8701999999971;957.7503999999972;992.0448000000442;983.3491000000113;989.5016000000584;983.3491000000113;976.5882000000015;976.5882000000015;976.5882000000015;975.9721000000015;938.3859999999959;976.5882000000015;955.549899999997;983.3491000000113;
5652.0000000000055;986.9584000000725;983.3491000000113;956.8701999999971;957.7503999999972;992.0448000000442;983.3491000000113;989.5016000000584;983.3491000000113;976.5882000000015;976.5882000000015;976.5882000000015;975.9721000000015;938.3859999999959;976.5882000000015;955.549899999997;983.3491000000113;
5653.0000000000055;986.9584000000725;983.3491000000113;956.8701999999971;957.7503999999972;992.0448000000442;983.3491000000113;989.5016000000584;983.3491000000113;976.5882000000015;976.5882000000015;976.5882000000015;975.9721000000015;938.3859999999959;976.5882000000015;955.549899999997;983.3491000000113;
5654.0000000000055;986.9584000000725;983.3491000000113;956.8701999999971;957.7503999999972;992.0448000000442;983.3491000000113;989.5016000000584;983.3491000000113;976.5882000000015;976.5882000000015;976.5882000000015;975.9721000000015;938.3859999999959;976.5882000000015;955.549899999997;983.3491000000113;
5655.0000000000055;986.9584000000725;983.3491000000113;956.8701999999971;957.7503999999972;992.0448000000442;983.3491000000113;989.5016000000584;983.3491000000113;976.5882000000015;976.5882000000015;976.5882000000015;975.9721000000015;938.3859999999959;976.5882000000015;955.549899999997;983.3491000000113;
5656.0000000000055;986.9584000000725;983.3491000000113;956.8701999999971;957.7503999999972;992.0448000000442;983.3491000000113;989.5016000000584;983.3491000000113;976.5882000000015;976.5882000000015;976.5882000000015;975.9721000000015;938.3859999999959;976.5882000000015;955.549899999997;983.3491000000113;
5657.0000000000055;986.9584000000725;983.3491000000113;956.8701999999971;957.7503999999972;992.0448000000442;983.3491000000113;989.5016000000584;983.3491000000113;976.5882000000015;976.5882000000015;976.5882000000015;975.9721000000015;938.3859999999959;976.5882000000015;955.549899999997;983.3491000000113;
5658.0000000000055;986.9584000000725;983.3491000000113;956.8701999999971;957.7503999999972;992.0448000000442;983.3491000000113;989.5016000000584;983.3491000000113;976.5882000000015;976.5882000000015;976.5882000000015;975.9721000000015;938.3859999999959;976.5882000000015;955.549899999997;983.3491000000113;
5659.0000000000055;986.9584000000725;983.3491000000113;956.8701999999971;957.7503999999972;992.0448000000442;983.3491000000113;989.5016000000584;983.3491000000113;976.5882000000015;976.5882000000015;976.5882000000015;975.9721000000015;938.3859999999959;976.5882000000015;955.549899999997;983.3491000000113;
5660.0000000000055;986.9584000000725;983.3491000000113;956.8701999999971;957.7503999999972;992.0448000000442;983.3491000000113;989.5016000000584;983.3491000000113;976.5882000000015;976.5882000000015;976.5882000000015;975.9721000000015;938.3859999999959;976.5882000000015;955.549899999997;983.3491000000113;
5661.0000000000055;986.9584000000725;983.3491000000113;956.8701999999971;957.7503999999972;992.0448000000442;983.3491000000113;989.5016000000584;983.3491000000113;976.5882000000015;976.5882000000015;976.5882000000015;975.9721000000015;938.3859999999959;976.5882000000015;955.549899999997;983.3491000000113;
5662.0000000000055;986.9584000000725;983.3491000000113;956.8701999999971;957.7503999999972;992.0448000000442;983.3491000000113;989.5016000000584;983.3491000000113;976.5882000000015;976.5882000000015;976.5882000000015;975.9721000000015;938.3859999999959;976.5882000000015;955.549899999997;983.3491000000113;
5663.0000000000055;986.9584000000725;983.3491000000113;956.8701999999971;957.7503999999972;992.0448000000442;983.3491000000113;989.5016000000584;983.3491000000113;976.5882000000015;976.5882000000015;976.5882000000015;975.9721000000015;938.3859999999959;976.5882000000015;955.549899999997;983.3491000000113;
5664.0000000000055;986.9584000000725;983.3491000000113;956.8701999999971;957.7503999999972;992.0448000000442;983.3491000000113;989.5016000000584;983.3491000000113;976.5882000000015;976.5882000000015;976.5882000000015;975.9721000000015;938.3859999999959;976.5882000000015;955.549899999997;983.3491000000113;
5665.0000000000055;986.9584000000725;983.3491000000113;956.8701999999971;957.7503999999972;992.0448000000442;983.3491000000113;989.5016000000584;983.3491000000113;976.5882000000015;976.5882000000015;976.5882000000015;975.9721000000015;938.3859999999959;976.5882000000015;955.549899999997;983.3491000000113;
5666.0000000000055;986.9584000000725;983.3491000000113;956.8701999999971;957.7503999999972;992.0448000000442;983.3491000000113;989.5016000000584;983.3491000000113;976.5882000000015;976.5882000000015;976.5882000000015;975.9721000000015;938.3859999999959;976.5882000000015;955.549899999997;983.3491000000113;
5667.0000000000055;986.9584000000725;983.3491000000113;956.8701999999971;957.7503999999972;992.0448000000442;983.3491000000113;989.5016000000584;983.3491000000113;976.5882000000015;976.5882000000015;976.5882000000015;975.9721000000015;938.3859999999959;976.5882000000015;955.549899999997;983.3491000000113;
5668.0000000000055;986.9584000000725;983.3491000000113;956.8701999999971;957.7503999999972;992.0448000000442;983.3491000000113;989.5016000000584;983.3491000000113;976.5882000000015;976.5882000000015;976.5882000000015;975.9721000000015;938.3859999999959;976.5882000000015;955.549899999997;983.3491000000113;
5669.0000000000055;986.9584000000725;983.3491000000113;956.8701999999971;957.7503999999972;992.0448000000442;983.3491000000113;989.5016000000584;983.3491000000113;976.5882000000015;976.5882000000015;976.5882000000015;975.9721000000015;938.3859999999959;976.5882000000015;955.549899999997;983.3491000000113;
5669.770107787329;986.9584000000725;983.3491000000113;956.8701999999971;957.7503999999972;992.0448000000442;983.3490000000113;989.5016000000584;983.3491000000113;976.5882000000015;976.5882000000015;976.5882000000015;975.9721000000015;938.3859999999959;976.5882000000015;955.549899999997;983.3491000000113;
5669.770107787329;986.9584000000725;983.3491000000113;956.8701999999971;957.7503999999972;992.0448000000442;983.2610000000113;989.5016000000584;983.3491000000113;976.5882000000015;976.5882000000015;976.5882000000015;975.9721000000015;938.3859999999959;976.5882000000015;955.549899999997;983.3491000000113;
5669.775423787329;986.9496000000726;983.3491000000113;956.8701999999971;957.7503999999972;992.0448000000442;983.2610000000113;989.5016000000584;983.3491000000113;976.5882000000015;976.5882000000015;976.5882000000015;975.9721000000015;938.3859999999959;976.5882000000015;955.549899999997;983.3491000000113;
5669.775423787329;986.9408000000726;983.3491000000113;956.8701999999971;957.7503999999972;992.0448000000442;983.2610000000113;989.5016000000584;983.3491000000113;976.5882000000015;976.5882000000015;976.5882000000015;975.9721000000015;938.3859999999959;976.5882000000015;955.549899999997;983.3491000000113;
5669.7807397873285;986.9408000000726;983.3491000000113;956.8701999999971;957.7503999999972;992.0448000000442;983.2610000000113;989.4928000000584;983.3491000000113;976.5882000000015;976.5882000000015;976.5882000000015;975.9721000000015;938.3859999999959;976.5882000000015;955.549899999997;983.3491000000113;
5669.804155783985;986.9408000000726;983.3491000000113;956.8700999999971;957.7503999999972;992.0448000000442;983.2610000000113;989.4928000000584;983.3491000000113;976.5882000000015;976.5882000000015;976.5882000000015;975.9721000000015;938.3859999999959;976.5882000000015;955.549899999997;983.3491000000113;
5669.804155783985;986.9408000000726;983.3491000000113;956.4300999999971;957.7503999999972;992.0448000000442;983.2610000000113;989.4928000000584;983.3491000000113;976.5882000000015;976.5882000000015;976.5882000000015;975.9721000000015;938.3859999999959;976.5882000000015;955.549899999997;983.3491000000113;
5669.809471783985;986.9320000000727;983.3491000000113;956.4300999999971;957.7503999999972;992.0448000000442;983.2610000000113;989.4928000000584;983.3491000000113;976.5882000000015;976.5882000000015;976.5882000000015;975.9721000000015;938.3859999999959;976.5882000000015;955.549899999997;983.3491000000113;
5669.827649733793;986.9320000000727;983.3491000000113;956.4300999999971;957.7503999999972;992.0448000000442;983.2610000000113;989.4928000000584;983.3491000000113;976.5882000000015;976.5882000000015;976.5882000000015;975.9721000000015;938.3858999999959;976.5882000000015;955.549899999997;983.3491000000113;
5669.827649733793;986.9320000000727;983.3491000000113;956.4300999999971;957.7503999999972;992.0448000000442;983.2610000000113;989.4928000000584;983.3491000000113;976.5882000000015;976.5882000000015;976.5882000000015;975.9721000000015;937.9458999999958;976.5882000000015;955.549899999997;983.3491000000113;
5669.832965733793;986.9320000000727;983.3491000000113;956.4300999999971;957.7503999999972;992.0360000000443;983.2610000000113;989.4928000000584;983.3491000000113;976.5882000000015;976.5882000000015;976.5882000000015;975.9721000000015;937.9458999999958;976.5882000000015;955.549899999997;983.3491000000113;
5669.832965733793;986.9320000000727;983.3491000000113;956.4300999999971;957.7503999999972;992.0272000000443;983.2610000000113;989.4928000000584;983.3491000000113;976.5882000000015;976.5882000000015;976.5882000000015;975.9721000000015;937.9458999999958;976.5882000000015;955.549899999997;983.3491000000113;
5670.000000000003;986.9144000000728;983.2610000000113;956.4300999999971;957.3102999999971;992.0184000000444;983.2610000000113;989.4840000000585;983.2610000000113;976.5882000000015;976.5882000000015;976.5882000000015;975.9721000000015;937.9458999999958;976.5882000000015;955.549899999997;983.3491000000113;
5670.775428563664;986.9144000000728;983.2610000000113;956.4300999999971;957.3102999999971;992.0184000000444;983.2610000000113;989.4840000000585;983.2610000000113;976.5882000000015;976.5882000000015;976.5882000000015;975.9721000000015;937.9458999999958;976.5882000000015;955.549899999997;983.2610000000113;
5671.775433340001;986.9056000000728;983.2610000000113;956.4300999999971;957.3102999999971;992.0096000000444;983.2610000000113;989.4664000000586;983.2610000000113;976.5882000000015;976.5882000000015;976.5882000000015;975.9721000000015;937.9458999999958;976.5882000000015;955.549899999997;983.2610000000113;
5672.775438116339;986.8968000000729;983.2610000000113;956.4300999999971;957.3102999999971;992.0096000000444;983.2610000000113;989.4576000000586;983.2610000000113;976.5882000000015;976.5882000000015;976.5882000000015;975.9721000000015;937.9458999999958;976.5882000000015;955.549899999997;983.2610000000113;
5673.000000000003;986.8880000000729;983.2610000000113;956.4300999999971;957.3102999999971;992.0096000000444;983.2610000000113;989.4488000000587;983.2610000000113;976.5882000000015;976.5882000000015;976.5882000000015;975.9721000000015;937.9458999999958;976.5882000000015;955.549899999997;983.2610000000113;
5673.7754428926755;986.8880000000729;983.2610000000113;956.4300999999971;957.3102999999971;992.0096000000444;983.2610000000113;989.4488000000587;983.2610000000113;976.5882000000015;976.5882000000015;976.5882000000015;975.9721000000015;937.9458999999958;976.5882000000015;955.549899999997;983.2610000000113;
5675.000000000003;986.8880000000729;983.2610000000113;956.4300999999971;957.3102999999971;992.0096000000444;983.2610000000113;989.4488000000587;983.2610000000113;976.5882000000015;976.5882000000015;976.5882000000015;975.9721000000015;937.9458999999958;976.5882000000015;955.549899999997;983.2610000000113;
5676.000000000003;986.8880000000729;983.2610000000113;956.4300999999971;957.3102999999971;992.0096000000444;983.2610000000113;989.4488000000587;983.2610000000113;976.5882000000015;976.5882000000015;976.5882000000015;975.9721000000015;937.9458999999958;976.5882000000015;955.549899999997;983.2610000000113;
5677.000000000003;986.8880000000729;983.2610000000113;956.4300999999971;957.3102999999971;992.0096000000444;983.2610000000113;989.4488000000587;983.2610000000113;976.5882000000015;976.5882000000015;976.5882000000015;975.9721000000015;937.9458999999958;976.5882000000015;955.549899999997;983.2610000000113;
5678.000000000003;986.8880000000729;983.2610000000113;956.4300999999971;957.3102999999971;992.0096000000444;983.2610000000113;989.4488000000587;983.2610000000113;976.5882000000015;976.5882000000015;976.5882000000015;975.9721000000015;937.9458999999958;976.5882000000015;955.549899999997;983.2610000000113;
5679.000000000003;986.8880000000729;983.2610000000113;956.4300999999971;957.3102999999971;992.0096000000444;983.2610000000113;989.4488000000587;983.2610000000113;976.5882000000015;976.5882000000015;976.5882000000015;975.9721000000015;937.9458999999958;976.5882000000015;955.549899999997;983.2610000000113;
5680.000000000003;986.8880000000729;983.2610000000113;956.4300999999971;957.3102999999971;992.0096000000444;983.2610000000113;989.4488000000587;983.2610000000113;976.5882000000015;976.5882000000015;976.5882000000015;975.9721000000015;937.9458999999958;976.5882000000015;955.549899999997;983.2610000000113;
5681.000000000003;986.8880000000729;983.2610000000113;956.4300999999971;957.3102999999971;992.0096000000444;983.2610000000113;989.4488000000587;983.2610000000113;976.5882000000015;976.5882000000015;976.5882000000015;975.9721000000015;937.9458999999958;976.5882000000015;955.549899999997;983.2610000000113;
5682.000000000003;986.8880000000729;983.2610000000113;956.4300999999971;957.3102999999971;992.0096000000444;983.2610000000113;989.4488000000587;983.2610000000113;976.5882000000015;976.5882000000015;976.5882000000015;975.9721000000015;937.9458999999958;976.5882000000015;955.549899999997;983.2610000000113;
5683.000000000003;986.8880000000729;983.2610000000113;956.4300999999971;957.3102999999971;992.0096000000444;983.2610000000113;989.4488000000587;983.2610000000113;976.5882000000015;976.5882000000015;976.5882000000015;975.9721000000015;937.9458999999958;976.5882000000015;955.549899999997;983.2610000000113;
5684.000000000003;986.8880000000729;983.2610000000113;956.4300999999971;957.3102999999971;992.0096000000444;983.2610000000113;989.4488000000587;983.2610000000113;976.5882000000015;976.5882000000015;976.5882000000015;975.9721000000015;937.9458999999958;976.5882000000015;955.549899999997;983.2610000000113;
5685.000000000003;986.8880000000729;983.2610000000113;956.4300999999971;957.3102999999971;992.0096000000444;983.2610000000113;989.4488000000587;983.2610000000113;976.5882000000015;976.5882000000015;976.5882000000015;975.9721000000015;937.9458999999958;976.5882000000015;955.549899999997;983.2610000000113;
5686.000000000003;986.8880000000729;983.2610000000113;956.4300999999971;957.3102999999971;992.0096000000444;983.2610000000113;989.4488000000587;983.2610000000113;976.5882000000015;976.5882000000015;976.5882000000015;975.9721000000015;937.9458999999958;976.5882000000015;955.549899999997;983.2610000000113;
5687.000000000003;986.8880000000729;983.2610000000113;956.4300999999971;957.3102999999971;992.0096000000444;983.2610000000113;989.4488000000587;983.2610000000113;976.5882000000015;976.5882000000015;976.5882000000015;975.9721000000015;937.9458999999958;976.5882000000015;955.549899999997;983.2610000000113;
5688.000000000003;986.8880000000729;983.2610000000113;956.4300999999971;957.3102999999971;992.0096000000444;983.2610000000113;989.4488000000587;983.2610000000113;976.5882000000015;976.5882000000015;976.5882000000015;975.9721000000015;937.9458999999958;976.5882000000015;955.549899999997;983.2610000000113;
5689.000000000003;986.8880000000729;983.2610000000113;956.4300999999971;957.3102999999971;992.0096000000444;983.2610000000113;989.4488000000587;983.2610000000113;976.5882000000015;976.5882000000015;976.5882000000015;975.9721000000015;937.9458999999958;976.5882000000015;955.549899999997;983.2610000000113;
5690.000000000003;986.8880000000729;983.2610000000113;956.4300999999971;957.3102999999971;992.0096000000444;983.2610000000113;989.4488000000587;983.2610000000113;976.5882000000015;976.5882000000015;976.5882000000015;975.9721000000015;937.9458999999958;976.5882000000015;955.549899999997;983.2610000000113;
5691.000000000003;986.8880000000729;983.2610000000113;956.4300999999971;957.3102999999971;992.0096000000444;983.2610000000113;989.4488000000587;983.2610000000113;976.5882000000015;976.5882000000015;976.5882000000015;975.9721000000015;937.9458999999958;976.5882000000015;955.549899999997;983.2610000000113;
5692.000000000003;986.8880000000729;983.2610000000113;956.4300999999971;957.3102999999971;992.0096000000444;983.2610000000113;989.4488000000587;983.2610000000113;976.5882000000015;976.5882000000015;976.5882000000015;975.9721000000015;937.9458999999958;976.5882000000015;955.549899999997;983.2610000000113;
5693.000000000003;986.8880000000729;983.2610000000113;956.4300999999971;957.3102999999971;992.0096000000444;983.2610000000113;989.4488000000587;983.2610000000113;976.5882000000015;976.5882000000015;976.5882000000015;975.9721000000015;937.9458999999958;976.5882000000015;955.549899999997;983.2610000000113;
5694.000000000003;986.8880000000729;983.2610000000113;956.4300999999971;957.3102999999971;992.0096000000444;983.2610000000113;989.4488000000587;983.2610000000113;976.5882000000015;976.5882000000015;976.5882000000015;975.9721000000015;937.9458999999958;976.5882000000015;955.549899999997;983.2610000000113;
5695.000000000003;986.8880000000729;983.2610000000113;956.4300999999971;957.3102999999971;992.0096000000444;983.2610000000113;989.4488000000587;983.2610000000113;976.5882000000015;976.5882000000015;976.5882000000015;975.9721000000015;937.9458999999958;976.5882000000015;955.549899999997;983.2610000000113;
5696.000000000003;986.8880000000729;983.2610000000113;956.4300999999971;957.3102999999971;992.0096000000444;983.2610000000113;989.4488000000587;983.2610000000113;976.5882000000015;976.5882000000015;976.5882000000015;975.9721000000015;937.9458999999958;976.5882000000015;955.549899999997;983.2610000000113;
5697.000000000003;986.8880000000729;983.2610000000113;956.4300999999971;957.3102999999971;992.0096000000444;983.2610000000113;989.4488000000587;983.2610000000113;976.5882000000015;976.5882000000015;976.5882000000015;975.9721000000015;937.9458999999958;976.5882000000015;955.549899999997;983.2610000000113;
5698.000000000003;986.8880000000729;983.2610000000113;956.4300999999971;957.3102999999971;992.0096000000444;983.2610000000113;989.4488000000587;983.2610000000113;976.5882000000015;976.5882000000015;976.5882000000015;975.9721000000015;937.9458999999958;976.5882000000015;955.549899999997;983.2610000000113;
5699.000000000003;986.8880000000729;983.2610000000113;956.4300999999971;957.3102999999971;992.0096000000444;983.2610000000113;989.4488000000587;983.2610000000113;976.5882000000015;976.5882000000015;976.5882000000015;975.9721000000015;937.9458999999958;976.5882000000015;955.549899999997;983.2610000000113;
5699.77008052506;986.8880000000729;983.2610000000113;956.4300999999971;957.3102999999971;992.0096000000444;983.2609000000114;989.4488000000587;983.2610000000113;976.5882000000015;976.5882000000015;976.5882000000015;975.9721000000015;937.9458999999958;976.5882000000015;955.549899999997;983.2610000000113;
5699.77008052506;986.8880000000729;983.2610000000113;956.4300999999971;957.3102999999971;992.0096000000444;983.1729000000114;989.4488000000587;983.2610000000113;976.5882000000015;976.5882000000015;976.5882000000015;975.9721000000015;937.9458999999958;976.5882000000015;955.549899999997;983.2610000000113;
5699.7753965250595;986.879200000073;983.2610000000113;956.4300999999971;957.3102999999971;992.0096000000444;983.1729000000114;989.4488000000587;983.2610000000113;976.5882000000015;976.5882000000015;976.5882000000015;975.9721000000015;937.9458999999958;976.5882000000015;955.549899999997;983.2610000000113;
5699.7753965250595;986.870400000073;983.2610000000113;956.4300999999971;957.3102999999971;992.0096000000444;983.1729000000114;989.4488000000587;983.2610000000113;976.5882000000015;976.5882000000015;976.5882000000015;975.9721000000015;937.9458999999958;976.5882000000015;955.549899999997;983.2610000000113;
5699.780712525059;986.870400000073;983.2610000000113;956.4300999999971;957.3102999999971;992.0096000000444;983.1729000000114;989.4400000000587;983.2610000000113;976.5882000000015;976.5882000000015;976.5882000000015;975.9721000000015;937.9458999999958;976.5882000000015;955.549899999997;983.2610000000113;
5699.823012224324;986.870400000073;983.2610000000113;956.4300999999971;957.3102999999971;992.0096000000444;983.1729000000114;989.4400000000587;983.2610000000113;976.5881000000015;976.5882000000015;976.5882000000015;975.9721000000015;937.9458999999958;976.5882000000015;955.549899999997;983.2610000000113;
5699.823012224324;986.870400000073;983.2610000000113;956.4300999999971;957.3102999999971;992.0096000000444;983.1729000000114;989.4400000000587;983.2610000000113;975.9721000000015;976.5882000000015;976.5882000000015;975.9721000000015;937.9458999999958;976.5882000000015;955.549899999997;983.2610000000113;
5699.825922123661;986.870400000073;983.2610000000113;956.4300999999971;957.3102999999971;992.0096000000444;983.1729000000114;989.4400000000587;983.2610000000113;975.9721000000015;976.5882000000015;976.5882000000015;975.9721000000015;937.9457999999959;976.5882000000015;955.549899999997;983.2610000000113;
5699.825922123661;986.870400000073;983.2610000000113;956.4300999999971;957.3102999999971;992.0096000000444;983.1729000000114;989.4400000000587;983.2610000000113;975.9721000000015;976.5882000000015;976.5882000000015;975.9721000000015;937.5057999999958;976.5882000000015;955.549899999997;983.2610000000113;
5699.828328224324;986.861600000073;983.2610000000113;956.4300999999971;957.3102999999971;992.0096000000444;983.1729000000114;989.4400000000587;983.2610000000113;975.9721000000015;976.5882000000015;976.5882000000015;975.9721000000015;937.5057999999958;976.5882000000015;955.549899999997;983.2610000000113;
5699.831238123661;986.861600000073;983.2610000000113;956.4300999999971;957.3102999999971;992.0008000000445;983.1729000000114;989.4400000000587;983.2610000000113;975.9721000000015;976.5882000000015;976.5882000000015;975.9721000000015;937.5057999999958;976.5882000000015;955.549899999997;983.2610000000113;
5699.831238123661;986.861600000073;983.2610000000113;956.4300999999971;957.3102999999971;991.9920000000445;983.1729000000114;989.4400000000587;983.2610000000113;975.9721000000015;976.5882000000015;976.5882000000015;975.9721000000015;937.5057999999958;976.5882000000015;955.549899999997;983.2610000000113;
5700.141067233743;986.8352000000732;983.1729000000114;956.4300999999971;957.3102999999971;991.9744000000446;983.1729000000114;989.4312000000588;983.1729000000114;975.9721000000015;975.9721000000015;976.5881000000015;975.3560000000016;937.5057999999958;975.9721000000015;955.549899999997;983.1729000000114;
5700.831227976637;986.8264000000732;983.1729000000114;956.4300999999971;957.3102999999971;991.9568000000447;983.1729000000114;989.4224000000588;983.1729000000114;975.9721000000015;975.9721000000015;975.9721000000015;975.3560000000016;937.5057999999958;975.9721000000015;955.109799999997;983.1729000000114;
5701.775406077731;986.8264000000732;983.1729000000114;956.4300999999971;957.3102999999971;991.9480000000448;983.1729000000114;989.4136000000589;983.1729000000114;975.9721000000015;975.9721000000015;975.9721000000015;975.3560000000016;937.5057999999958;975.9721000000015;955.109799999997;983.1729000000114;
5702.7754108540685;986.8176000000733;983.1729000000114;956.4300999999971;957.3102999999971;991.9392000000448;983.1729000000114;989.396000000059;983.1729000000114;975.9721000000015;975.9721000000015;975.9721000000015;975.3560000000016;937.5057999999958;975.9721000000015;955.109799999997;983.1729000000114;
5702.999999999999;986.8088000000733;983.1729000000114;956.4300999999971;957.3102999999971;991.9304000000449;983.1729000000114;989.3784000000591;983.1729000000114;975.9721000000015;975.9721000000015;975.9721000000015;975.3560000000016;937.5057999999958;975.9721000000015;955.109799999997;983.1729000000114;
5703.775415630405;986.8088000000733;983.1729000000114;956.4300999999971;957.3102999999971;991.9304000000449;983.1729000000114;989.3784000000591;983.1729000000114;975.9721000000015;975.9721000000015;975.9721000000015;975.3560000000016;937.5057999999958;975.9721000000015;955.109799999997;983.1729000000114;
5704.775420406741;986.8000000000734;983.1729000000114;956.4300999999971;957.3102999999971;991.9216000000449;983.1729000000114;989.3608000000592;983.1729000000114;975.9721000000015;975.9721000000015;975.9721000000015;975.3560000000016;937.5057999999958;975.9721000000015;955.109799999997;983.1729000000114;
5704.999999999998;986.8000000000734;983.1729000000114;956.4300999999971;957.3102999999971;991.9216000000449;983.1729000000114;989.3608000000592;983.1729000000114;975.9721000000015;975.9721000000015;975.9721000000015;975.3560000000016;937.5057999999958;975.9721000000015;955.109799999997;983.1729000000114;
5705.999999999998;986.8000000000734;983.1729000000114;956.4300999999971;957.3102999999971;991.9216000000449;983.1729000000114;989.3608000000592;983.1729000000114;975.9721000000015;975.9721000000015;975.9721000000015;975.3560000000016;937.5057999999958;975.9721000000015;955.109799999997;983.1729000000114;
5706.999999999998;986.8000000000734;983.1729000000114;956.4300999999971;957.3102999999971;991.9216000000449;983.1729000000114;989.3608000000592;983.1729000000114;975.9721000000015;975.9721000000015;975.9721000000015;975.3560000000016;937.5057999999958;975.9721000000015;955.109799999997;983.1729000000114;
5707.999999999998;986.8000000000734;983.1729000000114;956.4300999999971;957.3102999999971;991.9216000000449;983.1729000000114;989.3608000000592;983.1729000000114;975.9721000000015;975.9721000000015;975.9721000000015;975.3560000000016;937.5057999999958;975.9721000000015;955.109799999997;983.1729000000114;
5708.999999999998;986.8000000000734;983.1729000000114;956.4300999999971;957.3102999999971;991.9216000000449;983.1729000000114;989.3608000000592;983.1729000000114;975.9721000000015;975.9721000000015;975.9721000000015;975.3560000000016;937.5057999999958;975.9721000000015;955.109799999997;983.1729000000114;
5709.999999999998;986.8000000000734;983.1729000000114;956.4300999999971;957.3102999999971;991.9216000000449;983.1729000000114;989.3608000000592;983.1729000000114;975.9721000000015;975.9721000000015;975.9721000000015;975.3560000000016;937.5057999999958;975.9721000000015;955.109799999997;983.1729000000114;
5710.999999999998;986.8000000000734;983.1729000000114;956.4300999999971;957.3102999999971;991.9216000000449;983.1729000000114;989.3608000000592;983.1729000000114;975.9721000000015;975.9721000000015;975.9721000000015;975.3560000000016;937.5057999999958;975.9721000000015;955.109799999997;983.1729000000114;
5711.999999999998;986.8000000000734;983.1729000000114;956.4300999999971;957.3102999999971;991.9216000000449;983.1729000000114;989.3608000000592;983.1729000000114;975.9721000000015;975.9721000000015;975.9721000000015;975.3560000000016;937.5057999999958;975.9721000000015;955.109799999997;983.1729000000114;
5712.999999999998;986.8000000000734;983.1729000000114;956.4300999999971;957.3102999999971;991.9216000000449;983.1729000000114;989.3608000000592;983.1729000000114;975.9721000000015;975.9721000000015;975.9721000000015;975.3560000000016;937.5057999999958;975.9721000000015;955.109799999997;983.1729000000114;
5713.999999999998;986.8000000000734;983.1729000000114;956.4300999999971;957.3102999999971;991.9216000000449;983.1729000000114;989.3608000000592;983.1729000000114;975.9721000000015;975.9721000000015;975.9721000000015;975.3560000000016;937.5057999999958;975.9721000000015;955.109799999997;983.1729000000114;
5714.999999999998;986.8000000000734;983.1729000000114;956.4300999999971;957.3102999999971;991.9216000000449;983.1729000000114;989.3608000000592;983.1729000000114;975.9721000000015;975.9721000000015;975.9721000000015;975.3560000000016;937.5057999999958;975.9721000000015;955.109799999997;983.1729000000114;
5715.999999999998;986.8000000000734;983.1729000000114;956.4300999999971;957.3102999999971;991.9216000000449;983.1729000000114;989.3608000000592;983.1729000000114;975.9721000000015;975.9721000000015;975.9721000000015;975.3560000000016;937.5057999999958;975.9721000000015;955.109799999997;983.1729000000114;
5716.999999999998;986.8000000000734;983.1729000000114;956.4300999999971;957.3102999999971;991.9216000000449;983.1729000000114;989.3608000000592;983.1729000000114;975.9721000000015;975.9721000000015;975.9721000000015;975.3560000000016;937.5057999999958;975.9721000000015;955.109799999997;983.1729000000114;
5717.999999999998;986.8000000000734;983.1729000000114;956.4300999999971;957.3102999999971;991.9216000000449;983.1729000000114;989.3608000000592;983.1729000000114;975.9721000000015;975.9721000000015;975.9721000000015;975.3560000000016;937.5057999999958;975.9721000000015;955.109799999997;983.1729000000114;
5718.999999999998;986.8000000000734;983.1729000000114;956.4300999999971;957.3102999999971;991.9216000000449;983.1729000000114;989.3608000000592;983.1729000000114;975.9721000000015;975.9721000000015;975.9721000000015;975.3560000000016;937.5057999999958;975.9721000000015;955.109799999997;983.1729000000114;
5719.999999999998;986.8000000000734;983.1729000000114;956.4300999999971;957.3102999999971;991.9216000000449;983.1729000000114;989.3608000000592;983.1729000000114;975.9721000000015;975.9721000000015;975.9721000000015;975.3560000000016;937.5057999999958;975.9721000000015;955.109799999997;983.1729000000114;
5720.999999999998;986.8000000000734;983.1729000000114;956.4300999999971;957.3102999999971;991.9216000000449;983.1729000000114;989.3608000000592;983.1729000000114;975.9721000000015;975.9721000000015;975.9721000000015;975.3560000000016;937.5057999999958;975.9721000000015;955.109799999997;983.1729000000114;
5721.999999999998;986.8000000000734;983.1729000000114;956.4300999999971;957.3102999999971;991.9216000000449;983.1729000000114;989.3608000000592;983.1729000000114;975.9721000000015;975.9721000000015;975.9721000000015;975.3560000000016;937.5057999999958;975.9721000000015;955.109799999997;983.1729000000114;
5722.999999999998;986.8000000000734;983.1729000000114;956.4300999999971;957.3102999999971;991.9216000000449;983.1729000000114;989.3608000000592;983.1729000000114;975.9721000000015;975.9721000000015;975.9721000000015;975.3560000000016;937.5057999999958;975.9721000000015;955.109799999997;983.1729000000114;
5723.999999999998;986.8000000000734;983.1729000000114;956.4300999999971;957.3102999999971;991.9216000000449;983.1729000000114;989.3608000000592;983.1729000000114;975.9721000000015;975.9721000000015;975.9721000000015;975.3560000000016;937.5057999999958;975.9721000000015;955.109799999997;983.1729000000114;
5724.999999999998;986.8000000000734;983.1729000000114;956.4300999999971;957.3102999999971;991.9216000000449;983.1729000000114;989.3608000000592;983.1729000000114;975.9721000000015;975.9721000000015;975.9721000000015;975.3560000000016;937.5057999999958;975.9721000000015;955.109799999997;983.1729000000114;
5725.999999999998;986.8000000000734;983.1729000000114;956.4300999999971;957.3102999999971;991.9216000000449;983.1729000000114;989.3608000000592;983.1729000000114;975.9721000000015;975.9721000000015;975.9721000000015;975.3560000000016;937.5057999999958;975.9721000000015;955.109799999997;983.1729000000114;
5726.999999999998;986.8000000000734;983.1729000000114;956.4300999999971;957.3102999999971;991.9216000000449;983.1729000000114;989.3608000000592;983.1729000000114;975.9721000000015;975.9721000000015;975.9721000000015;975.3560000000016;937.5057999999958;975.9721000000015;955.109799999997;983.1729000000114;
5727.999999999998;986.8000000000734;983.1729000000114;956.4300999999971;957.3102999999971;991.9216000000449;983.1729000000114;989.3608000000592;983.1729000000114;975.9721000000015;975.9721000000015;975.9721000000015;975.3560000000016;937.5057999999958;975.9721000000015;955.109799999997;983.1729000000114;
5728.999999999998;986.8000000000734;983.1729000000114;956.4300999999971;957.3102999999971;991.9216000000449;983.1729000000114;989.3608000000592;983.1729000000114;975.9721000000015;975.9721000000015;975.9721000000015;975.3560000000016;937.5057999999958;975.9721000000015;955.109799999997;983.1729000000114;
5729.770053262789;986.8000000000734;983.1729000000114;956.4300999999971;957.3102999999971;991.9216000000449;983.1728000000114;989.3608000000592;983.1729000000114;975.9721000000015;975.9721000000015;975.9721000000015;975.3560000000016;937.5057999999958;975.9721000000015;955.109799999997;983.1729000000114;
5729.770053262789;986.8000000000734;983.1729000000114;956.4300999999971;957.3102999999971;991.9216000000449;983.0848000000115;989.3608000000592;983.1729000000114;975.9721000000015;975.9721000000015;975.9721000000015;975.3560000000016;937.5057999999958;975.9721000000015;955.109799999997;983.1729000000114;
5729.775369262788;986.7912000000734;983.1729000000114;956.4300999999971;957.3102999999971;991.9216000000449;983.0848000000115;989.3608000000592;983.1729000000114;975.9721000000015;975.9721000000015;975.9721000000015;975.3560000000016;937.5057999999958;975.9721000000015;955.109799999997;983.1729000000114;
5729.775369262788;986.7824000000735;983.1729000000114;956.4300999999971;957.3102999999971;991.9216000000449;983.0848000000115;989.3608000000592;983.1729000000114;975.9721000000015;975.9721000000015;975.9721000000015;975.3560000000016;937.5057999999958;975.9721000000015;955.109799999997;983.1729000000114;
5729.780685262788;986.7824000000735;983.1729000000114;956.4300999999971;957.3102999999971;991.9216000000449;983.0848000000115;989.3520000000592;983.1729000000114;975.9721000000015;975.9721000000015;975.9721000000015;975.3560000000016;937.5057999999958;975.9721000000015;955.109799999997;983.1729000000114;
5729.804163218124;986.7824000000735;983.1729000000114;956.4299999999971;957.3102999999971;991.9216000000449;983.0848000000115;989.3520000000592;983.1729000000114;975.9721000000015;975.9721000000015;975.9721000000015;975.3560000000016;937.5057999999958;975.9721000000015;955.109799999997;983.1729000000114;
5729.804163218124;986.7824000000735;983.1729000000114;955.989999999997;957.3102999999971;991.9216000000449;983.0848000000115;989.3520000000592;983.1729000000114;975.9721000000015;975.9721000000015;975.9721000000015;975.3560000000016;937.5057999999958;975.9721000000015;955.109799999997;983.1729000000114;
5729.809479218124;986.7736000000735;983.1729000000114;955.989999999997;957.3102999999971;991.9216000000449;983.0848000000115;989.3520000000592;983.1729000000114;975.9721000000015;975.9721000000015;975.9721000000015;975.3560000000016;937.5057999999958;975.9721000000015;955.109799999997;983.1729000000114;
5729.824194513528;986.7736000000735;983.1729000000114;955.989999999997;957.3102999999971;991.9216000000449;983.0848000000115;989.3520000000592;983.1729000000114;975.9721000000015;975.9721000000015;975.9721000000015;975.3560000000016;937.5056999999958;975.9721000000015;955.109799999997;983.1729000000114;
5729.824194513528;986.7736000000735;983.1729000000114;955.989999999997;957.3102999999971;991.9216000000449;983.0848000000115;989.3520000000592;983.1729000000114;975.9721000000015;975.9721000000015;975.9721000000015;975.3560000000016;937.0656999999958;975.9721000000015;955.109799999997;983.1729000000114;
5729.829510513528;986.7736000000735;983.1729000000114;955.989999999997;957.3102999999971;991.912800000045;983.0848000000115;989.3520000000592;983.1729000000114;975.9721000000015;975.9721000000015;975.9721000000015;975.3560000000016;937.0656999999958;975.9721000000015;955.109799999997;983.1729000000114;
5730.230577585697;986.7560000000736;983.0848000000115;955.989999999997;956.8701999999971;991.8952000000451;983.0848000000115;989.3432000000593;983.0848000000115;975.9721000000015;975.9721000000015;975.9721000000015;975.3560000000016;937.0656999999958;975.9721000000015;955.109699999997;983.0848000000115;
5730.999999999994;986.7472000000737;983.0848000000115;955.989999999997;956.8701999999971;991.8776000000452;983.0848000000115;989.3256000000594;983.0848000000115;975.9721000000015;975.9721000000015;975.9721000000015;975.3560000000016;937.0656999999958;975.9721000000015;954.669699999997;983.0848000000115;
5731.775378815459;986.7472000000737;983.0848000000115;955.989999999997;956.8701999999971;991.8776000000452;983.0848000000115;989.3256000000594;983.0848000000115;975.9721000000015;975.9721000000015;975.9721000000015;975.3560000000016;937.0656999999958;975.9721000000015;954.669699999997;983.0848000000115;
5732.775383591796;986.7384000000737;983.0848000000115;955.989999999997;956.8701999999971;991.8688000000452;983.0848000000115;989.3080000000595;983.0848000000115;975.9721000000015;975.9721000000015;975.9721000000015;975.3560000000016;937.0656999999958;975.9721000000015;954.669699999997;983.0848000000115;
5732.999999999993;986.7296000000738;983.0848000000115;955.989999999997;956.8701999999971;991.8688000000452;983.0848000000115;989.2992000000595;983.0848000000115;975.9721000000015;975.9721000000015;975.9721000000015;975.3560000000016;937.0656999999958;975.9721000000015;954.669699999997;983.0848000000115;
5733.775388368133;986.7296000000738;983.0848000000115;955.989999999997;956.8701999999971;991.8688000000452;983.0848000000115;989.2992000000595;983.0848000000115;975.9721000000015;975.9721000000015;975.9721000000015;975.3560000000016;937.0656999999958;975.9721000000015;954.669699999997;983.0848000000115;
5734.999999999993;986.7296000000738;983.0848000000115;955.989999999997;956.8701999999971;991.8688000000452;983.0848000000115;989.2992000000595;983.0848000000115;975.9721000000015;975.9721000000015;975.9721000000015;975.3560000000016;937.0656999999958;975.9721000000015;954.669699999997;983.0848000000115;
5735.999999999993;986.7296000000738;983.0848000000115;955.989999999997;956.8701999999971;991.8688000000452;983.0848000000115;989.2992000000595;983.0848000000115;975.9721000000015;975.9721000000015;975.9721000000015;975.3560000000016;937.0656999999958;975.9721000000015;954.669699999997;983.0848000000115;
5736.999999999993;986.7296000000738;983.0848000000115;955.989999999997;956.8701999999971;991.8688000000452;983.0848000000115;989.2992000000595;983.0848000000115;975.9721000000015;975.9721000000015;975.9721000000015;975.3560000000016;937.0656999999958;975.9721000000015;954.669699999997;983.0848000000115;
5737.999999999993;986.7296000000738;983.0848000000115;955.989999999997;956.8701999999971;991.8688000000452;983.0848000000115;989.2992000000595;983.0848000000115;975.9721000000015;975.9721000000015;975.9721000000015;975.3560000000016;937.0656999999958;975.9721000000015;954.669699999997;983.0848000000115;
5738.999999999993;986.7296000000738;983.0848000000115;955.989999999997;956.8701999999971;991.8688000000452;983.0848000000115;989.2992000000595;983.0848000000115;975.9721000000015;975.9721000000015;975.9721000000015;975.3560000000016;937.0656999999958;975.9721000000015;954.669699999997;983.0848000000115;
5739.999999999993;986.7296000000738;983.0848000000115;955.989999999997;956.8701999999971;991.8688000000452;983.0848000000115;989.2992000000595;983.0848000000115;975.9721000000015;975.9721000000015;975.9721000000015;975.3560000000016;937.0656999999958;975.9721000000015;954.669699999997;983.0848000000115;
5740.999999999993;986.7296000000738;983.0848000000115;955.989999999997;956.8701999999971;991.8688000000452;983.0848000000115;989.2992000000595;983.0848000000115;975.9721000000015;975.9721000000015;975.9721000000015;975.3560000000016;937.0656999999958;975.9721000000015;954.669699999997;983.0848000000115;
5741.999999999993;986.7296000000738;983.0848000000115;955.989999999997;956.8701999999971;991.8688000000452;983.0848000000115;989.2992000000595;983.0848000000115;975.9721000000015;975.9721000000015;975.9721000000015;975.3560000000016;937.0656999999958;975.9721000000015;954.669699999997;983.0848000000115;
5742.999999999993;986.7296000000738;983.0848000000115;955.989999999997;956.8701999999971;991.8688000000452;983.0848000000115;989.2992000000595;983.0848000000115;975.9721000000015;975.9721000000015;975.9721000000015;975.3560000000016;937.0656999999958;975.9721000000015;954.669699999997;983.0848000000115;
5743.999999999993;986.7296000000738;983.0848000000115;955.989999999997;956.8701999999971;991.8688000000452;983.0848000000115;989.2992000000595;983.0848000000115;975.9721000000015;975.9721000000015;975.9721000000015;975.3560000000016;937.0656999999958;975.9721000000015;954.669699999997;983.0848000000115;
5744.999999999993;986.7296000000738;983.0848000000115;955.989999999997;956.8701999999971;991.8688000000452;983.0848000000115;989.2992000000595;983.0848000000115;975.9721000000015;975.9721000000015;975.9721000000015;975.3560000000016;937.0656999999958;975.9721000000015;954.669699999997;983.0848000000115;
5745.999999999993;986.7296000000738;983.0848000000115;955.989999999997;956.8701999999971;991.8688000000452;983.0848000000115;989.2992000000595;983.0848000000115;975.9721000000015;975.9721000000015;975.9721000000015;975.3560000000016;937.0656999999958;975.9721000000015;954.669699999997;983.0848000000115;
5746.999999999993;986.7296000000738;983.0848000000115;955.989999999997;956.8701999999971;991.8688000000452;983.0848000000115;989.2992000000595;983.0848000000115;975.9721000000015;975.9721000000015;975.9721000000015;975.3560000000016;937.0656999999958;975.9721000000015;954.669699999997;983.0848000000115;
5747.999999999993;986.7296000000738;983.0848000000115;955.989999999997;956.8701999999971;991.8688000000452;983.0848000000115;989.2992000000595;983.0848000000115;975.9721000000015;975.9721000000015;975.9721000000015;975.3560000000016;937.0656999999958;975.9721000000015;954.669699999997;983.0848000000115;
5748.999999999993;986.7296000000738;983.0848000000115;955.989999999997;956.8701999999971;991.8688000000452;983.0848000000115;989.2992000000595;983.0848000000115;975.9721000000015;975.9721000000015;975.9721000000015;975.3560000000016;937.0656999999958;975.9721000000015;954.669699999997;983.0848000000115;
5749.999999999993;986.7296000000738;983.0848000000115;955.989999999997;956.8701999999971;991.8688000000452;983.0848000000115;989.2992000000595;983.0848000000115;975.9721000000015;975.9721000000015;975.9721000000015;975.3560000000016;937.0656999999958;975.9721000000015;954.669699999997;983.0848000000115;
5750.999999999993;986.7296000000738;983.0848000000115;955.989999999997;956.8701999999971;991.8688000000452;983.0848000000115;989.2992000000595;983.0848000000115;975.9721000000015;975.9721000000015;975.9721000000015;975.3560000000016;937.0656999999958;975.9721000000015;954.669699999997;983.0848000000115;
5751.999999999993;986.7296000000738;983.0848000000115;955.989999999997;956.8701999999971;991.8688000000452;983.0848000000115;989.2992000000595;983.0848000000115;975.9721000000015;975.9721000000015;975.9721000000015;975.3560000000016;937.0656999999958;975.9721000000015;954.669699999997;983.0848000000115;
5752.999999999993;986.7296000000738;983.0848000000115;955.989999999997;956.8701999999971;991.8688000000452;983.0848000000115;989.2992000000595;983.0848000000115;975.9721000000015;975.9721000000015;975.9721000000015;975.3560000000016;937.0656999999958;975.9721000000015;954.669699999997;983.0848000000115;
5753.999999999993;986.7296000000738;983.0848000000115;955.989999999997;956.8701999999971;991.8688000000452;983.0848000000115;989.2992000000595;983.0848000000115;975.9721000000015;975.9721000000015;975.9721000000015;975.3560000000016;937.0656999999958;975.9721000000015;954.669699999997;983.0848000000115;
5754.999999999993;986.7296000000738;983.0848000000115;955.989999999997;956.8701999999971;991.8688000000452;983.0848000000115;989.2992000000595;983.0848000000115;975.9721000000015;975.9721000000015;975.9721000000015;975.3560000000016;937.0656999999958;975.9721000000015;954.669699999997;983.0848000000115;
5755.999999999993;986.7296000000738;983.0848000000115;955.989999999997;956.8701999999971;991.8688000000452;983.0848000000115;989.2992000000595;983.0848000000115;975.9721000000015;975.9721000000015;975.9721000000015;975.3560000000016;937.0656999999958;975.9721000000015;954.669699999997;983.0848000000115;
5756.999999999993;986.7296000000738;983.0848000000115;955.989999999997;956.8701999999971;991.8688000000452;983.0848000000115;989.2992000000595;983.0848000000115;975.9721000000015;975.9721000000015;975.9721000000015;975.3560000000016;937.0656999999958;975.9721000000015;954.669699999997;983.0848000000115;
5757.999999999993;986.7296000000738;983.0848000000115;955.989999999997;956.8701999999971;991.8688000000452;983.0848000000115;989.2992000000595;983.0848000000115;975.9721000000015;975.9721000000015;975.9721000000015;975.3560000000016;937.0656999999958;975.9721000000015;954.669699999997;983.0848000000115;
5758.999999999993;986.7296000000738;983.0848000000115;955.989999999997;956.8701999999971;991.8688000000452;983.0848000000115;989.2992000000595;983.0848000000115;975.9721000000015;975.9721000000015;975.9721000000015;975.3560000000016;937.0656999999958;975.9721000000015;954.669699999997;983.0848000000115;
5759.770026000517;986.7296000000738;983.0848000000115;955.989999999997;956.8701999999971;991.8688000000452;983.0847000000115;989.2992000000595;983.0848000000115;975.9721000000015;975.9721000000015;975.9721000000015;975.3560000000016;937.0656999999958;975.9721000000015;954.669699999997;983.0848000000115;
5759.770026000517;986.7296000000738;983.0848000000115;955.989999999997;956.8701999999971;991.8688000000452;982.9967000000115;989.2992000000595;983.0848000000115;975.9721000000015;975.9721000000015;975.9721000000015;975.3560000000016;937.0656999999958;975.9721000000015;954.669699999997;983.0848000000115;
5759.7753420005165;986.7208000000738;983.0848000000115;955.989999999997;956.8701999999971;991.8688000000452;982.9967000000115;989.2992000000595;983.0848000000115;975.9721000000015;975.9721000000015;975.9721000000015;975.3560000000016;937.0656999999958;975.9721000000015;954.669699999997;983.0848000000115;
5759.7753420005165;986.7120000000739;983.0848000000115;955.989999999997;956.8701999999971;991.8688000000452;982.9967000000115;989.2992000000595;983.0848000000115;975.9721000000015;975.9721000000015;975.9721000000015;975.3560000000016;937.0656999999958;975.9721000000015;954.669699999997;983.0848000000115;
5759.780658000516;986.7120000000739;983.0848000000115;955.989999999997;956.8701999999971;991.8688000000452;982.9967000000115;989.2904000000595;983.0848000000115;975.9721000000015;975.9721000000015;975.9721000000015;975.3560000000016;937.0656999999958;975.9721000000015;954.669699999997;983.0848000000115;
5759.8041669351915;986.7120000000739;983.0848000000115;955.9898999999971;956.8701999999971;991.8688000000452;982.9967000000115;989.2904000000595;983.0848000000115;975.9721000000015;975.9721000000015;975.9721000000015;975.3560000000016;937.0656999999958;975.9721000000015;954.669699999997;983.0848000000115;
5759.8041669351915;986.7120000000739;983.0848000000115;955.549899999997;956.8701999999971;991.8688000000452;982.9967000000115;989.2904000000595;983.0848000000115;975.9721000000015;975.9721000000015;975.9721000000015;975.3560000000016;937.0656999999958;975.9721000000015;954.669699999997;983.0848000000115;
5759.809482935191;986.7032000000739;983.0848000000115;955.549899999997;956.8701999999971;991.8688000000452;982.9967000000115;989.2904000000595;983.0848000000115;975.9721000000015;975.9721000000015;975.9721000000015;975.3560000000016;937.0656999999958;975.9721000000015;954.669699999997;983.0848000000115;
5759.822466903393;986.7032000000739;983.0848000000115;955.549899999997;956.8701999999971;991.8688000000452;982.9967000000115;989.2904000000595;983.0848000000115;975.9721000000015;975.9721000000015;975.9721000000015;975.3560000000016;937.0655999999958;975.9721000000015;954.669699999997;983.0848000000115;
5759.822466903393;986.7032000000739;983.0848000000115;955.549899999997;956.8701999999971;991.8688000000452;982.9967000000115;989.2904000000595;983.0848000000115;975.9721000000015;975.9721000000015;975.9721000000015;975.3560000000016;936.6255999999958;975.9721000000015;954.669699999997;983.0848000000115;
5759.827782903393;986.7032000000739;983.0848000000115;955.549899999997;956.8701999999971;991.8600000000453;982.9967000000115;989.2904000000595;983.0848000000115;975.9721000000015;975.9721000000015;975.9721000000015;975.3560000000016;936.6255999999958;975.9721000000015;954.669699999997;983.0848000000115;
5759.827782903393;986.7032000000739;983.0848000000115;955.549899999997;956.8701999999971;991.8512000000453;982.9967000000115;989.2904000000595;983.0848000000115;975.9721000000015;975.9721000000015;975.9721000000015;975.3560000000016;936.6255999999958;975.9721000000015;954.669699999997;983.0848000000115;
5760.7753467768525;986.685600000074;982.9967000000115;955.549899999997;956.8701999999971;991.8424000000454;982.9967000000115;989.2816000000596;982.9967000000115;975.9721000000015;975.9721000000015;975.9721000000015;975.3560000000016;936.6255999999958;975.9721000000015;954.2295999999969;982.9967000000115;
5760.99999999999;986.6768000000741;982.9967000000115;955.549899999997;956.8701999999971;991.8336000000454;982.9967000000115;989.2640000000597;982.9967000000115;975.9721000000015;975.9721000000015;975.9721000000015;975.3560000000016;936.6255999999958;975.9721000000015;954.2295999999969;982.9967000000115;
5761.775351553189;986.6768000000741;982.9967000000115;955.549899999997;956.8701999999971;991.8336000000454;982.9967000000115;989.2640000000597;982.9967000000115;975.9721000000015;975.9721000000015;975.9721000000015;975.3560000000016;936.6255999999958;975.9721000000015;954.2295999999969;982.9967000000115;
5762.7753563295255;986.6680000000741;982.9967000000115;955.549899999997;956.8701999999971;991.8336000000454;982.9967000000115;989.2552000000597;982.9967000000115;975.9721000000015;975.9721000000015;975.9721000000015;975.3560000000016;936.6255999999958;975.9721000000015;954.2295999999969;982.9967000000115;
5763.775361105862;986.6592000000742;982.9967000000115;955.549899999997;956.8701999999971;991.8336000000454;982.9967000000115;989.2464000000598;982.9967000000115;975.9721000000015;975.9721000000015;975.9721000000015;975.3560000000016;936.6255999999958;975.9721000000015;954.2295999999969;982.9967000000115;
5763.999999999989;986.6592000000742;982.9967000000115;955.549899999997;956.8701999999971;991.8336000000454;982.9967000000115;989.2464000000598;982.9967000000115;975.9721000000015;975.9721000000015;975.9721000000015;975.3560000000016;936.6255999999958;975.9721000000015;954.2295999999969;982.9967000000115;
5764.999999999989;986.6592000000742;982.9967000000115;955.549899999997;956.8701999999971;991.8336000000454;982.9967000000115;989.2464000000598;982.9967000000115;975.9721000000015;975.9721000000015;975.9721000000015;975.3560000000016;936.6255999999958;975.9721000000015;954.2295999999969;982.9967000000115;
5765.999999999989;986.6592000000742;982.9967000000115;955.549899999997;956.8701999999971;991.8336000000454;982.9967000000115;989.2464000000598;982.9967000000115;975.9721000000015;975.9721000000015;975.9721000000015;975.3560000000016;936.6255999999958;975.9721000000015;954.2295999999969;982.9967000000115;
5766.999999999989;986.6592000000742;982.9967000000115;955.549899999997;956.8701999999971;991.8336000000454;982.9967000000115;989.2464000000598;982.9967000000115;975.9721000000015;975.9721000000015;975.9721000000015;975.3560000000016;936.6255999999958;975.9721000000015;954.2295999999969;982.9967000000115;
5767.999999999989;986.6592000000742;982.9967000000115;955.549899999997;956.8701999999971;991.8336000000454;982.9967000000115;989.2464000000598;982.9967000000115;975.9721000000015;975.9721000000015;975.9721000000015;975.3560000000016;936.6255999999958;975.9721000000015;954.2295999999969;982.9967000000115;
5768.999999999989;986.6592000000742;982.9967000000115;955.549899999997;956.8701999999971;991.8336000000454;982.9967000000115;989.2464000000598;982.9967000000115;975.9721000000015;975.9721000000015;975.9721000000015;975.3560000000016;936.6255999999958;975.9721000000015;954.2295999999969;982.9967000000115;
5769.999999999989;986.6592000000742;982.9967000000115;955.549899999997;956.8701999999971;991.8336000000454;982.9967000000115;989.2464000000598;982.9967000000115;975.9721000000015;975.9721000000015;975.9721000000015;975.3560000000016;936.6255999999958;975.9721000000015;954.2295999999969;982.9967000000115;
5770.999999999989;986.6592000000742;982.9967000000115;955.549899999997;956.8701999999971;991.8336000000454;982.9967000000115;989.2464000000598;982.9967000000115;975.9721000000015;975.9721000000015;975.9721000000015;975.3560000000016;936.6255999999958;975.9721000000015;954.2295999999969;982.9967000000115;
5771.999999999989;986.6592000000742;982.9967000000115;955.549899999997;956.8701999999971;991.8336000000454;982.9967000000115;989.2464000000598;982.9967000000115;975.9721000000015;975.9721000000015;975.9721000000015;975.3560000000016;936.6255999999958;975.9721000000015;954.2295999999969;982.9967000000115;
5772.999999999989;986.6592000000742;982.9967000000115;955.549899999997;956.8701999999971;991.8336000000454;982.9967000000115;989.2464000000598;982.9967000000115;975.9721000000015;975.9721000000015;975.9721000000015;975.3560000000016;936.6255999999958;975.9721000000015;954.2295999999969;982.9967000000115;
5773.999999999989;986.6592000000742;982.9967000000115;955.549899999997;956.8701999999971;991.8336000000454;982.9967000000115;989.2464000000598;982.9967000000115;975.9721000000015;975.9721000000015;975.9721000000015;975.3560000000016;936.6255999999958;975.9721000000015;954.2295999999969;982.9967000000115;
5774.999999999989;986.6592000000742;982.9967000000115;955.549899999997;956.8701999999971;991.8336000000454;982.9967000000115;989.2464000000598;982.9967000000115;975.9721000000015;975.9721000000015;975.9721000000015;975.3560000000016;936.6255999999958;975.9721000000015;954.2295999999969;982.9967000000115;
5775.999999999989;986.6592000000742;982.9967000000115;955.549899999997;956.8701999999971;991.8336000000454;982.9967000000115;989.2464000000598;982.9967000000115;975.9721000000015;975.9721000000015;975.9721000000015;975.3560000000016;936.6255999999958;975.9721000000015;954.2295999999969;982.9967000000115;
5776.999999999989;986.6592000000742;982.9967000000115;955.549899999997;956.8701999999971;991.8336000000454;982.9967000000115;989.2464000000598;982.9967000000115;975.9721000000015;975.9721000000015;975.9721000000015;975.3560000000016;936.6255999999958;975.9721000000015;954.2295999999969;982.9967000000115;
5777.999999999989;986.6592000000742;982.9967000000115;955.549899999997;956.8701999999971;991.8336000000454;982.9967000000115;989.2464000000598;982.9967000000115;975.9721000000015;975.9721000000015;975.9721000000015;975.3560000000016;936.6255999999958;975.9721000000015;954.2295999999969;982.9967000000115;
5778.999999999989;986.6592000000742;982.9967000000115;955.549899999997;956.8701999999971;991.8336000000454;982.9967000000115;989.2464000000598;982.9967000000115;975.9721000000015;975.9721000000015;975.9721000000015;975.3560000000016;936.6255999999958;975.9721000000015;954.2295999999969;982.9967000000115;
5779.999999999989;986.6592000000742;982.9967000000115;955.549899999997;956.8701999999971;991.8336000000454;982.9967000000115;989.2464000000598;982.9967000000115;975.9721000000015;975.9721000000015;975.9721000000015;975.3560000000016;936.6255999999958;975.9721000000015;954.2295999999969;982.9967000000115;
5780.999999999989;986.6592000000742;982.9967000000115;955.549899999997;956.8701999999971;991.8336000000454;982.9967000000115;989.2464000000598;982.9967000000115;975.9721000000015;975.9721000000015;975.9721000000015;975.3560000000016;936.6255999999958;975.9721000000015;954.2295999999969;982.9967000000115;
5781.999999999989;986.6592000000742;982.9967000000115;955.549899999997;956.8701999999971;991.8336000000454;982.9967000000115;989.2464000000598;982.9967000000115;975.9721000000015;975.9721000000015;975.9721000000015;975.3560000000016;936.6255999999958;975.9721000000015;954.2295999999969;982.9967000000115;
5782.999999999989;986.6592000000742;982.9967000000115;955.549899999997;956.8701999999971;991.8336000000454;982.9967000000115;989.2464000000598;982.9967000000115;975.9721000000015;975.9721000000015;975.9721000000015;975.3560000000016;936.6255999999958;975.9721000000015;954.2295999999969;982.9967000000115;
5783.999999999989;986.6592000000742;982.9967000000115;955.549899999997;956.8701999999971;991.8336000000454;982.9967000000115;989.2464000000598;982.9967000000115;975.9721000000015;975.9721000000015;975.9721000000015;975.3560000000016;936.6255999999958;975.9721000000015;954.2295999999969;982.9967000000115;
5784.999999999989;986.6592000000742;982.9967000000115;955.549899999997;956.8701999999971;991.8336000000454;982.9967000000115;989.2464000000598;982.9967000000115;975.9721000000015;975.9721000000015;975.9721000000015;975.3560000000016;936.6255999999958;975.9721000000015;954.2295999999969;982.9967000000115;
5785.999999999989;986.6592000000742;982.9967000000115;955.549899999997;956.8701999999971;991.8336000000454;982.9967000000115;989.2464000000598;982.9967000000115;975.9721000000015;975.9721000000015;975.9721000000015;975.3560000000016;936.6255999999958;975.9721000000015;954.2295999999969;982.9967000000115;
5786.999999999989;986.6592000000742;982.9967000000115;955.549899999997;956.8701999999971;991.8336000000454;982.9967000000115;989.2464000000598;982.9967000000115;975.9721000000015;975.9721000000015;975.9721000000015;975.3560000000016;936.6255999999958;975.9721000000015;954.2295999999969;982.9967000000115;
5787.999999999989;986.6592000000742;982.9967000000115;955.549899999997;956.8701999999971;991.8336000000454;982.9967000000115;989.2464000000598;982.9967000000115;975.9721000000015;975.9721000000015;975.9721000000015;975.3560000000016;936.6255999999958;975.9721000000015;954.2295999999969;982.9967000000115;
5788.999999999989;986.6592000000742;982.9967000000115;955.549899999997;956.8701999999971;991.8336000000454;982.9967000000115;989.2464000000598;982.9967000000115;975.9721000000015;975.9721000000015;975.9721000000015;975.3560000000016;936.6255999999958;975.9721000000015;954.2295999999969;982.9967000000115;
5789.769998738247;986.6592000000742;982.9967000000115;955.549899999997;956.8701999999971;991.8336000000454;982.9966000000115;989.2464000000598;982.9967000000115;975.9721000000015;975.9721000000015;975.9721000000015;975.3560000000016;936.6255999999958;975.9721000000015;954.2295999999969;982.9967000000115;
5789.769998738247;986.6592000000742;982.9967000000115;955.549899999997;956.8701999999971;991.8336000000454;982.9086000000116;989.2464000000598;982.9967000000115;975.9721000000015;975.9721000000015;975.9721000000015;975.3560000000016;936.6255999999958;975.9721000000015;954.2295999999969;982.9967000000115;
5789.775314738246;986.6504000000742;982.9967000000115;955.549899999997;956.8701999999971;991.8336000000454;982.9086000000116;989.2464000000598;982.9967000000115;975.9721000000015;975.9721000000015;975.9721000000015;975.3560000000016;936.6255999999958;975.9721000000015;954.2295999999969;982.9967000000115;
5789.775314738246;986.6416000000743;982.9967000000115;955.549899999997;956.8701999999971;991.8336000000454;982.9086000000116;989.2464000000598;982.9967000000115;975.9721000000015;975.9721000000015;975.9721000000015;975.3560000000016;936.6255999999958;975.9721000000015;954.2295999999969;982.9967000000115;
5789.780630738246;986.6416000000743;982.9967000000115;955.549899999997;956.8701999999971;991.8336000000454;982.9086000000116;989.2376000000598;982.9967000000115;975.9721000000015;975.9721000000015;975.9721000000015;975.3560000000016;936.6255999999958;975.9721000000015;954.2295999999969;982.9967000000115;
5789.820739293261;986.6416000000743;982.9967000000115;955.549899999997;956.8701999999971;991.8336000000454;982.9086000000116;989.2376000000598;982.9967000000115;975.9721000000015;975.9721000000015;975.9721000000015;975.3560000000016;936.6254999999958;975.9721000000015;954.2295999999969;982.9967000000115;
5789.820739293261;986.6416000000743;982.9967000000115;955.549899999997;956.8701999999971;991.8336000000454;982.9086000000116;989.2376000000598;982.9967000000115;975.9721000000015;975.9721000000015;975.9721000000015;975.3560000000016;936.1854999999957;975.9721000000015;954.2295999999969;982.9967000000115;
5789.826055293261;986.6416000000743;982.9967000000115;955.549899999997;956.8701999999971;991.8248000000455;982.9086000000116;989.2376000000598;982.9967000000115;975.9721000000015;975.9721000000015;975.9721000000015;975.3560000000016;936.1854999999957;975.9721000000015;954.2295999999969;982.9967000000115;
5789.826055293261;986.6416000000743;982.9967000000115;955.549899999997;956.8701999999971;991.8160000000455;982.9086000000116;989.2376000000598;982.9967000000115;975.9721000000015;975.9721000000015;975.9721000000015;975.3560000000016;936.1854999999957;975.9721000000015;954.2295999999969;982.9967000000115;
5789.83137129326;986.6416000000743;982.9967000000115;955.549899999997;956.8701999999971;991.8160000000455;982.9086000000116;989.2288000000599;982.9967000000115;975.9721000000015;975.9721000000015;975.9721000000015;975.3560000000016;936.1854999999957;975.9721000000015;954.2295999999969;982.9967000000115;
5789.941429786906;986.6416000000743;982.9967000000115;955.549899999997;956.8701999999971;991.8160000000455;982.9086000000116;989.2288000000599;982.9966000000115;975.9721000000015;975.9721000000015;975.9721000000015;975.3560000000016;936.1854999999957;975.9721000000015;954.2295999999969;982.9967000000115;
5789.941429786906;986.6416000000743;982.9967000000115;955.549899999997;956.8701999999971;991.8160000000455;982.9086000000116;989.2288000000599;982.9086000000116;975.9721000000015;975.9721000000015;975.9721000000015;975.3560000000016;936.1854999999957;975.9721000000015;954.2295999999969;982.9967000000115;
5790.7753195145815;986.6240000000744;982.9086000000116;955.549899999997;956.4300999999971;991.7984000000456;982.9086000000116;989.2288000000599;982.9086000000116;975.9721000000015;975.9721000000015;975.9721000000015;975.3560000000016;936.1854999999957;975.9721000000015;953.7894999999969;982.9086000000116;
5791.775324290918;986.6152000000744;982.9086000000116;955.549899999997;956.4300999999971;991.7896000000457;982.9086000000116;989.21120000006;982.9086000000116;975.9721000000015;975.9721000000015;975.9721000000015;975.3560000000016;936.1854999999957;975.9721000000015;953.7894999999969;982.9086000000116;
5791.826034999214;986.6064000000745;982.9086000000116;955.549899999997;956.4300999999971;991.7896000000457;982.9086000000116;989.20240000006;982.9086000000116;975.9721000000015;975.9721000000015;975.9721000000015;975.3560000000016;936.1854999999957;975.9721000000015;953.7894999999969;982.9086000000116;
5792.775329067255;986.6064000000745;982.9086000000116;955.549899999997;956.4300999999971;991.7808000000457;982.9086000000116;989.1936000000601;982.9086000000116;975.9721000000015;975.9721000000015;975.9721000000015;975.3560000000016;936.1854999999957;975.9721000000015;953.7894999999969;982.9086000000116;
5793.999999999985;986.6064000000745;982.9086000000116;955.549899999997;956.4300999999971;991.7808000000457;982.9086000000116;989.1936000000601;982.9086000000116;975.9721000000015;975.9721000000015;975.9721000000015;975.3560000000016;936.1854999999957;975.9721000000015;953.7894999999969;982.9086000000116;
5794.999999999985;986.6064000000745;982.9086000000116;955.549899999997;956.4300999999971;991.7808000000457;982.9086000000116;989.1936000000601;982.9086000000116;975.9721000000015;975.9721000000015;975.9721000000015;975.3560000000016;936.1854999999957;975.9721000000015;953.7894999999969;982.9086000000116;
5795.999999999985;986.6064000000745;982.9086000000116;955.549899999997;956.4300999999971;991.7808000000457;982.9086000000116;989.1936000000601;982.9086000000116;975.9721000000015;975.9721000000015;975.9721000000015;975.3560000000016;936.1854999999957;975.9721000000015;953.7894999999969;982.9086000000116;
5796.999999999985;986.6064000000745;982.9086000000116;955.549899999997;956.4300999999971;991.7808000000457;982.9086000000116;989.1936000000601;982.9086000000116;975.9721000000015;975.9721000000015;975.9721000000015;975.3560000000016;936.1854999999957;975.9721000000015;953.7894999999969;982.9086000000116;
5797.999999999985;986.6064000000745;982.9086000000116;955.549899999997;956.4300999999971;991.7808000000457;982.9086000000116;989.1936000000601;982.9086000000116;975.9721000000015;975.9721000000015;975.9721000000015;975.3560000000016;936.1854999999957;975.9721000000015;953.7894999999969;982.9086000000116;
5798.999999999985;986.6064000000745;982.9086000000116;955.549899999997;956.4300999999971;991.7808000000457;982.9086000000116;989.1936000000601;982.9086000000116;975.9721000000015;975.9721000000015;975.9721000000015;975.3560000000016;936.1854999999957;975.9721000000015;953.7894999999969;982.9086000000116;
5799.999999999985;986.6064000000745;982.9086000000116;955.549899999997;956.4300999999971;991.7808000000457;982.9086000000116;989.1936000000601;982.9086000000116;975.9721000000015;975.9721000000015;975.9721000000015;975.3560000000016;936.1854999999957;975.9721000000015;953.7894999999969;982.9086000000116;
5800.999999999985;986.6064000000745;982.9086000000116;955.549899999997;956.4300999999971;991.7808000000457;982.9086000000116;989.1936000000601;982.9086000000116;975.9721000000015;975.9721000000015;975.9721000000015;975.3560000000016;936.1854999999957;975.9721000000015;953.7894999999969;982.9086000000116;
5801.999999999985;986.6064000000745;982.9086000000116;955.549899999997;956.4300999999971;991.7808000000457;982.9086000000116;989.1936000000601;982.9086000000116;975.9721000000015;975.9721000000015;975.9721000000015;975.3560000000016;936.1854999999957;975.9721000000015;953.7894999999969;982.9086000000116;
5802.999999999985;986.6064000000745;982.9086000000116;955.549899999997;956.4300999999971;991.7808000000457;982.9086000000116;989.1936000000601;982.9086000000116;975.9721000000015;975.9721000000015;975.9721000000015;975.3560000000016;936.1854999999957;975.9721000000015;953.7894999999969;982.9086000000116;
5803.999999999985;986.6064000000745;982.9086000000116;955.549899999997;956.4300999999971;991.7808000000457;982.9086000000116;989.1936000000601;982.9086000000116;975.9721000000015;975.9721000000015;975.9721000000015;975.3560000000016;936.1854999999957;975.9721000000015;953.7894999999969;982.9086000000116;
5804.999999999985;986.6064000000745;982.9086000000116;955.549899999997;956.4300999999971;991.7808000000457;982.9086000000116;989.1936000000601;982.9086000000116;975.9721000000015;975.9721000000015;975.9721000000015;975.3560000000016;936.1854999999957;975.9721000000015;953.7894999999969;982.9086000000116;
5805.999999999985;986.6064000000745;982.9086000000116;955.549899999997;956.4300999999971;991.7808000000457;982.9086000000116;989.1936000000601;982.9086000000116;975.9721000000015;975.9721000000015;975.9721000000015;975.3560000000016;936.1854999999957;975.9721000000015;953.7894999999969;982.9086000000116;
5806.999999999985;986.6064000000745;982.9086000000116;955.549899999997;956.4300999999971;991.7808000000457;982.9086000000116;989.1936000000601;982.9086000000116;975.9721000000015;975.9721000000015;975.9721000000015;975.3560000000016;936.1854999999957;975.9721000000015;953.7894999999969;982.9086000000116;
5807.999999999985;986.6064000000745;982.9086000000116;955.549899999997;956.4300999999971;991.7808000000457;982.9086000000116;989.1936000000601;982.9086000000116;975.9721000000015;975.9721000000015;975.9721000000015;975.3560000000016;936.1854999999957;975.9721000000015;953.7894999999969;982.9086000000116;
5808.999999999985;986.6064000000745;982.9086000000116;955.549899999997;956.4300999999971;991.7808000000457;982.9086000000116;989.1936000000601;982.9086000000116;975.9721000000015;975.9721000000015;975.9721000000015;975.3560000000016;936.1854999999957;975.9721000000015;953.7894999999969;982.9086000000116;
5809.999999999985;986.6064000000745;982.9086000000116;955.549899999997;956.4300999999971;991.7808000000457;982.9086000000116;989.1936000000601;982.9086000000116;975.9721000000015;975.9721000000015;975.9721000000015;975.3560000000016;936.1854999999957;975.9721000000015;953.7894999999969;982.9086000000116;
5810.999999999985;986.6064000000745;982.9086000000116;955.549899999997;956.4300999999971;991.7808000000457;982.9086000000116;989.1936000000601;982.9086000000116;975.9721000000015;975.9721000000015;975.9721000000015;975.3560000000016;936.1854999999957;975.9721000000015;953.7894999999969;982.9086000000116;
5811.999999999985;986.6064000000745;982.9086000000116;955.549899999997;956.4300999999971;991.7808000000457;982.9086000000116;989.1936000000601;982.9086000000116;975.9721000000015;975.9721000000015;975.9721000000015;975.3560000000016;936.1854999999957;975.9721000000015;953.7894999999969;982.9086000000116;
5812.999999999985;986.6064000000745;982.9086000000116;955.549899999997;956.4300999999971;991.7808000000457;982.9086000000116;989.1936000000601;982.9086000000116;975.9721000000015;975.9721000000015;975.9721000000015;975.3560000000016;936.1854999999957;975.9721000000015;953.7894999999969;982.9086000000116;
5813.999999999985;986.6064000000745;982.9086000000116;955.549899999997;956.4300999999971;991.7808000000457;982.9086000000116;989.1936000000601;982.9086000000116;975.9721000000015;975.9721000000015;975.9721000000015;975.3560000000016;936.1854999999957;975.9721000000015;953.7894999999969;982.9086000000116;
5814.999999999985;986.6064000000745;982.9086000000116;955.549899999997;956.4300999999971;991.7808000000457;982.9086000000116;989.1936000000601;982.9086000000116;975.9721000000015;975.9721000000015;975.9721000000015;975.3560000000016;936.1854999999957;975.9721000000015;953.7894999999969;982.9086000000116;
5815.999999999985;986.6064000000745;982.9086000000116;955.549899999997;956.4300999999971;991.7808000000457;982.9086000000116;989.1936000000601;982.9086000000116;975.9721000000015;975.9721000000015;975.9721000000015;975.3560000000016;936.1854999999957;975.9721000000015;953.7894999999969;982.9086000000116;
5816.999999999985;986.6064000000745;982.9086000000116;955.549899999997;956.4300999999971;991.7808000000457;982.9086000000116;989.1936000000601;982.9086000000116;975.9721000000015;975.9721000000015;975.9721000000015;975.3560000000016;936.1854999999957;975.9721000000015;953.7894999999969;982.9086000000116;
5817.999999999985;986.6064000000745;982.9086000000116;955.549899999997;956.4300999999971;991.7808000000457;982.9086000000116;989.1936000000601;982.9086000000116;975.9721000000015;975.9721000000015;975.9721000000015;975.3560000000016;936.1854999999957;975.9721000000015;953.7894999999969;982.9086000000116;
5818.999999999985;986.6064000000745;982.9086000000116;955.549899999997;956.4300999999971;991.7808000000457;982.9086000000116;989.1936000000601;982.9086000000116;975.9721000000015;975.9721000000015;975.9721000000015;975.3560000000016;936.1854999999957;975.9721000000015;953.7894999999969;982.9086000000116;
5819.7699714759765;986.6064000000745;982.9086000000116;955.549899999997;956.4300999999971;991.7808000000457;982.9085000000116;989.1936000000601;982.9086000000116;975.9721000000015;975.9721000000015;975.9721000000015;975.3560000000016;936.1854999999957;975.9721000000015;953.7894999999969;982.9086000000116;
5819.7699714759765;986.6064000000745;982.9086000000116;955.549899999997;956.4300999999971;991.7808000000457;982.8205000000116;989.1936000000601;982.9086000000116;975.9721000000015;975.9721000000015;975.9721000000015;975.3560000000016;936.1854999999957;975.9721000000015;953.7894999999969;982.9086000000116;
5819.775287475976;986.5976000000745;982.9086000000116;955.549899999997;956.4300999999971;991.7808000000457;982.8205000000116;989.1936000000601;982.9086000000116;975.9721000000015;975.9721000000015;975.9721000000015;975.3560000000016;936.1854999999957;975.9721000000015;953.7894999999969;982.9086000000116;
5819.775287475976;986.5888000000746;982.9086000000116;955.549899999997;956.4300999999971;991.7808000000457;982.8205000000116;989.1936000000601;982.9086000000116;975.9721000000015;975.9721000000015;975.9721000000015;975.3560000000016;936.1854999999957;975.9721000000015;953.7894999999969;982.9086000000116;
5819.780603475976;986.5888000000746;982.9086000000116;955.549899999997;956.4300999999971;991.7808000000457;982.8205000000116;989.1848000000601;982.9086000000116;975.9721000000015;975.9721000000015;975.9721000000015;975.3560000000016;936.1854999999957;975.9721000000015;953.7894999999969;982.9086000000116;
5819.804174369329;986.5888000000746;982.9086000000116;955.549799999997;956.4300999999971;991.7808000000457;982.8205000000116;989.1848000000601;982.9086000000116;975.9721000000015;975.9721000000015;975.9721000000015;975.3560000000016;936.1854999999957;975.9721000000015;953.7894999999969;982.9086000000116;
5819.804174369329;986.5888000000746;982.9086000000116;955.109799999997;956.4300999999971;991.7808000000457;982.8205000000116;989.1848000000601;982.9086000000116;975.9721000000015;975.9721000000015;975.9721000000015;975.3560000000016;936.1854999999957;975.9721000000015;953.7894999999969;982.9086000000116;
5819.809490369329;986.5800000000746;982.9086000000116;955.109799999997;956.4300999999971;991.7808000000457;982.8205000000116;989.1848000000601;982.9086000000116;975.9721000000015;975.9721000000015;975.9721000000015;975.3560000000016;936.1854999999957;975.9721000000015;953.7894999999969;982.9086000000116;
5819.819011683127;986.5800000000746;982.9086000000116;955.109799999997;956.4300999999971;991.7808000000457;982.8205000000116;989.1848000000601;982.9086000000116;975.9721000000015;975.9721000000015;975.9721000000015;975.3560000000016;936.1853999999958;975.9721000000015;953.7894999999969;982.9086000000116;
5819.819011683127;986.5800000000746;982.9086000000116;955.109799999997;956.4300999999971;991.7808000000457;982.8205000000116;989.1848000000601;982.9086000000116;975.9721000000015;975.9721000000015;975.9721000000015;975.3560000000016;935.7453999999957;975.9721000000015;953.7894999999969;982.9086000000116;
5819.824327683127;986.5800000000746;982.9086000000116;955.109799999997;956.4300999999971;991.7720000000458;982.8205000000116;989.1848000000601;982.9086000000116;975.9721000000015;975.9721000000015;975.9721000000015;975.3560000000016;935.7453999999957;975.9721000000015;953.7894999999969;982.9086000000116;
5819.824327683127;986.5800000000746;982.9086000000116;955.109799999997;956.4300999999971;991.7632000000458;982.8205000000116;989.1848000000601;982.9086000000116;975.9721000000015;975.9721000000015;975.9721000000015;975.3560000000016;935.7453999999957;975.9721000000015;953.7894999999969;982.9086000000116;
5819.829643683127;986.5800000000746;982.9086000000116;955.109799999997;956.4300999999971;991.7632000000458;982.8205000000116;989.1760000000602;982.9086000000116;975.9721000000015;975.9721000000015;975.9721000000015;975.3560000000016;935.7453999999957;975.9721000000015;953.7894999999969;982.9086000000116;
5820.775292252312;986.5624000000747;982.8205000000116;955.109799999997;956.4300999999971;991.7632000000458;982.8205000000116;989.1760000000602;982.8205000000116;975.9721000000015;975.9721000000015;975.9721000000015;975.3560000000016;935.7453999999957;975.9721000000015;953.7894999999969;982.8205000000116;
5821.775297028649;986.5536000000748;982.8205000000116;955.109799999997;956.4300999999971;991.7632000000458;982.8205000000116;989.1672000000602;982.8205000000116;975.9721000000015;975.9721000000015;975.9721000000015;975.3560000000016;935.7453999999957;975.9721000000015;953.7894999999969;982.8205000000116;
5821.999999999983;986.5448000000748;982.8205000000116;955.109799999997;956.4300999999971;991.7632000000458;982.8205000000116;989.1584000000603;982.8205000000116;975.9721000000015;975.9721000000015;975.9721000000015;975.3560000000016;935.7453999999957;975.9721000000015;953.7894999999969;982.8205000000116;
5822.775301804986;986.5448000000748;982.8205000000116;955.109799999997;956.4300999999971;991.7632000000458;982.8205000000116;989.1584000000603;982.8205000000116;975.9721000000015;975.9721000000015;975.9721000000015;975.3560000000016;935.7453999999957;975.9721000000015;953.7894999999969;982.8205000000116;
5823.775306581323;986.5360000000749;982.8205000000116;955.109799999997;956.4300999999971;991.7632000000458;982.8205000000116;989.1496000000603;982.8205000000116;975.9721000000015;975.9721000000015;975.9721000000015;975.3560000000016;935.7453999999957;975.9721000000015;953.7894999999969;982.8205000000116;
5823.999999999983;986.5360000000749;982.8205000000116;955.109799999997;956.4300999999971;991.7632000000458;982.8205000000116;989.1496000000603;982.8205000000116;975.9721000000015;975.9721000000015;975.9721000000015;975.3560000000016;935.7453999999957;975.9721000000015;953.7894999999969;982.8205000000116;
5824.999999999983;986.5360000000749;982.8205000000116;955.109799999997;956.4300999999971;991.7632000000458;982.8205000000116;989.1496000000603;982.8205000000116;975.9721000000015;975.9721000000015;975.9721000000015;975.3560000000016;935.7453999999957;975.9721000000015;953.7894999999969;982.8205000000116;
5825.999999999983;986.5360000000749;982.8205000000116;955.109799999997;956.4300999999971;991.7632000000458;982.8205000000116;989.1496000000603;982.8205000000116;975.9721000000015;975.9721000000015;975.9721000000015;975.3560000000016;935.7453999999957;975.9721000000015;953.7894999999969;982.8205000000116;
5826.999999999983;986.5360000000749;982.8205000000116;955.109799999997;956.4300999999971;991.7632000000458;982.8205000000116;989.1496000000603;982.8205000000116;975.9721000000015;975.9721000000015;975.9721000000015;975.3560000000016;935.7453999999957;975.9721000000015;953.7894999999969;982.8205000000116;
5827.999999999983;986.5360000000749;982.8205000000116;955.109799999997;956.4300999999971;991.7632000000458;982.8205000000116;989.1496000000603;982.8205000000116;975.9721000000015;975.9721000000015;975.9721000000015;975.3560000000016;935.7453999999957;975.9721000000015;953.7894999999969;982.8205000000116;
5828.999999999983;986.5360000000749;982.8205000000116;955.109799999997;956.4300999999971;991.7632000000458;982.8205000000116;989.1496000000603;982.8205000000116;975.9721000000015;975.9721000000015;975.9721000000015;975.3560000000016;935.7453999999957;975.9721000000015;953.7894999999969;982.8205000000116;
5829.999999999983;986.5360000000749;982.8205000000116;955.109799999997;956.4300999999971;991.7632000000458;982.8205000000116;989.1496000000603;982.8205000000116;975.9721000000015;975.9721000000015;975.9721000000015;975.3560000000016;935.7453999999957;975.9721000000015;953.7894999999969;982.8205000000116;
5830.999999999983;986.5360000000749;982.8205000000116;955.109799999997;956.4300999999971;991.7632000000458;982.8205000000116;989.1496000000603;982.8205000000116;975.9721000000015;975.9721000000015;975.9721000000015;975.3560000000016;935.7453999999957;975.9721000000015;953.7894999999969;982.8205000000116;
5831.999999999983;986.5360000000749;982.8205000000116;955.109799999997;956.4300999999971;991.7632000000458;982.8205000000116;989.1496000000603;982.8205000000116;975.9721000000015;975.9721000000015;975.9721000000015;975.3560000000016;935.7453999999957;975.9721000000015;953.7894999999969;982.8205000000116;
5832.999999999983;986.5360000000749;982.8205000000116;955.109799999997;956.4300999999971;991.7632000000458;982.8205000000116;989.1496000000603;982.8205000000116;975.9721000000015;975.9721000000015;975.9721000000015;975.3560000000016;935.7453999999957;975.9721000000015;953.7894999999969;982.8205000000116;
5833.999999999983;986.5360000000749;982.8205000000116;955.109799999997;956.4300999999971;991.7632000000458;982.8205000000116;989.1496000000603;982.8205000000116;975.9721000000015;975.9721000000015;975.9721000000015;975.3560000000016;935.7453999999957;975.9721000000015;953.7894999999969;982.8205000000116;
5834.999999999983;986.5360000000749;982.8205000000116;955.109799999997;956.4300999999971;991.7632000000458;982.8205000000116;989.1496000000603;982.8205000000116;975.9721000000015;975.9721000000015;975.9721000000015;975.3560000000016;935.7453999999957;975.9721000000015;953.7894999999969;982.8205000000116;
5835.999999999983;986.5360000000749;982.8205000000116;955.109799999997;956.4300999999971;991.7632000000458;982.8205000000116;989.1496000000603;982.8205000000116;975.9721000000015;975.9721000000015;975.9721000000015;975.3560000000016;935.7453999999957;975.9721000000015;953.7894999999969;982.8205000000116;
5836.999999999983;986.5360000000749;982.8205000000116;955.109799999997;956.4300999999971;991.7632000000458;982.8205000000116;989.1496000000603;982.8205000000116;975.9721000000015;975.9721000000015;975.9721000000015;975.3560000000016;935.7453999999957;975.9721000000015;953.7894999999969;982.8205000000116;
5837.999999999983;986.5360000000749;982.8205000000116;955.109799999997;956.4300999999971;991.7632000000458;982.8205000000116;989.1496000000603;982.8205000000116;975.9721000000015;975.9721000000015;975.9721000000015;975.3560000000016;935.7453999999957;975.9721000000015;953.7894999999969;982.8205000000116;
5838.999999999983;986.5360000000749;982.8205000000116;955.109799999997;956.4300999999971;991.7632000000458;982.8205000000116;989.1496000000603;982.8205000000116;975.9721000000015;975.9721000000015;975.9721000000015;975.3560000000016;935.7453999999957;975.9721000000015;953.7894999999969;982.8205000000116;
5839.999999999983;986.5360000000749;982.8205000000116;955.109799999997;956.4300999999971;991.7632000000458;982.8205000000116;989.1496000000603;982.8205000000116;975.9721000000015;975.9721000000015;975.9721000000015;975.3560000000016;935.7453999999957;975.9721000000015;953.7894999999969;982.8205000000116;
5840.999999999983;986.5360000000749;982.8205000000116;955.109799999997;956.4300999999971;991.7632000000458;982.8205000000116;989.1496000000603;982.8205000000116;975.9721000000015;975.9721000000015;975.9721000000015;975.3560000000016;935.7453999999957;975.9721000000015;953.7894999999969;982.8205000000116;
5841.999999999983;986.5360000000749;982.8205000000116;955.109799999997;956.4300999999971;991.7632000000458;982.8205000000116;989.1496000000603;982.8205000000116;975.9721000000015;975.9721000000015;975.9721000000015;975.3560000000016;935.7453999999957;975.9721000000015;953.7894999999969;982.8205000000116;
5842.999999999983;986.5360000000749;982.8205000000116;955.109799999997;956.4300999999971;991.7632000000458;982.8205000000116;989.1496000000603;982.8205000000116;975.9721000000015;975.9721000000015;975.9721000000015;975.3560000000016;935.7453999999957;975.9721000000015;953.7894999999969;982.8205000000116;
5843.999999999983;986.5360000000749;982.8205000000116;955.109799999997;956.4300999999971;991.7632000000458;982.8205000000116;989.1496000000603;982.8205000000116;975.9721000000015;975.9721000000015;975.9721000000015;975.3560000000016;935.7453999999957;975.9721000000015;953.7894999999969;982.8205000000116;
5844.999999999983;986.5360000000749;982.8205000000116;955.109799999997;956.4300999999971;991.7632000000458;982.8205000000116;989.1496000000603;982.8205000000116;975.9721000000015;975.9721000000015;975.9721000000015;975.3560000000016;935.7453999999957;975.9721000000015;953.7894999999969;982.8205000000116;
5845.999999999983;986.5360000000749;982.8205000000116;955.109799999997;956.4300999999971;991.7632000000458;982.8205000000116;989.1496000000603;982.8205000000116;975.9721000000015;975.9721000000015;975.9721000000015;975.3560000000016;935.7453999999957;975.9721000000015;953.7894999999969;982.8205000000116;
5846.999999999983;986.5360000000749;982.8205000000116;955.109799999997;956.4300999999971;991.7632000000458;982.8205000000116;989.1496000000603;982.8205000000116;975.9721000000015;975.9721000000015;975.9721000000015;975.3560000000016;935.7453999999957;975.9721000000015;953.7894999999969;982.8205000000116;
5847.999999999983;986.5360000000749;982.8205000000116;955.109799999997;956.4300999999971;991.7632000000458;982.8205000000116;989.1496000000603;982.8205000000116;975.9721000000015;975.9721000000015;975.9721000000015;975.3560000000016;935.7453999999957;975.9721000000015;953.7894999999969;982.8205000000116;
5848.999999999983;986.5360000000749;982.8205000000116;955.109799999997;956.4300999999971;991.7632000000458;982.8205000000116;989.1496000000603;982.8205000000116;975.9721000000015;975.9721000000015;975.9721000000015;975.3560000000016;935.7453999999957;975.9721000000015;953.7894999999969;982.8205000000116;
5849.769944213707;986.5360000000749;982.8205000000116;955.109799999997;956.4300999999971;991.7632000000458;982.8204000000117;989.1496000000603;982.8205000000116;975.9721000000015;975.9721000000015;975.9721000000015;975.3560000000016;935.7453999999957;975.9721000000015;953.7894999999969;982.8205000000116;
5849.769944213707;986.5360000000749;982.8205000000116;955.109799999997;956.4300999999971;991.7632000000458;982.7324000000117;989.1496000000603;982.8205000000116;975.9721000000015;975.9721000000015;975.9721000000015;975.3560000000016;935.7453999999957;975.9721000000015;953.7894999999969;982.8205000000116;
5849.775260213707;986.5272000000749;982.8205000000116;955.109799999997;956.4300999999971;991.7632000000458;982.7324000000117;989.1496000000603;982.8205000000116;975.9721000000015;975.9721000000015;975.9721000000015;975.3560000000016;935.7453999999957;975.9721000000015;953.7894999999969;982.8205000000116;
5849.775260213707;986.518400000075;982.8205000000116;955.109799999997;956.4300999999971;991.7632000000458;982.7324000000117;989.1496000000603;982.8205000000116;975.9721000000015;975.9721000000015;975.9721000000015;975.3560000000016;935.7453999999957;975.9721000000015;953.7894999999969;982.8205000000116;
5849.780576213707;986.518400000075;982.8205000000116;955.109799999997;956.4300999999971;991.7632000000458;982.7324000000117;989.1408000000604;982.8205000000116;975.9721000000015;975.9721000000015;975.9721000000015;975.3560000000016;935.7453999999957;975.9721000000015;953.7894999999969;982.8205000000116;
5849.815115134781;986.518400000075;982.8205000000116;955.109799999997;956.4300999999971;991.7632000000458;982.7324000000117;989.1408000000604;982.8205000000116;975.9720000000016;975.9721000000015;975.9721000000015;975.3560000000016;935.7453999999957;975.9721000000015;953.7894999999969;982.8205000000116;
5849.815115134781;986.518400000075;982.8205000000116;955.109799999997;956.4300999999971;991.7632000000458;982.7324000000117;989.1408000000604;982.8205000000116;975.3560000000016;975.9721000000015;975.9721000000015;975.3560000000016;935.7453999999957;975.9721000000015;953.7894999999969;982.8205000000116;
5849.817284072996;986.518400000075;982.8205000000116;955.109799999997;956.4300999999971;991.7632000000458;982.7324000000117;989.1408000000604;982.8205000000116;975.3560000000016;975.9721000000015;975.9721000000015;975.3560000000016;935.7452999999957;975.9721000000015;953.7894999999969;982.8205000000116;
5849.817284072996;986.518400000075;982.8205000000116;955.109799999997;956.4300999999971;991.7632000000458;982.7324000000117;989.1408000000604;982.8205000000116;975.3560000000016;975.9721000000015;975.9721000000015;975.3560000000016;935.3052999999957;975.9721000000015;953.7894999999969;982.8205000000116;
5849.820431134781;986.509600000075;982.8205000000116;955.109799999997;956.4300999999971;991.7632000000458;982.7324000000117;989.1408000000604;982.8205000000116;975.3560000000016;975.9721000000015;975.9721000000015;975.3560000000016;935.3052999999957;975.9721000000015;953.7894999999969;982.8205000000116;
5849.822600072996;986.509600000075;982.8205000000116;955.109799999997;956.4300999999971;991.7544000000458;982.7324000000117;989.1408000000604;982.8205000000116;975.3560000000016;975.9721000000015;975.9721000000015;975.3560000000016;935.3052999999957;975.9721000000015;953.7894999999969;982.8205000000116;
5849.9415164047705;986.509600000075;982.8205000000116;955.109799999997;956.4300999999971;991.7456000000459;982.7324000000117;989.1320000000604;982.8204000000117;975.3560000000016;975.9721000000015;975.9721000000015;975.3560000000016;935.3052999999957;975.9721000000015;953.7894999999969;982.8205000000116;
5850.775264990043;986.4832000000752;982.7324000000117;955.109799999997;955.989999999997;991.7016000000461;982.7324000000117;989.1320000000604;982.7324000000117;975.3560000000016;975.3560000000016;975.3560000000016;974.7399000000016;935.3052999999957;975.3560000000016;953.3493999999969;982.7324000000117;
5851.775269766379;986.4744000000752;982.7324000000117;955.109799999997;955.989999999997;991.6928000000462;982.7324000000117;989.1144000000605;982.7324000000117;975.3560000000016;975.3560000000016;975.3560000000016;974.7399000000016;935.3052999999957;975.3560000000016;953.3493999999969;982.7324000000117;
5851.999999999979;986.4656000000753;982.7324000000117;955.109799999997;955.989999999997;991.6840000000462;982.7324000000117;989.0968000000606;982.7324000000117;975.3560000000016;975.3560000000016;975.3560000000016;974.7399000000016;935.3052999999957;975.3560000000016;953.3493999999969;982.7324000000117;
5852.775274542716;986.4656000000753;982.7324000000117;955.109799999997;955.989999999997;991.6840000000462;982.7324000000117;989.0968000000606;982.7324000000117;975.3560000000016;975.3560000000016;975.3560000000016;974.7399000000016;935.3052999999957;975.3560000000016;953.3493999999969;982.7324000000117;
5853.775279319052;986.4568000000753;982.7324000000117;955.109799999997;955.989999999997;991.6752000000463;982.7324000000117;989.0792000000607;982.7324000000117;975.3560000000016;975.3560000000016;975.3560000000016;974.7399000000016;935.3052999999957;975.3560000000016;953.3493999999969;982.7324000000117;
5854.775284095389;986.4480000000754;982.7324000000117;955.109799999997;955.989999999997;991.6664000000463;982.7324000000117;989.0616000000608;982.7324000000117;975.3560000000016;975.3560000000016;975.3560000000016;974.7399000000016;935.3052999999957;975.3560000000016;953.3493999999969;982.7324000000117;
5854.822549337881;986.4480000000754;982.7324000000117;955.109799999997;955.989999999997;991.6664000000463;982.7324000000117;989.0616000000608;982.7324000000117;975.3560000000016;975.3560000000016;975.3560000000016;974.7399000000016;935.3052999999957;975.3560000000016;953.3493999999969;982.7324000000117;
5855.822539190859;986.4480000000754;982.7324000000117;955.109799999997;955.989999999997;991.6576000000464;982.7324000000117;989.0528000000609;982.7324000000117;975.3560000000016;975.3560000000016;975.3560000000016;974.7399000000016;935.3052999999957;975.3560000000016;953.3493999999969;982.7324000000117;
5856.999999999977;986.4480000000754;982.7324000000117;955.109799999997;955.989999999997;991.6576000000464;982.7324000000117;989.0528000000609;982.7324000000117;975.3560000000016;975.3560000000016;975.3560000000016;974.7399000000016;935.3052999999957;975.3560000000016;953.3493999999969;982.7324000000117;
5857.999999999977;986.4480000000754;982.7324000000117;955.109799999997;955.989999999997;991.6576000000464;982.7324000000117;989.0528000000609;982.7324000000117;975.3560000000016;975.3560000000016;975.3560000000016;974.7399000000016;935.3052999999957;975.3560000000016;953.3493999999969;982.7324000000117;
5858.999999999977;986.4480000000754;982.7324000000117;955.109799999997;955.989999999997;991.6576000000464;982.7324000000117;989.0528000000609;982.7324000000117;975.3560000000016;975.3560000000016;975.3560000000016;974.7399000000016;935.3052999999957;975.3560000000016;953.3493999999969;982.7324000000117;
5859.999999999977;986.4480000000754;982.7324000000117;955.109799999997;955.989999999997;991.6576000000464;982.7324000000117;989.0528000000609;982.7324000000117;975.3560000000016;975.3560000000016;975.3560000000016;974.7399000000016;935.3052999999957;975.3560000000016;953.3493999999969;982.7324000000117;
5860.999999999977;986.4480000000754;982.7324000000117;955.109799999997;955.989999999997;991.6576000000464;982.7324000000117;989.0528000000609;982.7324000000117;975.3560000000016;975.3560000000016;975.3560000000016;974.7399000000016;935.3052999999957;975.3560000000016;953.3493999999969;982.7324000000117;
5861.999999999977;986.4480000000754;982.7324000000117;955.109799999997;955.989999999997;991.6576000000464;982.7324000000117;989.0528000000609;982.7324000000117;975.3560000000016;975.3560000000016;975.3560000000016;974.7399000000016;935.3052999999957;975.3560000000016;953.3493999999969;982.7324000000117;
5862.999999999977;986.4480000000754;982.7324000000117;955.109799999997;955.989999999997;991.6576000000464;982.7324000000117;989.0528000000609;982.7324000000117;975.3560000000016;975.3560000000016;975.3560000000016;974.7399000000016;935.3052999999957;975.3560000000016;953.3493999999969;982.7324000000117;
5863.999999999977;986.4480000000754;982.7324000000117;955.109799999997;955.989999999997;991.6576000000464;982.7324000000117;989.0528000000609;982.7324000000117;975.3560000000016;975.3560000000016;975.3560000000016;974.7399000000016;935.3052999999957;975.3560000000016;953.3493999999969;982.7324000000117;
5864.999999999977;986.4480000000754;982.7324000000117;955.109799999997;955.989999999997;991.6576000000464;982.7324000000117;989.0528000000609;982.7324000000117;975.3560000000016;975.3560000000016;975.3560000000016;974.7399000000016;935.3052999999957;975.3560000000016;953.3493999999969;982.7324000000117;
5865.999999999977;986.4480000000754;982.7324000000117;955.109799999997;955.989999999997;991.6576000000464;982.7324000000117;989.0528000000609;982.7324000000117;975.3560000000016;975.3560000000016;975.3560000000016;974.7399000000016;935.3052999999957;975.3560000000016;953.3493999999969;982.7324000000117;
5866.999999999977;986.4480000000754;982.7324000000117;955.109799999997;955.989999999997;991.6576000000464;982.7324000000117;989.0528000000609;982.7324000000117;975.3560000000016;975.3560000000016;975.3560000000016;974.7399000000016;935.3052999999957;975.3560000000016;953.3493999999969;982.7324000000117;
5867.999999999977;986.4480000000754;982.7324000000117;955.109799999997;955.989999999997;991.6576000000464;982.7324000000117;989.0528000000609;982.7324000000117;975.3560000000016;975.3560000000016;975.3560000000016;974.7399000000016;935.3052999999957;975.3560000000016;953.3493999999969;982.7324000000117;
5868.999999999977;986.4480000000754;982.7324000000117;955.109799999997;955.989999999997;991.6576000000464;982.7324000000117;989.0528000000609;982.7324000000117;975.3560000000016;975.3560000000016;975.3560000000016;974.7399000000016;935.3052999999957;975.3560000000016;953.3493999999969;982.7324000000117;
5869.999999999977;986.4480000000754;982.7324000000117;955.109799999997;955.989999999997;991.6576000000464;982.7324000000117;989.0528000000609;982.7324000000117;975.3560000000016;975.3560000000016;975.3560000000016;974.7399000000016;935.3052999999957;975.3560000000016;953.3493999999969;982.7324000000117;
5870.999999999977;986.4480000000754;982.7324000000117;955.109799999997;955.989999999997;991.6576000000464;982.7324000000117;989.0528000000609;982.7324000000117;975.3560000000016;975.3560000000016;975.3560000000016;974.7399000000016;935.3052999999957;975.3560000000016;953.3493999999969;982.7324000000117;
5871.999999999977;986.4480000000754;982.7324000000117;955.109799999997;955.989999999997;991.6576000000464;982.7324000000117;989.0528000000609;982.7324000000117;975.3560000000016;975.3560000000016;975.3560000000016;974.7399000000016;935.3052999999957;975.3560000000016;953.3493999999969;982.7324000000117;
5872.999999999977;986.4480000000754;982.7324000000117;955.109799999997;955.989999999997;991.6576000000464;982.7324000000117;989.0528000000609;982.7324000000117;975.3560000000016;975.3560000000016;975.3560000000016;974.7399000000016;935.3052999999957;975.3560000000016;953.3493999999969;982.7324000000117;
5873.999999999977;986.4480000000754;982.7324000000117;955.109799999997;955.989999999997;991.6576000000464;982.7324000000117;989.0528000000609;982.7324000000117;975.3560000000016;975.3560000000016;975.3560000000016;974.7399000000016;935.3052999999957;975.3560000000016;953.3493999999969;982.7324000000117;
5874.999999999977;986.4480000000754;982.7324000000117;955.109799999997;955.989999999997;991.6576000000464;982.7324000000117;989.0528000000609;982.7324000000117;975.3560000000016;975.3560000000016;975.3560000000016;974.7399000000016;935.3052999999957;975.3560000000016;953.3493999999969;982.7324000000117;
5875.999999999977;986.4480000000754;982.7324000000117;955.109799999997;955.989999999997;991.6576000000464;982.7324000000117;989.0528000000609;982.7324000000117;975.3560000000016;975.3560000000016;975.3560000000016;974.7399000000016;935.3052999999957;975.3560000000016;953.3493999999969;982.7324000000117;
5876.999999999977;986.4480000000754;982.7324000000117;955.109799999997;955.989999999997;991.6576000000464;982.7324000000117;989.0528000000609;982.7324000000117;975.3560000000016;975.3560000000016;975.3560000000016;974.7399000000016;935.3052999999957;975.3560000000016;953.3493999999969;982.7324000000117;
5877.999999999977;986.4480000000754;982.7324000000117;955.109799999997;955.989999999997;991.6576000000464;982.7324000000117;989.0528000000609;982.7324000000117;975.3560000000016;975.3560000000016;975.3560000000016;974.7399000000016;935.3052999999957;975.3560000000016;953.3493999999969;982.7324000000117;
5878.999999999977;986.4480000000754;982.7324000000117;955.109799999997;955.989999999997;991.6576000000464;982.7324000000117;989.0528000000609;982.7324000000117;975.3560000000016;975.3560000000016;975.3560000000016;974.7399000000016;935.3052999999957;975.3560000000016;953.3493999999969;982.7324000000117;
5879.769916951435;986.4480000000754;982.7324000000117;955.109799999997;955.989999999997;991.6576000000464;982.7323000000117;989.0528000000609;982.7324000000117;975.3560000000016;975.3560000000016;975.3560000000016;974.7399000000016;935.3052999999957;975.3560000000016;953.3493999999969;982.7324000000117;
5879.769916951435;986.4480000000754;982.7324000000117;955.109799999997;955.989999999997;991.6576000000464;982.6443000000118;989.0528000000609;982.7324000000117;975.3560000000016;975.3560000000016;975.3560000000016;974.7399000000016;935.3052999999957;975.3560000000016;953.3493999999969;982.7324000000117;
5879.775232951435;986.4392000000754;982.7324000000117;955.109799999997;955.989999999997;991.6576000000464;982.6443000000118;989.0528000000609;982.7324000000117;975.3560000000016;975.3560000000016;975.3560000000016;974.7399000000016;935.3052999999957;975.3560000000016;953.3493999999969;982.7324000000117;
5879.775232951435;986.4304000000755;982.7324000000117;955.109799999997;955.989999999997;991.6576000000464;982.6443000000118;989.0528000000609;982.7324000000117;975.3560000000016;975.3560000000016;975.3560000000016;974.7399000000016;935.3052999999957;975.3560000000016;953.3493999999969;982.7324000000117;
5879.780548951435;986.4304000000755;982.7324000000117;955.109799999997;955.989999999997;991.6576000000464;982.6443000000118;989.0440000000609;982.7324000000117;975.3560000000016;975.3560000000016;975.3560000000016;974.7399000000016;935.3052999999957;975.3560000000016;953.3493999999969;982.7324000000117;
5879.804181803467;986.4304000000755;982.7324000000117;955.109699999997;955.989999999997;991.6576000000464;982.6443000000118;989.0440000000609;982.7324000000117;975.3560000000016;975.3560000000016;975.3560000000016;974.7399000000016;935.3052999999957;975.3560000000016;953.3493999999969;982.7324000000117;
5879.804181803467;986.4304000000755;982.7324000000117;954.669699999997;955.989999999997;991.6576000000464;982.6443000000118;989.0440000000609;982.7324000000117;975.3560000000016;975.3560000000016;975.3560000000016;974.7399000000016;935.3052999999957;975.3560000000016;953.3493999999969;982.7324000000117;
5879.809497803467;986.4216000000755;982.7324000000117;954.669699999997;955.989999999997;991.6576000000464;982.6443000000118;989.0440000000609;982.7324000000117;975.3560000000016;975.3560000000016;975.3560000000016;974.7399000000016;935.3052999999957;975.3560000000016;953.3493999999969;982.7324000000117;
5879.815556462861;986.4216000000755;982.7324000000117;954.669699999997;955.989999999997;991.6576000000464;982.6443000000118;989.0440000000609;982.7324000000117;975.3560000000016;975.3560000000016;975.3560000000016;974.7399000000016;935.3051999999957;975.3560000000016;953.3493999999969;982.7324000000117;
5879.815556462861;986.4216000000755;982.7324000000117;954.669699999997;955.989999999997;991.6576000000464;982.6443000000118;989.0440000000609;982.7324000000117;975.3560000000016;975.3560000000016;975.3560000000016;974.7399000000016;934.8651999999956;975.3560000000016;953.3493999999969;982.7324000000117;
5879.820872462861;986.4216000000755;982.7324000000117;954.669699999997;955.989999999997;991.6488000000464;982.6443000000118;989.0440000000609;982.7324000000117;975.3560000000016;975.3560000000016;975.3560000000016;974.7399000000016;934.8651999999956;975.3560000000016;953.3493999999969;982.7324000000117;
5879.9999999999745;986.4040000000756;982.6443000000118;954.669699999997;955.989999999997;991.6400000000465;982.6443000000118;989.035200000061;982.6443000000118;975.3560000000016;975.3560000000016;975.3560000000016;974.7399000000016;934.8651999999956;975.3560000000016;953.3493999999969;982.7324000000117;
5880.77523772777;986.4040000000756;982.6443000000118;954.669699999997;955.989999999997;991.6312000000465;982.6443000000118;989.035200000061;982.6443000000118;975.3560000000016;975.3560000000016;975.3560000000016;974.7399000000016;934.8651999999956;975.3560000000016;952.9092999999968;982.6443000000118;
5881.775242504107;986.3952000000756;982.6443000000118;954.669699999997;955.989999999997;991.6224000000466;982.6443000000118;989.0176000000611;982.6443000000118;975.3560000000016;975.3560000000016;975.3560000000016;974.7399000000016;934.8651999999956;975.3560000000016;952.9092999999968;982.6443000000118;
5882.775247280444;986.3864000000757;982.6443000000118;954.669699999997;955.989999999997;991.6224000000466;982.6443000000118;989.0088000000611;982.6443000000118;975.3560000000016;975.3560000000016;975.3560000000016;974.7399000000016;934.8651999999956;975.3560000000016;952.9092999999968;982.6443000000118;
5882.999999999974;986.3776000000757;982.6443000000118;954.669699999997;955.989999999997;991.6224000000466;982.6443000000118;989.0000000000612;982.6443000000118;975.3560000000016;975.3560000000016;975.3560000000016;974.7399000000016;934.8651999999956;975.3560000000016;952.9092999999968;982.6443000000118;
5883.775252056781;986.3776000000757;982.6443000000118;954.669699999997;955.989999999997;991.6224000000466;982.6443000000118;989.0000000000612;982.6443000000118;975.3560000000016;975.3560000000016;975.3560000000016;974.7399000000016;934.8651999999956;975.3560000000016;952.9092999999968;982.6443000000118;
5884.999999999974;986.3776000000757;982.6443000000118;954.669699999997;955.989999999997;991.6224000000466;982.6443000000118;989.0000000000612;982.6443000000118;975.3560000000016;975.3560000000016;975.3560000000016;974.7399000000016;934.8651999999956;975.3560000000016;952.9092999999968;982.6443000000118;
5885.999999999974;986.3776000000757;982.6443000000118;954.669699999997;955.989999999997;991.6224000000466;982.6443000000118;989.0000000000612;982.6443000000118;975.3560000000016;975.3560000000016;975.3560000000016;974.7399000000016;934.8651999999956;975.3560000000016;952.9092999999968;982.6443000000118;
5886.999999999974;986.3776000000757;982.6443000000118;954.669699999997;955.989999999997;991.6224000000466;982.6443000000118;989.0000000000612;982.6443000000118;975.3560000000016;975.3560000000016;975.3560000000016;974.7399000000016;934.8651999999956;975.3560000000016;952.9092999999968;982.6443000000118;
5887.999999999974;986.3776000000757;982.6443000000118;954.669699999997;955.989999999997;991.6224000000466;982.6443000000118;989.0000000000612;982.6443000000118;975.3560000000016;975.3560000000016;975.3560000000016;974.7399000000016;934.8651999999956;975.3560000000016;952.9092999999968;982.6443000000118;
5888.999999999974;986.3776000000757;982.6443000000118;954.669699999997;955.989999999997;991.6224000000466;982.6443000000118;989.0000000000612;982.6443000000118;975.3560000000016;975.3560000000016;975.3560000000016;974.7399000000016;934.8651999999956;975.3560000000016;952.9092999999968;982.6443000000118;
5889.999999999974;986.3776000000757;982.6443000000118;954.669699999997;955.989999999997;991.6224000000466;982.6443000000118;989.0000000000612;982.6443000000118;975.3560000000016;975.3560000000016;975.3560000000016;974.7399000000016;934.8651999999956;975.3560000000016;952.9092999999968;982.6443000000118;
5890.999999999974;986.3776000000757;982.6443000000118;954.669699999997;955.989999999997;991.6224000000466;982.6443000000118;989.0000000000612;982.6443000000118;975.3560000000016;975.3560000000016;975.3560000000016;974.7399000000016;934.8651999999956;975.3560000000016;952.9092999999968;982.6443000000118;
5891.999999999974;986.3776000000757;982.6443000000118;954.669699999997;955.989999999997;991.6224000000466;982.6443000000118;989.0000000000612;982.6443000000118;975.3560000000016;975.3560000000016;975.3560000000016;974.7399000000016;934.8651999999956;975.3560000000016;952.9092999999968;982.6443000000118;
5892.999999999974;986.3776000000757;982.6443000000118;954.669699999997;955.989999999997;991.6224000000466;982.6443000000118;989.0000000000612;982.6443000000118;975.3560000000016;975.3560000000016;975.3560000000016;974.7399000000016;934.8651999999956;975.3560000000016;952.9092999999968;982.6443000000118;
5893.999999999974;986.3776000000757;982.6443000000118;954.669699999997;955.989999999997;991.6224000000466;982.6443000000118;989.0000000000612;982.6443000000118;975.3560000000016;975.3560000000016;975.3560000000016;974.7399000000016;934.8651999999956;975.3560000000016;952.9092999999968;982.6443000000118;
5894.999999999974;986.3776000000757;982.6443000000118;954.669699999997;955.989999999997;991.6224000000466;982.6443000000118;989.0000000000612;982.6443000000118;975.3560000000016;975.3560000000016;975.3560000000016;974.7399000000016;934.8651999999956;975.3560000000016;952.9092999999968;982.6443000000118;
5895.999999999974;986.3776000000757;982.6443000000118;954.669699999997;955.989999999997;991.6224000000466;982.6443000000118;989.0000000000612;982.6443000000118;975.3560000000016;975.3560000000016;975.3560000000016;974.7399000000016;934.8651999999956;975.3560000000016;952.9092999999968;982.6443000000118;
5896.999999999974;986.3776000000757;982.6443000000118;954.669699999997;955.989999999997;991.6224000000466;982.6443000000118;989.0000000000612;982.6443000000118;975.3560000000016;975.3560000000016;975.3560000000016;974.7399000000016;934.8651999999956;975.3560000000016;952.9092999999968;982.6443000000118;
5897.999999999974;986.3776000000757;982.6443000000118;954.669699999997;955.989999999997;991.6224000000466;982.6443000000118;989.0000000000612;982.6443000000118;975.3560000000016;975.3560000000016;975.3560000000016;974.7399000000016;934.8651999999956;975.3560000000016;952.9092999999968;982.6443000000118;
5898.999999999974;986.3776000000757;982.6443000000118;954.669699999997;955.989999999997;991.6224000000466;982.6443000000118;989.0000000000612;982.6443000000118;975.3560000000016;975.3560000000016;975.3560000000016;974.7399000000016;934.8651999999956;975.3560000000016;952.9092999999968;982.6443000000118;
5899.999999999974;986.3776000000757;982.6443000000118;954.669699999997;955.989999999997;991.6224000000466;982.6443000000118;989.0000000000612;982.6443000000118;975.3560000000016;975.3560000000016;975.3560000000016;974.7399000000016;934.8651999999956;975.3560000000016;952.9092999999968;982.6443000000118;
5900.999999999974;986.3776000000757;982.6443000000118;954.669699999997;955.989999999997;991.6224000000466;982.6443000000118;989.0000000000612;982.6443000000118;975.3560000000016;975.3560000000016;975.3560000000016;974.7399000000016;934.8651999999956;975.3560000000016;952.9092999999968;982.6443000000118;
5901.999999999974;986.3776000000757;982.6443000000118;954.669699999997;955.989999999997;991.6224000000466;982.6443000000118;989.0000000000612;982.6443000000118;975.3560000000016;975.3560000000016;975.3560000000016;974.7399000000016;934.8651999999956;975.3560000000016;952.9092999999968;982.6443000000118;
5902.999999999974;986.3776000000757;982.6443000000118;954.669699999997;955.989999999997;991.6224000000466;982.6443000000118;989.0000000000612;982.6443000000118;975.3560000000016;975.3560000000016;975.3560000000016;974.7399000000016;934.8651999999956;975.3560000000016;952.9092999999968;982.6443000000118;
5903.999999999974;986.3776000000757;982.6443000000118;954.669699999997;955.989999999997;991.6224000000466;982.6443000000118;989.0000000000612;982.6443000000118;975.3560000000016;975.3560000000016;975.3560000000016;974.7399000000016;934.8651999999956;975.3560000000016;952.9092999999968;982.6443000000118;
5904.999999999974;986.3776000000757;982.6443000000118;954.669699999997;955.989999999997;991.6224000000466;982.6443000000118;989.0000000000612;982.6443000000118;975.3560000000016;975.3560000000016;975.3560000000016;974.7399000000016;934.8651999999956;975.3560000000016;952.9092999999968;982.6443000000118;
5905.999999999974;986.3776000000757;982.6443000000118;954.669699999997;955.989999999997;991.6224000000466;982.6443000000118;989.0000000000612;982.6443000000118;975.3560000000016;975.3560000000016;975.3560000000016;974.7399000000016;934.8651999999956;975.3560000000016;952.9092999999968;982.6443000000118;
5906.999999999974;986.3776000000757;982.6443000000118;954.669699999997;955.989999999997;991.6224000000466;982.6443000000118;989.0000000000612;982.6443000000118;975.3560000000016;975.3560000000016;975.3560000000016;974.7399000000016;934.8651999999956;975.3560000000016;952.9092999999968;982.6443000000118;
5907.999999999974;986.3776000000757;982.6443000000118;954.669699999997;955.989999999997;991.6224000000466;982.6443000000118;989.0000000000612;982.6443000000118;975.3560000000016;975.3560000000016;975.3560000000016;974.7399000000016;934.8651999999956;975.3560000000016;952.9092999999968;982.6443000000118;
5908.999999999974;986.3776000000757;982.6443000000118;954.669699999997;955.989999999997;991.6224000000466;982.6443000000118;989.0000000000612;982.6443000000118;975.3560000000016;975.3560000000016;975.3560000000016;974.7399000000016;934.8651999999956;975.3560000000016;952.9092999999968;982.6443000000118;
5909.769889689166;986.3776000000757;982.6443000000118;954.669699999997;955.989999999997;991.6224000000466;982.6442000000118;989.0000000000612;982.6443000000118;975.3560000000016;975.3560000000016;975.3560000000016;974.7399000000016;934.8651999999956;975.3560000000016;952.9092999999968;982.6443000000118;
5909.769889689166;986.3776000000757;982.6443000000118;954.669699999997;955.989999999997;991.6224000000466;982.5562000000118;989.0000000000612;982.6443000000118;975.3560000000016;975.3560000000016;975.3560000000016;974.7399000000016;934.8651999999956;975.3560000000016;952.9092999999968;982.6443000000118;
5909.775205689166;986.3688000000758;982.6443000000118;954.669699999997;955.989999999997;991.6224000000466;982.5562000000118;989.0000000000612;982.6443000000118;975.3560000000016;975.3560000000016;975.3560000000016;974.7399000000016;934.8651999999956;975.3560000000016;952.9092999999968;982.6443000000118;
5909.775205689166;986.3600000000758;982.6443000000118;954.669699999997;955.989999999997;991.6224000000466;982.5562000000118;989.0000000000612;982.6443000000118;975.3560000000016;975.3560000000016;975.3560000000016;974.7399000000016;934.8651999999956;975.3560000000016;952.9092999999968;982.6443000000118;
5909.780521689166;986.3600000000758;982.6443000000118;954.669699999997;955.989999999997;991.6224000000466;982.5562000000118;988.9912000000612;982.6443000000118;975.3560000000016;975.3560000000016;975.3560000000016;974.7399000000016;934.8651999999956;975.3560000000016;952.9092999999968;982.6443000000118;
5909.941603022635;986.3600000000758;982.6443000000118;954.669699999997;955.989999999997;991.6224000000466;982.5562000000118;988.9912000000612;982.6442000000118;975.3560000000016;975.3560000000016;975.3560000000016;974.7399000000016;934.8651999999956;975.3560000000016;952.9092999999968;982.6443000000118;
5909.941603022635;986.3600000000758;982.6443000000118;954.669699999997;955.989999999997;991.6224000000466;982.5562000000118;988.9912000000612;982.5562000000118;975.3560000000016;975.3560000000016;975.3560000000016;974.7399000000016;934.8651999999956;975.3560000000016;952.9092999999968;982.6443000000118;
5909.946919022635;986.3512000000759;982.6443000000118;954.669699999997;955.989999999997;991.6224000000466;982.5562000000118;988.9912000000612;982.5562000000118;975.3560000000016;975.3560000000016;975.3560000000016;974.7399000000016;934.8651999999956;975.3560000000016;952.9092999999968;982.6443000000118;
5909.9483031010495;986.3512000000759;982.6443000000118;954.669699999997;955.9898999999971;991.6224000000466;982.5562000000118;988.9912000000612;982.5562000000118;975.3560000000016;975.3560000000016;975.3560000000016;974.7399000000016;934.8651999999956;975.3560000000016;952.9092999999968;982.6443000000118;
5909.9483031010495;986.3512000000759;982.6443000000118;954.669699999997;955.549899999997;991.6224000000466;982.5562000000118;988.9912000000612;982.5562000000118;975.3560000000016;975.3560000000016;975.3560000000016;974.7399000000016;934.8651999999956;975.3560000000016;952.9092999999968;982.6443000000118;
5909.953619101049;986.3512000000759;982.6443000000118;954.669699999997;955.549899999997;991.6136000000466;982.5562000000118;988.9912000000612;982.5562000000118;975.3560000000016;975.3560000000016;975.3560000000016;974.7399000000016;934.8651999999956;975.3560000000016;952.9092999999968;982.6443000000118;
5909.953619101049;986.3512000000759;982.6443000000118;954.669699999997;955.549899999997;991.6048000000467;982.5562000000118;988.9912000000612;982.5562000000118;975.3560000000016;975.3560000000016;975.3560000000016;974.7399000000016;934.8651999999956;975.3560000000016;952.9092999999968;982.6443000000118;
5910.232611795599;986.3424000000759;982.5562000000118;954.669699999997;955.549899999997;991.6048000000467;982.5562000000118;988.9824000000613;982.5562000000118;975.3560000000016;975.3560000000016;975.3560000000016;974.7399000000016;934.8651999999956;975.3560000000016;952.9091999999969;982.5562000000118;
5910.953608954026;986.333600000076;982.5562000000118;954.669699999997;955.549899999997;991.5960000000467;982.5562000000118;988.9736000000613;982.5562000000118;975.3560000000016;975.3560000000016;975.3560000000016;974.7399000000016;934.8651999999956;975.3560000000016;952.4691999999968;982.5562000000118;
5911.775215241839;986.333600000076;982.5562000000118;954.669699999997;955.549899999997;991.5872000000468;982.5562000000118;988.9648000000614;982.5562000000118;975.3560000000016;975.3560000000016;975.3560000000016;974.7399000000016;934.8651999999956;975.3560000000016;952.4691999999968;982.5562000000118;
5912.775220018176;986.324800000076;982.5562000000118;954.669699999997;955.549899999997;991.5872000000468;982.5562000000118;988.9560000000614;982.5562000000118;975.3560000000016;975.3560000000016;975.3560000000016;974.7399000000016;934.8651999999956;975.3560000000016;952.4691999999968;982.5562000000118;
5912.999999999972;986.324800000076;982.5562000000118;954.669699999997;955.549899999997;991.5872000000468;982.5562000000118;988.9560000000614;982.5562000000118;975.3560000000016;975.3560000000016;975.3560000000016;974.7399000000016;934.8651999999956;975.3560000000016;952.4691999999968;982.5562000000118;
5913.999999999972;986.324800000076;982.5562000000118;954.669699999997;955.549899999997;991.5872000000468;982.5562000000118;988.9560000000614;982.5562000000118;975.3560000000016;975.3560000000016;975.3560000000016;974.7399000000016;934.8651999999956;975.3560000000016;952.4691999999968;982.5562000000118;
5914.999999999972;986.324800000076;982.5562000000118;954.669699999997;955.549899999997;991.5872000000468;982.5562000000118;988.9560000000614;982.5562000000118;975.3560000000016;975.3560000000016;975.3560000000016;974.7399000000016;934.8651999999956;975.3560000000016;952.4691999999968;982.5562000000118;
5915.999999999972;986.324800000076;982.5562000000118;954.669699999997;955.549899999997;991.5872000000468;982.5562000000118;988.9560000000614;982.5562000000118;975.3560000000016;975.3560000000016;975.3560000000016;974.7399000000016;934.8651999999956;975.3560000000016;952.4691999999968;982.5562000000118;
5916.999999999972;986.324800000076;982.5562000000118;954.669699999997;955.549899999997;991.5872000000468;982.5562000000118;988.9560000000614;982.5562000000118;975.3560000000016;975.3560000000016;975.3560000000016;974.7399000000016;934.8651999999956;975.3560000000016;952.4691999999968;982.5562000000118;
5917.999999999972;986.324800000076;982.5562000000118;954.669699999997;955.549899999997;991.5872000000468;982.5562000000118;988.9560000000614;982.5562000000118;975.3560000000016;975.3560000000016;975.3560000000016;974.7399000000016;934.8651999999956;975.3560000000016;952.4691999999968;982.5562000000118;
5918.999999999972;986.324800000076;982.5562000000118;954.669699999997;955.549899999997;991.5872000000468;982.5562000000118;988.9560000000614;982.5562000000118;975.3560000000016;975.3560000000016;975.3560000000016;974.7399000000016;934.8651999999956;975.3560000000016;952.4691999999968;982.5562000000118;
5919.999999999972;986.324800000076;982.5562000000118;954.669699999997;955.549899999997;991.5872000000468;982.5562000000118;988.9560000000614;982.5562000000118;975.3560000000016;975.3560000000016;975.3560000000016;974.7399000000016;934.8651999999956;975.3560000000016;952.4691999999968;982.5562000000118;
5920.999999999972;986.324800000076;982.5562000000118;954.669699999997;955.549899999997;991.5872000000468;982.5562000000118;988.9560000000614;982.5562000000118;975.3560000000016;975.3560000000016;975.3560000000016;974.7399000000016;934.8651999999956;975.3560000000016;952.4691999999968;982.5562000000118;
5921.999999999972;986.324800000076;982.5562000000118;954.669699999997;955.549899999997;991.5872000000468;982.5562000000118;988.9560000000614;982.5562000000118;975.3560000000016;975.3560000000016;975.3560000000016;974.7399000000016;934.8651999999956;975.3560000000016;952.4691999999968;982.5562000000118;
5922.999999999972;986.324800000076;982.5562000000118;954.669699999997;955.549899999997;991.5872000000468;982.5562000000118;988.9560000000614;982.5562000000118;975.3560000000016;975.3560000000016;975.3560000000016;974.7399000000016;934.8651999999956;975.3560000000016;952.4691999999968;982.5562000000118;
5923.999999999972;986.324800000076;982.5562000000118;954.669699999997;955.549899999997;991.5872000000468;982.5562000000118;988.9560000000614;982.5562000000118;975.3560000000016;975.3560000000016;975.3560000000016;974.7399000000016;934.8651999999956;975.3560000000016;952.4691999999968;982.5562000000118;
5924.999999999972;986.324800000076;982.5562000000118;954.669699999997;955.549899999997;991.5872000000468;982.5562000000118;988.9560000000614;982.5562000000118;975.3560000000016;975.3560000000016;975.3560000000016;974.7399000000016;934.8651999999956;975.3560000000016;952.4691999999968;982.5562000000118;
5925.015011153863;986.324800000076;982.5562000000118;954.669699999997;955.549899999997;991.5872000000468;982.5562000000118;988.9560000000614;982.5562000000118;975.3560000000016;975.3560000000016;975.3560000000016;974.7398000000017;934.8651999999956;975.3560000000016;952.4691999999968;982.5562000000118;
5925.015011153863;986.324800000076;982.5562000000118;954.669699999997;955.549899999997;991.5872000000468;982.5562000000118;988.9560000000614;982.5562000000118;975.3560000000016;975.3560000000016;975.3560000000016;974.1238000000017;934.8651999999956;975.3560000000016;952.4691999999968;982.5562000000118;
5925.020327153863;986.324800000076;982.5562000000118;954.669699999997;955.549899999997;991.5784000000468;982.5562000000118;988.9560000000614;982.5562000000118;975.3560000000016;975.3560000000016;975.3560000000016;974.1238000000017;934.8651999999956;975.3560000000016;952.4691999999968;982.5562000000118;
5925.020327153863;986.324800000076;982.5562000000118;954.669699999997;955.549899999997;991.5696000000469;982.5562000000118;988.9560000000614;982.5562000000118;975.3560000000016;975.3560000000016;975.3560000000016;974.1238000000017;934.8651999999956;975.3560000000016;952.4691999999968;982.5562000000118;
5925.025643153863;986.324800000076;982.5562000000118;954.669699999997;955.549899999997;991.5696000000469;982.5562000000118;988.9472000000615;982.5562000000118;975.3560000000016;975.3560000000016;975.3560000000016;974.1238000000017;934.8651999999956;975.3560000000016;952.4691999999968;982.5562000000118;
5925.999999999971;986.324800000076;982.5562000000118;954.669699999997;955.549899999997;991.5696000000469;982.5562000000118;988.9472000000615;982.5562000000118;975.3560000000016;975.3560000000016;975.3560000000016;974.1238000000017;934.8651999999956;975.3560000000016;952.4691999999968;982.5562000000118;
5926.999999999971;986.324800000076;982.5562000000118;954.669699999997;955.549899999997;991.5696000000469;982.5562000000118;988.9472000000615;982.5562000000118;975.3560000000016;975.3560000000016;975.3560000000016;974.1238000000017;934.8651999999956;975.3560000000016;952.4691999999968;982.5562000000118;
5927.999999999971;986.324800000076;982.5562000000118;954.669699999997;955.549899999997;991.5696000000469;982.5562000000118;988.9472000000615;982.5562000000118;975.3560000000016;975.3560000000016;975.3560000000016;974.1238000000017;934.8651999999956;975.3560000000016;952.4691999999968;982.5562000000118;
5928.999999999971;986.324800000076;982.5562000000118;954.669699999997;955.549899999997;991.5696000000469;982.5562000000118;988.9472000000615;982.5562000000118;975.3560000000016;975.3560000000016;975.3560000000016;974.1238000000017;934.8651999999956;975.3560000000016;952.4691999999968;982.5562000000118;
5929.999999999971;986.324800000076;982.5562000000118;954.669699999997;955.549899999997;991.5696000000469;982.5562000000118;988.9472000000615;982.5562000000118;975.3560000000016;975.3560000000016;975.3560000000016;974.1238000000017;934.8651999999956;975.3560000000016;952.4691999999968;982.5562000000118;
5930.999999999971;986.324800000076;982.5562000000118;954.669699999997;955.549899999997;991.5696000000469;982.5562000000118;988.9472000000615;982.5562000000118;975.3560000000016;975.3560000000016;975.3560000000016;974.1238000000017;934.8651999999956;975.3560000000016;952.4691999999968;982.5562000000118;
5931.999999999971;986.324800000076;982.5562000000118;954.669699999997;955.549899999997;991.5696000000469;982.5562000000118;988.9472000000615;982.5562000000118;975.3560000000016;975.3560000000016;975.3560000000016;974.1238000000017;934.8651999999956;975.3560000000016;952.4691999999968;982.5562000000118;
5932.999999999971;986.324800000076;982.5562000000118;954.669699999997;955.549899999997;991.5696000000469;982.5562000000118;988.9472000000615;982.5562000000118;975.3560000000016;975.3560000000016;975.3560000000016;974.1238000000017;934.8651999999956;975.3560000000016;952.4691999999968;982.5562000000118;
5933.999999999971;986.324800000076;982.5562000000118;954.669699999997;955.549899999997;991.5696000000469;982.5562000000118;988.9472000000615;982.5562000000118;975.3560000000016;975.3560000000016;975.3560000000016;974.1238000000017;934.8651999999956;975.3560000000016;952.4691999999968;982.5562000000118;
5934.999999999971;986.324800000076;982.5562000000118;954.669699999997;955.549899999997;991.5696000000469;982.5562000000118;988.9472000000615;982.5562000000118;975.3560000000016;975.3560000000016;975.3560000000016;974.1238000000017;934.8651999999956;975.3560000000016;952.4691999999968;982.5562000000118;
5935.999999999971;986.324800000076;982.5562000000118;954.669699999997;955.549899999997;991.5696000000469;982.5562000000118;988.9472000000615;982.5562000000118;975.3560000000016;975.3560000000016;975.3560000000016;974.1238000000017;934.8651999999956;975.3560000000016;952.4691999999968;982.5562000000118;
5936.999999999971;986.324800000076;982.5562000000118;954.669699999997;955.549899999997;991.5696000000469;982.5562000000118;988.9472000000615;982.5562000000118;975.3560000000016;975.3560000000016;975.3560000000016;974.1238000000017;934.8651999999956;975.3560000000016;952.4691999999968;982.5562000000118;
5937.999999999971;986.324800000076;982.5562000000118;954.669699999997;955.549899999997;991.5696000000469;982.5562000000118;988.9472000000615;982.5562000000118;975.3560000000016;975.3560000000016;975.3560000000016;974.1238000000017;934.8651999999956;975.3560000000016;952.4691999999968;982.5562000000118;
5938.999999999971;986.324800000076;982.5562000000118;954.669699999997;955.549899999997;991.5696000000469;982.5562000000118;988.9472000000615;982.5562000000118;975.3560000000016;975.3560000000016;975.3560000000016;974.1238000000017;934.8651999999956;975.3560000000016;952.4691999999968;982.5562000000118;
5939.769862426897;986.324800000076;982.5562000000118;954.669699999997;955.549899999997;991.5696000000469;982.5561000000118;988.9472000000615;982.5562000000118;975.3560000000016;975.3560000000016;975.3560000000016;974.1238000000017;934.8651999999956;975.3560000000016;952.4691999999968;982.5562000000118;
5939.769862426897;986.324800000076;982.5562000000118;954.669699999997;955.549899999997;991.5696000000469;982.4681000000119;988.9472000000615;982.5562000000118;975.3560000000016;975.3560000000016;975.3560000000016;974.1238000000017;934.8651999999956;975.3560000000016;952.4691999999968;982.5562000000118;
5939.775178426897;986.3160000000761;982.5562000000118;954.669699999997;955.549899999997;991.5696000000469;982.4681000000119;988.9472000000615;982.5562000000118;975.3560000000016;975.3560000000016;975.3560000000016;974.1238000000017;934.8651999999956;975.3560000000016;952.4691999999968;982.5562000000118;
5939.775178426897;986.3072000000761;982.5562000000118;954.669699999997;955.549899999997;991.5696000000469;982.4681000000119;988.9472000000615;982.5562000000118;975.3560000000016;975.3560000000016;975.3560000000016;974.1238000000017;934.8651999999956;975.3560000000016;952.4691999999968;982.5562000000118;
5939.780494426896;986.3072000000761;982.5562000000118;954.669699999997;955.549899999997;991.5696000000469;982.4681000000119;988.9384000000615;982.5562000000118;975.3560000000016;975.3560000000016;975.3560000000016;974.1238000000017;934.8651999999956;975.3560000000016;952.4691999999968;982.5562000000118;
5939.804189237607;986.3072000000761;982.5562000000118;954.669599999997;955.549899999997;991.5696000000469;982.4681000000119;988.9384000000615;982.5562000000118;975.3560000000016;975.3560000000016;975.3560000000016;974.1238000000017;934.8651999999956;975.3560000000016;952.4691999999968;982.5562000000118;
5939.804189237607;986.3072000000761;982.5562000000118;954.2295999999969;955.549899999997;991.5696000000469;982.4681000000119;988.9384000000615;982.5562000000118;975.3560000000016;975.3560000000016;975.3560000000016;974.1238000000017;934.8651999999956;975.3560000000016;952.4691999999968;982.5562000000118;
5940.775183203232;986.2808000000763;982.4681000000119;954.2295999999969;955.549899999997;991.552000000047;982.4681000000119;988.9296000000616;982.4681000000119;975.3560000000016;975.3560000000016;975.3560000000016;974.1238000000017;934.4250999999956;975.3560000000016;952.4691999999968;982.4681000000119;
5940.999999999969;986.2720000000763;982.4681000000119;954.2295999999969;955.549899999997;991.552000000047;982.4681000000119;988.9208000000616;982.4681000000119;975.3560000000016;975.3560000000016;975.3560000000016;974.1238000000017;934.4250999999956;975.3560000000016;952.4691999999968;982.4681000000119;
5941.77518797957;986.2720000000763;982.4681000000119;954.2295999999969;955.549899999997;991.552000000047;982.4681000000119;988.9208000000616;982.4681000000119;975.3560000000016;975.3560000000016;975.3560000000016;974.1238000000017;934.4250999999956;975.3560000000016;952.4691999999968;982.4681000000119;
5942.775192755907;986.2632000000764;982.4681000000119;954.2295999999969;955.549899999997;991.552000000047;982.4681000000119;988.9120000000617;982.4681000000119;975.3560000000016;975.3560000000016;975.3560000000016;974.1238000000017;934.4250999999956;975.3560000000016;952.4691999999968;982.4681000000119;
5942.999999999969;986.2544000000764;982.4681000000119;954.2295999999969;955.549899999997;991.552000000047;982.4681000000119;988.9032000000617;982.4681000000119;975.3560000000016;975.3560000000016;975.3560000000016;974.1238000000017;934.4250999999956;975.3560000000016;952.4691999999968;982.4681000000119;
5943.7751975322435;986.2544000000764;982.4681000000119;954.2295999999969;955.549899999997;991.552000000047;982.4681000000119;988.9032000000617;982.4681000000119;975.3560000000016;975.3560000000016;975.3560000000016;974.1238000000017;934.4250999999956;975.3560000000016;952.4691999999968;982.4681000000119;
5944.999999999969;986.2544000000764;982.4681000000119;954.2295999999969;955.549899999997;991.552000000047;982.4681000000119;988.9032000000617;982.4681000000119;975.3560000000016;975.3560000000016;975.3560000000016;974.1238000000017;934.4250999999956;975.3560000000016;952.4691999999968;982.4681000000119;
5945.999999999969;986.2544000000764;982.4681000000119;954.2295999999969;955.549899999997;991.552000000047;982.4681000000119;988.9032000000617;982.4681000000119;975.3560000000016;975.3560000000016;975.3560000000016;974.1238000000017;934.4250999999956;975.3560000000016;952.4691999999968;982.4681000000119;
5946.999999999969;986.2544000000764;982.4681000000119;954.2295999999969;955.549899999997;991.552000000047;982.4681000000119;988.9032000000617;982.4681000000119;975.3560000000016;975.3560000000016;975.3560000000016;974.1238000000017;934.4250999999956;975.3560000000016;952.4691999999968;982.4681000000119;
5947.999999999969;986.2544000000764;982.4681000000119;954.2295999999969;955.549899999997;991.552000000047;982.4681000000119;988.9032000000617;982.4681000000119;975.3560000000016;975.3560000000016;975.3560000000016;974.1238000000017;934.4250999999956;975.3560000000016;952.4691999999968;982.4681000000119;
5948.999999999969;986.2544000000764;982.4681000000119;954.2295999999969;955.549899999997;991.552000000047;982.4681000000119;988.9032000000617;982.4681000000119;975.3560000000016;975.3560000000016;975.3560000000016;974.1238000000017;934.4250999999956;975.3560000000016;952.4691999999968;982.4681000000119;
5949.999999999969;986.2544000000764;982.4681000000119;954.2295999999969;955.549899999997;991.552000000047;982.4681000000119;988.9032000000617;982.4681000000119;975.3560000000016;975.3560000000016;975.3560000000016;974.1238000000017;934.4250999999956;975.3560000000016;952.4691999999968;982.4681000000119;
5950.999999999969;986.2544000000764;982.4681000000119;954.2295999999969;955.549899999997;991.552000000047;982.4681000000119;988.9032000000617;982.4681000000119;975.3560000000016;975.3560000000016;975.3560000000016;974.1238000000017;934.4250999999956;975.3560000000016;952.4691999999968;982.4681000000119;
5951.999999999969;986.2544000000764;982.4681000000119;954.2295999999969;955.549899999997;991.552000000047;982.4681000000119;988.9032000000617;982.4681000000119;975.3560000000016;975.3560000000016;975.3560000000016;974.1238000000017;934.4250999999956;975.3560000000016;952.4691999999968;982.4681000000119;
5952.999999999969;986.2544000000764;982.4681000000119;954.2295999999969;955.549899999997;991.552000000047;982.4681000000119;988.9032000000617;982.4681000000119;975.3560000000016;975.3560000000016;975.3560000000016;974.1238000000017;934.4250999999956;975.3560000000016;952.4691999999968;982.4681000000119;
5953.999999999969;986.2544000000764;982.4681000000119;954.2295999999969;955.549899999997;991.552000000047;982.4681000000119;988.9032000000617;982.4681000000119;975.3560000000016;975.3560000000016;975.3560000000016;974.1238000000017;934.4250999999956;975.3560000000016;952.4691999999968;982.4681000000119;
5954.999999999969;986.2544000000764;982.4681000000119;954.2295999999969;955.549899999997;991.552000000047;982.4681000000119;988.9032000000617;982.4681000000119;975.3560000000016;975.3560000000016;975.3560000000016;974.1238000000017;934.4250999999956;975.3560000000016;952.4691999999968;982.4681000000119;
5955.999999999969;986.2544000000764;982.4681000000119;954.2295999999969;955.549899999997;991.552000000047;982.4681000000119;988.9032000000617;982.4681000000119;975.3560000000016;975.3560000000016;975.3560000000016;974.1238000000017;934.4250999999956;975.3560000000016;952.4691999999968;982.4681000000119;
5956.999999999969;986.2544000000764;982.4681000000119;954.2295999999969;955.549899999997;991.552000000047;982.4681000000119;988.9032000000617;982.4681000000119;975.3560000000016;975.3560000000016;975.3560000000016;974.1238000000017;934.4250999999956;975.3560000000016;952.4691999999968;982.4681000000119;
5957.999999999969;986.2544000000764;982.4681000000119;954.2295999999969;955.549899999997;991.552000000047;982.4681000000119;988.9032000000617;982.4681000000119;975.3560000000016;975.3560000000016;975.3560000000016;974.1238000000017;934.4250999999956;975.3560000000016;952.4691999999968;982.4681000000119;
5958.999999999969;986.2544000000764;982.4681000000119;954.2295999999969;955.549899999997;991.552000000047;982.4681000000119;988.9032000000617;982.4681000000119;975.3560000000016;975.3560000000016;975.3560000000016;974.1238000000017;934.4250999999956;975.3560000000016;952.4691999999968;982.4681000000119;
5959.999999999969;986.2544000000764;982.4681000000119;954.2295999999969;955.549899999997;991.552000000047;982.4681000000119;988.9032000000617;982.4681000000119;975.3560000000016;975.3560000000016;975.3560000000016;974.1238000000017;934.4250999999956;975.3560000000016;952.4691999999968;982.4681000000119;
5960.999999999969;986.2544000000764;982.4681000000119;954.2295999999969;955.549899999997;991.552000000047;982.4681000000119;988.9032000000617;982.4681000000119;975.3560000000016;975.3560000000016;975.3560000000016;974.1238000000017;934.4250999999956;975.3560000000016;952.4691999999968;982.4681000000119;
5961.999999999969;986.2544000000764;982.4681000000119;954.2295999999969;955.549899999997;991.552000000047;982.4681000000119;988.9032000000617;982.4681000000119;975.3560000000016;975.3560000000016;975.3560000000016;974.1238000000017;934.4250999999956;975.3560000000016;952.4691999999968;982.4681000000119;
5962.999999999969;986.2544000000764;982.4681000000119;954.2295999999969;955.549899999997;991.552000000047;982.4681000000119;988.9032000000617;982.4681000000119;975.3560000000016;975.3560000000016;975.3560000000016;974.1238000000017;934.4250999999956;975.3560000000016;952.4691999999968;982.4681000000119;
5963.999999999969;986.2544000000764;982.4681000000119;954.2295999999969;955.549899999997;991.552000000047;982.4681000000119;988.9032000000617;982.4681000000119;975.3560000000016;975.3560000000016;975.3560000000016;974.1238000000017;934.4250999999956;975.3560000000016;952.4691999999968;982.4681000000119;
5964.999999999969;986.2544000000764;982.4681000000119;954.2295999999969;955.549899999997;991.552000000047;982.4681000000119;988.9032000000617;982.4681000000119;975.3560000000016;975.3560000000016;975.3560000000016;974.1238000000017;934.4250999999956;975.3560000000016;952.4691999999968;982.4681000000119;
5965.999999999969;986.2544000000764;982.4681000000119;954.2295999999969;955.549899999997;991.552000000047;982.4681000000119;988.9032000000617;982.4681000000119;975.3560000000016;975.3560000000016;975.3560000000016;974.1238000000017;934.4250999999956;975.3560000000016;952.4691999999968;982.4681000000119;
5966.999999999969;986.2544000000764;982.4681000000119;954.2295999999969;955.549899999997;991.552000000047;982.4681000000119;988.9032000000617;982.4681000000119;975.3560000000016;975.3560000000016;975.3560000000016;974.1238000000017;934.4250999999956;975.3560000000016;952.4691999999968;982.4681000000119;
5967.999999999969;986.2544000000764;982.4681000000119;954.2295999999969;955.549899999997;991.552000000047;982.4681000000119;988.9032000000617;982.4681000000119;975.3560000000016;975.3560000000016;975.3560000000016;974.1238000000017;934.4250999999956;975.3560000000016;952.4691999999968;982.4681000000119;
5968.999999999969;986.2544000000764;982.4681000000119;954.2295999999969;955.549899999997;991.552000000047;982.4681000000119;988.9032000000617;982.4681000000119;975.3560000000016;975.3560000000016;975.3560000000016;974.1238000000017;934.4250999999956;975.3560000000016;952.4691999999968;982.4681000000119;
5969.769835164629;986.2544000000764;982.4681000000119;954.2295999999969;955.549899999997;991.552000000047;982.4680000000119;988.9032000000617;982.4681000000119;975.3560000000016;975.3560000000016;975.3560000000016;974.1238000000017;934.4250999999956;975.3560000000016;952.4691999999968;982.4681000000119;
5969.769835164629;986.2544000000764;982.4681000000119;954.2295999999969;955.549899999997;991.552000000047;982.3800000000119;988.9032000000617;982.4681000000119;975.3560000000016;975.3560000000016;975.3560000000016;974.1238000000017;934.4250999999956;975.3560000000016;952.4691999999968;982.4681000000119;
5969.775151164628;986.2456000000765;982.4681000000119;954.2295999999969;955.549899999997;991.552000000047;982.3800000000119;988.9032000000617;982.4681000000119;975.3560000000016;975.3560000000016;975.3560000000016;974.1238000000017;934.4250999999956;975.3560000000016;952.4691999999968;982.4681000000119;
5969.775151164628;986.2368000000765;982.4681000000119;954.2295999999969;955.549899999997;991.552000000047;982.3800000000119;988.9032000000617;982.4681000000119;975.3560000000016;975.3560000000016;975.3560000000016;974.1238000000017;934.4250999999956;975.3560000000016;952.4691999999968;982.4681000000119;
5969.780467164628;986.2368000000765;982.4681000000119;954.2295999999969;955.549899999997;991.552000000047;982.3800000000119;988.8944000000618;982.4681000000119;975.3560000000016;975.3560000000016;975.3560000000016;974.1238000000017;934.4250999999956;975.3560000000016;952.4691999999968;982.4681000000119;
5969.8103736324665;986.2368000000765;982.4681000000119;954.2295999999969;955.549899999997;991.552000000047;982.3800000000119;988.8944000000618;982.4681000000119;975.3560000000016;975.3560000000016;975.3560000000016;974.1238000000017;934.4249999999956;975.3560000000016;952.4691999999968;982.4681000000119;
5969.8103736324665;986.2368000000765;982.4681000000119;954.2295999999969;955.549899999997;991.552000000047;982.3800000000119;988.8944000000618;982.4681000000119;975.3560000000016;975.3560000000016;975.3560000000016;974.1238000000017;933.9849999999956;975.3560000000016;952.4691999999968;982.4681000000119;
5969.815689632466;986.2368000000765;982.4681000000119;954.2295999999969;955.549899999997;991.543200000047;982.3800000000119;988.8944000000618;982.4681000000119;975.3560000000016;975.3560000000016;975.3560000000016;974.1238000000017;933.9849999999956;975.3560000000016;952.4691999999968;982.4681000000119;
5969.815689632466;986.2368000000765;982.4681000000119;954.2295999999969;955.549899999997;991.5344000000471;982.3800000000119;988.8944000000618;982.4681000000119;975.3560000000016;975.3560000000016;975.3560000000016;974.1238000000017;933.9849999999956;975.3560000000016;952.4691999999968;982.4681000000119;
5969.821005632466;986.2368000000765;982.4681000000119;954.2295999999969;955.549899999997;991.5344000000471;982.3800000000119;988.8856000000618;982.4681000000119;975.3560000000016;975.3560000000016;975.3560000000016;974.1238000000017;933.9849999999956;975.3560000000016;952.4691999999968;982.4681000000119;
5969.941689640502;986.2368000000765;982.4681000000119;954.2295999999969;955.549899999997;991.5344000000471;982.3800000000119;988.8856000000618;982.4680000000119;975.3560000000016;975.3560000000016;975.3560000000016;974.1238000000017;933.9849999999956;975.3560000000016;952.4691999999968;982.4681000000119;
5969.941689640502;986.2368000000765;982.4681000000119;954.2295999999969;955.549899999997;991.5344000000471;982.3800000000119;988.8856000000618;982.3800000000119;975.3560000000016;975.3560000000016;975.3560000000016;974.1238000000017;933.9849999999956;975.3560000000016;952.4691999999968;982.4681000000119;
5970.775155940964;986.2192000000766;982.3800000000119;954.2295999999969;955.109799999997;991.5168000000472;982.3800000000119;988.8856000000618;982.3800000000119;975.3560000000016;975.3560000000016;975.3560000000016;974.1238000000017;933.9849999999956;975.3560000000016;952.0290999999968;982.3800000000119;
5970.999999999967;986.2104000000767;982.3800000000119;954.2295999999969;955.109799999997;991.5080000000472;982.3800000000119;988.8680000000619;982.3800000000119;975.3560000000016;975.3560000000016;975.3560000000016;974.1238000000017;933.9849999999956;975.3560000000016;952.0290999999968;982.3800000000119;
5971.775160717301;986.2104000000767;982.3800000000119;954.2295999999969;955.109799999997;991.5080000000472;982.3800000000119;988.8680000000619;982.3800000000119;975.3560000000016;975.3560000000016;975.3560000000016;974.1238000000017;933.9849999999956;975.3560000000016;952.0290999999968;982.3800000000119;
5972.775165493637;986.2016000000767;982.3800000000119;954.2295999999969;955.109799999997;991.4992000000473;982.3800000000119;988.850400000062;982.3800000000119;975.3560000000016;975.3560000000016;975.3560000000016;974.1238000000017;933.9849999999956;975.3560000000016;952.0290999999968;982.3800000000119;
5973.999999999966;986.2016000000767;982.3800000000119;954.2295999999969;955.109799999997;991.4992000000473;982.3800000000119;988.850400000062;982.3800000000119;975.3560000000016;975.3560000000016;975.3560000000016;974.1238000000017;933.9849999999956;975.3560000000016;952.0290999999968;982.3800000000119;
5974.999999999966;986.2016000000767;982.3800000000119;954.2295999999969;955.109799999997;991.4992000000473;982.3800000000119;988.850400000062;982.3800000000119;975.3560000000016;975.3560000000016;975.3560000000016;974.1238000000017;933.9849999999956;975.3560000000016;952.0290999999968;982.3800000000119;
5975.999999999966;986.2016000000767;982.3800000000119;954.2295999999969;955.109799999997;991.4992000000473;982.3800000000119;988.850400000062;982.3800000000119;975.3560000000016;975.3560000000016;975.3560000000016;974.1238000000017;933.9849999999956;975.3560000000016;952.0290999999968;982.3800000000119;
5976.999999999966;986.2016000000767;982.3800000000119;954.2295999999969;955.109799999997;991.4992000000473;982.3800000000119;988.850400000062;982.3800000000119;975.3560000000016;975.3560000000016;975.3560000000016;974.1238000000017;933.9849999999956;975.3560000000016;952.0290999999968;982.3800000000119;
5977.999999999966;986.2016000000767;982.3800000000119;954.2295999999969;955.109799999997;991.4992000000473;982.3800000000119;988.850400000062;982.3800000000119;975.3560000000016;975.3560000000016;975.3560000000016;974.1238000000017;933.9849999999956;975.3560000000016;952.0290999999968;982.3800000000119;
5978.999999999966;986.2016000000767;982.3800000000119;954.2295999999969;955.109799999997;991.4992000000473;982.3800000000119;988.850400000062;982.3800000000119;975.3560000000016;975.3560000000016;975.3560000000016;974.1238000000017;933.9849999999956;975.3560000000016;952.0290999999968;982.3800000000119;
5979.999999999966;986.2016000000767;982.3800000000119;954.2295999999969;955.109799999997;991.4992000000473;982.3800000000119;988.850400000062;982.3800000000119;975.3560000000016;975.3560000000016;975.3560000000016;974.1238000000017;933.9849999999956;975.3560000000016;952.0290999999968;982.3800000000119;
5980.999999999966;986.2016000000767;982.3800000000119;954.2295999999969;955.109799999997;991.4992000000473;982.3800000000119;988.850400000062;982.3800000000119;975.3560000000016;975.3560000000016;975.3560000000016;974.1238000000017;933.9849999999956;975.3560000000016;952.0290999999968;982.3800000000119;
5981.999999999966;986.2016000000767;982.3800000000119;954.2295999999969;955.109799999997;991.4992000000473;982.3800000000119;988.850400000062;982.3800000000119;975.3560000000016;975.3560000000016;975.3560000000016;974.1238000000017;933.9849999999956;975.3560000000016;952.0290999999968;982.3800000000119;
5982.999999999966;986.2016000000767;982.3800000000119;954.2295999999969;955.109799999997;991.4992000000473;982.3800000000119;988.850400000062;982.3800000000119;975.3560000000016;975.3560000000016;975.3560000000016;974.1238000000017;933.9849999999956;975.3560000000016;952.0290999999968;982.3800000000119;
5983.999999999966;986.2016000000767;982.3800000000119;954.2295999999969;955.109799999997;991.4992000000473;982.3800000000119;988.850400000062;982.3800000000119;975.3560000000016;975.3560000000016;975.3560000000016;974.1238000000017;933.9849999999956;975.3560000000016;952.0290999999968;982.3800000000119;
5984.999999999966;986.2016000000767;982.3800000000119;954.2295999999969;955.109799999997;991.4992000000473;982.3800000000119;988.850400000062;982.3800000000119;975.3560000000016;975.3560000000016;975.3560000000016;974.1238000000017;933.9849999999956;975.3560000000016;952.0290999999968;982.3800000000119;
5985.999999999966;986.2016000000767;982.3800000000119;954.2295999999969;955.109799999997;991.4992000000473;982.3800000000119;988.850400000062;982.3800000000119;975.3560000000016;975.3560000000016;975.3560000000016;974.1238000000017;933.9849999999956;975.3560000000016;952.0290999999968;982.3800000000119;
5986.999999999966;986.2016000000767;982.3800000000119;954.2295999999969;955.109799999997;991.4992000000473;982.3800000000119;988.850400000062;982.3800000000119;975.3560000000016;975.3560000000016;975.3560000000016;974.1238000000017;933.9849999999956;975.3560000000016;952.0290999999968;982.3800000000119;
5987.999999999966;986.2016000000767;982.3800000000119;954.2295999999969;955.109799999997;991.4992000000473;982.3800000000119;988.850400000062;982.3800000000119;975.3560000000016;975.3560000000016;975.3560000000016;974.1238000000017;933.9849999999956;975.3560000000016;952.0290999999968;982.3800000000119;
5988.999999999966;986.2016000000767;982.3800000000119;954.2295999999969;955.109799999997;991.4992000000473;982.3800000000119;988.850400000062;982.3800000000119;975.3560000000016;975.3560000000016;975.3560000000016;974.1238000000017;933.9849999999956;975.3560000000016;952.0290999999968;982.3800000000119;
5989.999999999966;986.2016000000767;982.3800000000119;954.2295999999969;955.109799999997;991.4992000000473;982.3800000000119;988.850400000062;982.3800000000119;975.3560000000016;975.3560000000016;975.3560000000016;974.1238000000017;933.9849999999956;975.3560000000016;952.0290999999968;982.3800000000119;
5990.999999999966;986.2016000000767;982.3800000000119;954.2295999999969;955.109799999997;991.4992000000473;982.3800000000119;988.850400000062;982.3800000000119;975.3560000000016;975.3560000000016;975.3560000000016;974.1238000000017;933.9849999999956;975.3560000000016;952.0290999999968;982.3800000000119;
5991.999999999966;986.2016000000767;982.3800000000119;954.2295999999969;955.109799999997;991.4992000000473;982.3800000000119;988.850400000062;982.3800000000119;975.3560000000016;975.3560000000016;975.3560000000016;974.1238000000017;933.9849999999956;975.3560000000016;952.0290999999968;982.3800000000119;
5992.999999999966;986.2016000000767;982.3800000000119;954.2295999999969;955.109799999997;991.4992000000473;982.3800000000119;988.850400000062;982.3800000000119;975.3560000000016;975.3560000000016;975.3560000000016;974.1238000000017;933.9849999999956;975.3560000000016;952.0290999999968;982.3800000000119;
5993.999999999966;986.2016000000767;982.3800000000119;954.2295999999969;955.109799999997;991.4992000000473;982.3800000000119;988.850400000062;982.3800000000119;975.3560000000016;975.3560000000016;975.3560000000016;974.1238000000017;933.9849999999956;975.3560000000016;952.0290999999968;982.3800000000119;
5994.999999999966;986.2016000000767;982.3800000000119;954.2295999999969;955.109799999997;991.4992000000473;982.3800000000119;988.850400000062;982.3800000000119;975.3560000000016;975.3560000000016;975.3560000000016;974.1238000000017;933.9849999999956;975.3560000000016;952.0290999999968;982.3800000000119;
5995.999999999966;986.2016000000767;982.3800000000119;954.2295999999969;955.109799999997;991.4992000000473;982.3800000000119;988.850400000062;982.3800000000119;975.3560000000016;975.3560000000016;975.3560000000016;974.1238000000017;933.9849999999956;975.3560000000016;952.0290999999968;982.3800000000119;
5996.999999999966;986.2016000000767;982.3800000000119;954.2295999999969;955.109799999997;991.4992000000473;982.3800000000119;988.850400000062;982.3800000000119;975.3560000000016;975.3560000000016;975.3560000000016;974.1238000000017;933.9849999999956;975.3560000000016;952.0290999999968;982.3800000000119;
5997.999999999966;986.2016000000767;982.3800000000119;954.2295999999969;955.109799999997;991.4992000000473;982.3800000000119;988.850400000062;982.3800000000119;975.3560000000016;975.3560000000016;975.3560000000016;974.1238000000017;933.9849999999956;975.3560000000016;952.0290999999968;982.3800000000119;
5998.999999999966;986.2016000000767;982.3800000000119;954.2295999999969;955.109799999997;991.4992000000473;982.3800000000119;988.850400000062;982.3800000000119;975.3560000000016;975.3560000000016;975.3560000000016;974.1238000000017;933.9849999999956;975.3560000000016;952.0290999999968;982.3800000000119;
5999.769807902359;986.2016000000767;982.3800000000119;954.2295999999969;955.109799999997;991.4992000000473;982.379900000012;988.850400000062;982.3800000000119;975.3560000000016;975.3560000000016;975.3560000000016;974.1238000000017;933.9849999999956;975.3560000000016;952.0290999999968;982.3800000000119;
5999.769807902359;986.2016000000767;982.3800000000119;954.2295999999969;955.109799999997;991.4992000000473;982.291900000012;988.850400000062;982.3800000000119;975.3560000000016;975.3560000000016;975.3560000000016;974.1238000000017;933.9849999999956;975.3560000000016;952.0290999999968;982.3800000000119;
5999.775123902359;986.1928000000768;982.3800000000119;954.2295999999969;955.109799999997;991.4992000000473;982.291900000012;988.850400000062;982.3800000000119;975.3560000000016;975.3560000000016;975.3560000000016;974.1238000000017;933.9849999999956;975.3560000000016;952.0290999999968;982.3800000000119;
5999.775123902359;986.1840000000768;982.3800000000119;954.2295999999969;955.109799999997;991.4992000000473;982.291900000012;988.850400000062;982.3800000000119;975.3560000000016;975.3560000000016;975.3560000000016;974.1238000000017;933.9849999999956;975.3560000000016;952.0290999999968;982.3800000000119;
5999.780439902359;986.1840000000768;982.3800000000119;954.2295999999969;955.109799999997;991.4992000000473;982.291900000012;988.841600000062;982.3800000000119;975.3560000000016;975.3560000000016;975.3560000000016;974.1238000000017;933.9849999999956;975.3560000000016;952.0290999999968;982.3800000000119;
5999.804196671748;986.1840000000768;982.3800000000119;954.229499999997;955.109799999997;991.4992000000473;982.291900000012;988.841600000062;982.3800000000119;975.3560000000016;975.3560000000016;975.3560000000016;974.1238000000017;933.9849999999956;975.3560000000016;952.0290999999968;982.3800000000119;
5999.804196671748;986.1840000000768;982.3800000000119;953.7894999999969;955.109799999997;991.4992000000473;982.291900000012;988.841600000062;982.3800000000119;975.3560000000016;975.3560000000016;975.3560000000016;974.1238000000017;933.9849999999956;975.3560000000016;952.0290999999968;982.3800000000119;
5999.807218045243;986.1840000000768;982.3800000000119;953.7894999999969;955.109799999997;991.4992000000473;982.291900000012;988.841600000062;982.3800000000119;975.3559000000016;975.3560000000016;975.3560000000016;974.1238000000017;933.9849999999956;975.3560000000016;952.0290999999968;982.3800000000119;
5999.807218045243;986.1840000000768;982.3800000000119;953.7894999999969;955.109799999997;991.4992000000473;982.291900000012;988.841600000062;982.3800000000119;974.7399000000016;975.3560000000016;975.3560000000016;974.1238000000017;933.9849999999956;975.3560000000016;952.0290999999968;982.3800000000119;
5999.808646022336;986.1840000000768;982.3800000000119;953.7894999999969;955.109799999997;991.4992000000473;982.291900000012;988.841600000062;982.3800000000119;974.7399000000016;975.3560000000016;975.3560000000016;974.1238000000017;933.9848999999956;975.3560000000016;952.0290999999968;982.3800000000119;
5999.808646022336;986.1840000000768;982.3800000000119;953.7894999999969;955.109799999997;991.4992000000473;982.291900000012;988.841600000062;982.3800000000119;974.7399000000016;975.3560000000016;975.3560000000016;974.1238000000017;933.5448999999956;975.3560000000016;952.0290999999968;982.3800000000119;
5999.809512671749;986.1752000000769;982.3800000000119;953.7894999999969;955.109799999997;991.4992000000473;982.291900000012;988.841600000062;982.3800000000119;974.7399000000016;975.3560000000016;975.3560000000016;974.1238000000017;933.5448999999956;975.3560000000016;952.0290999999968;982.3800000000119;
5999.812534045243;986.1664000000769;982.3800000000119;953.7894999999969;955.109799999997;991.4992000000473;982.291900000012;988.841600000062;982.3800000000119;974.7399000000016;975.3560000000016;975.3560000000016;974.1238000000017;933.5448999999956;975.3560000000016;952.0290999999968;982.3800000000119;
6000.775128678696;986.1400000000771;982.291900000012;953.7894999999969;955.109799999997;991.4640000000475;982.291900000012;988.8328000000621;982.291900000012;974.7399000000016;974.7399000000016;974.7399000000016;974.1238000000017;933.5448999999956;974.7399000000016;952.0290999999968;982.291900000012;
6001.775133455033;986.1312000000771;982.291900000012;953.7894999999969;955.109799999997;991.4552000000475;982.291900000012;988.8152000000622;982.291900000012;974.7399000000016;974.7399000000016;974.7399000000016;974.1238000000017;933.5448999999956;974.7399000000016;952.0290999999968;982.291900000012;
6001.81394172829;986.1224000000772;982.291900000012;953.7894999999969;955.109799999997;991.4552000000475;982.291900000012;988.8064000000622;982.291900000012;974.7399000000016;974.7399000000016;974.7399000000016;974.1238000000017;933.5448999999956;974.7399000000016;952.0290999999968;982.291900000012;
6002.77513823137;986.1224000000772;982.291900000012;953.7894999999969;955.109799999997;991.4464000000476;982.291900000012;988.7976000000623;982.291900000012;974.7399000000016;974.7399000000016;974.7399000000016;974.1238000000017;933.5448999999956;974.7399000000016;952.0290999999968;982.291900000012;
6003.775143007708;986.1136000000772;982.291900000012;953.7894999999969;955.109799999997;991.4464000000476;982.291900000012;988.7888000000623;982.291900000012;974.7399000000016;974.7399000000016;974.7399000000016;974.1238000000017;933.5448999999956;974.7399000000016;952.0290999999968;982.291900000012;
6003.999999999965;986.1048000000773;982.291900000012;953.7894999999969;955.109799999997;991.4464000000476;982.291900000012;988.7800000000624;982.291900000012;974.7399000000016;974.7399000000016;974.7399000000016;974.1238000000017;933.5448999999956;974.7399000000016;952.0290999999968;982.291900000012;
6004.775147784045;986.1048000000773;982.291900000012;953.7894999999969;955.109799999997;991.4464000000476;982.291900000012;988.7800000000624;982.291900000012;974.7399000000016;974.7399000000016;974.7399000000016;974.1238000000017;933.5448999999956;974.7399000000016;952.0290999999968;982.291900000012;
6005.775152560382;986.0960000000773;982.291900000012;953.7894999999969;955.109799999997;991.4464000000476;982.291900000012;988.7712000000624;982.291900000012;974.7399000000016;974.7399000000016;974.7399000000016;974.1238000000017;933.5448999999956;974.7399000000016;952.0290999999968;982.291900000012;
6005.999999999965;986.0960000000773;982.291900000012;953.7894999999969;955.109799999997;991.4464000000476;982.291900000012;988.7712000000624;982.291900000012;974.7399000000016;974.7399000000016;974.7399000000016;974.1238000000017;933.5448999999956;974.7399000000016;952.0290999999968;982.291900000012;
6006.999999999965;986.0960000000773;982.291900000012;953.7894999999969;955.109799999997;991.4464000000476;982.291900000012;988.7712000000624;982.291900000012;974.7399000000016;974.7399000000016;974.7399000000016;974.1238000000017;933.5448999999956;974.7399000000016;952.0290999999968;982.291900000012;
6007.999999999965;986.0960000000773;982.291900000012;953.7894999999969;955.109799999997;991.4464000000476;982.291900000012;988.7712000000624;982.291900000012;974.7399000000016;974.7399000000016;974.7399000000016;974.1238000000017;933.5448999999956;974.7399000000016;952.0290999999968;982.291900000012;
6008.999999999965;986.0960000000773;982.291900000012;953.7894999999969;955.109799999997;991.4464000000476;982.291900000012;988.7712000000624;982.291900000012;974.7399000000016;974.7399000000016;974.7399000000016;974.1238000000017;933.5448999999956;974.7399000000016;952.0290999999968;982.291900000012;
6009.999999999965;986.0960000000773;982.291900000012;953.7894999999969;955.109799999997;991.4464000000476;982.291900000012;988.7712000000624;982.291900000012;974.7399000000016;974.7399000000016;974.7399000000016;974.1238000000017;933.5448999999956;974.7399000000016;952.0290999999968;982.291900000012;
6010.999999999965;986.0960000000773;982.291900000012;953.7894999999969;955.109799999997;991.4464000000476;982.291900000012;988.7712000000624;982.291900000012;974.7399000000016;974.7399000000016;974.7399000000016;974.1238000000017;933.5448999999956;974.7399000000016;952.0290999999968;982.291900000012;
6011.999999999965;986.0960000000773;982.291900000012;953.7894999999969;955.109799999997;991.4464000000476;982.291900000012;988.7712000000624;982.291900000012;974.7399000000016;974.7399000000016;974.7399000000016;974.1238000000017;933.5448999999956;974.7399000000016;952.0290999999968;982.291900000012;
6012.999999999965;986.0960000000773;982.291900000012;953.7894999999969;955.109799999997;991.4464000000476;982.291900000012;988.7712000000624;982.291900000012;974.7399000000016;974.7399000000016;974.7399000000016;974.1238000000017;933.5448999999956;974.7399000000016;952.0290999999968;982.291900000012;
6013.999999999965;986.0960000000773;982.291900000012;953.7894999999969;955.109799999997;991.4464000000476;982.291900000012;988.7712000000624;982.291900000012;974.7399000000016;974.7399000000016;974.7399000000016;974.1238000000017;933.5448999999956;974.7399000000016;952.0290999999968;982.291900000012;
6014.999999999965;986.0960000000773;982.291900000012;953.7894999999969;955.109799999997;991.4464000000476;982.291900000012;988.7712000000624;982.291900000012;974.7399000000016;974.7399000000016;974.7399000000016;974.1238000000017;933.5448999999956;974.7399000000016;952.0290999999968;982.291900000012;
6015.999999999965;986.0960000000773;982.291900000012;953.7894999999969;955.109799999997;991.4464000000476;982.291900000012;988.7712000000624;982.291900000012;974.7399000000016;974.7399000000016;974.7399000000016;974.1238000000017;933.5448999999956;974.7399000000016;952.0290999999968;982.291900000012;
6016.999999999965;986.0960000000773;982.291900000012;953.7894999999969;955.109799999997;991.4464000000476;982.291900000012;988.7712000000624;982.291900000012;974.7399000000016;974.7399000000016;974.7399000000016;974.1238000000017;933.5448999999956;974.7399000000016;952.0290999999968;982.291900000012;
6017.999999999965;986.0960000000773;982.291900000012;953.7894999999969;955.109799999997;991.4464000000476;982.291900000012;988.7712000000624;982.291900000012;974.7399000000016;974.7399000000016;974.7399000000016;974.1238000000017;933.5448999999956;974.7399000000016;952.0290999999968;982.291900000012;
6018.999999999965;986.0960000000773;982.291900000012;953.7894999999969;955.109799999997;991.4464000000476;982.291900000012;988.7712000000624;982.291900000012;974.7399000000016;974.7399000000016;974.7399000000016;974.1238000000017;933.5448999999956;974.7399000000016;952.0290999999968;982.291900000012;
6019.999999999965;986.0960000000773;982.291900000012;953.7894999999969;955.109799999997;991.4464000000476;982.291900000012;988.7712000000624;982.291900000012;974.7399000000016;974.7399000000016;974.7399000000016;974.1238000000017;933.5448999999956;974.7399000000016;952.0290999999968;982.291900000012;
6020.999999999965;986.0960000000773;982.291900000012;953.7894999999969;955.109799999997;991.4464000000476;982.291900000012;988.7712000000624;982.291900000012;974.7399000000016;974.7399000000016;974.7399000000016;974.1238000000017;933.5448999999956;974.7399000000016;952.0290999999968;982.291900000012;
6021.999999999965;986.0960000000773;982.291900000012;953.7894999999969;955.109799999997;991.4464000000476;982.291900000012;988.7712000000624;982.291900000012;974.7399000000016;974.7399000000016;974.7399000000016;974.1238000000017;933.5448999999956;974.7399000000016;952.0290999999968;982.291900000012;
6022.999999999965;986.0960000000773;982.291900000012;953.7894999999969;955.109799999997;991.4464000000476;982.291900000012;988.7712000000624;982.291900000012;974.7399000000016;974.7399000000016;974.7399000000016;974.1238000000017;933.5448999999956;974.7399000000016;952.0290999999968;982.291900000012;
6023.999999999965;986.0960000000773;982.291900000012;953.7894999999969;955.109799999997;991.4464000000476;982.291900000012;988.7712000000624;982.291900000012;974.7399000000016;974.7399000000016;974.7399000000016;974.1238000000017;933.5448999999956;974.7399000000016;952.0290999999968;982.291900000012;
6024.999999999965;986.0960000000773;982.291900000012;953.7894999999969;955.109799999997;991.4464000000476;982.291900000012;988.7712000000624;982.291900000012;974.7399000000016;974.7399000000016;974.7399000000016;974.1238000000017;933.5448999999956;974.7399000000016;952.0290999999968;982.291900000012;
6025.999999999965;986.0960000000773;982.291900000012;953.7894999999969;955.109799999997;991.4464000000476;982.291900000012;988.7712000000624;982.291900000012;974.7399000000016;974.7399000000016;974.7399000000016;974.1238000000017;933.5448999999956;974.7399000000016;952.0290999999968;982.291900000012;
6026.999999999965;986.0960000000773;982.291900000012;953.7894999999969;955.109799999997;991.4464000000476;982.291900000012;988.7712000000624;982.291900000012;974.7399000000016;974.7399000000016;974.7399000000016;974.1238000000017;933.5448999999956;974.7399000000016;952.0290999999968;982.291900000012;
6027.999999999965;986.0960000000773;982.291900000012;953.7894999999969;955.109799999997;991.4464000000476;982.291900000012;988.7712000000624;982.291900000012;974.7399000000016;974.7399000000016;974.7399000000016;974.1238000000017;933.5448999999956;974.7399000000016;952.0290999999968;982.291900000012;
6028.999999999965;986.0960000000773;982.291900000012;953.7894999999969;955.109799999997;991.4464000000476;982.291900000012;988.7712000000624;982.291900000012;974.7399000000016;974.7399000000016;974.7399000000016;974.1238000000017;933.5448999999956;974.7399000000016;952.0290999999968;982.291900000012;
6029.769780640092;986.0960000000773;982.291900000012;953.7894999999969;955.109799999997;991.4464000000476;982.291800000012;988.7712000000624;982.291900000012;974.7399000000016;974.7399000000016;974.7399000000016;974.1238000000017;933.5448999999956;974.7399000000016;952.0290999999968;982.291900000012;
6029.769780640092;986.0960000000773;982.291900000012;953.7894999999969;955.109799999997;991.4464000000476;982.203800000012;988.7712000000624;982.291900000012;974.7399000000016;974.7399000000016;974.7399000000016;974.1238000000017;933.5448999999956;974.7399000000016;952.0290999999968;982.291900000012;
6029.775096640092;986.0872000000774;982.291900000012;953.7894999999969;955.109799999997;991.4464000000476;982.203800000012;988.7712000000624;982.291900000012;974.7399000000016;974.7399000000016;974.7399000000016;974.1238000000017;933.5448999999956;974.7399000000016;952.0290999999968;982.291900000012;
6029.775096640092;986.0784000000774;982.291900000012;953.7894999999969;955.109799999997;991.4464000000476;982.203800000012;988.7712000000624;982.291900000012;974.7399000000016;974.7399000000016;974.7399000000016;974.1238000000017;933.5448999999956;974.7399000000016;952.0290999999968;982.291900000012;
6029.7804126400915;986.0784000000774;982.291900000012;953.7894999999969;955.109799999997;991.4464000000476;982.203800000012;988.7624000000625;982.291900000012;974.7399000000016;974.7399000000016;974.7399000000016;974.1238000000017;933.5448999999956;974.7399000000016;952.0290999999968;982.291900000012;
6029.806918412205;986.0784000000774;982.291900000012;953.7894999999969;955.109799999997;991.4464000000476;982.203800000012;988.7624000000625;982.291900000012;974.7399000000016;974.7399000000016;974.7399000000016;974.1238000000017;933.5447999999956;974.7399000000016;952.0290999999968;982.291900000012;
6029.806918412205;986.0784000000774;982.291900000012;953.7894999999969;955.109799999997;991.4464000000476;982.203800000012;988.7624000000625;982.291900000012;974.7399000000016;974.7399000000016;974.7399000000016;974.1238000000017;933.1047999999955;974.7399000000016;952.0290999999968;982.291900000012;
6029.812234412205;986.0784000000774;982.291900000012;953.7894999999969;955.109799999997;991.4376000000476;982.203800000012;988.7624000000625;982.291900000012;974.7399000000016;974.7399000000016;974.7399000000016;974.1238000000017;933.1047999999955;974.7399000000016;952.0290999999968;982.291900000012;
6029.812234412205;986.0784000000774;982.291900000012;953.7894999999969;955.109799999997;991.4288000000477;982.203800000012;988.7624000000625;982.291900000012;974.7399000000016;974.7399000000016;974.7399000000016;974.1238000000017;933.1047999999955;974.7399000000016;952.0290999999968;982.291900000012;
6029.817550412205;986.0784000000774;982.291900000012;953.7894999999969;955.109799999997;991.4288000000477;982.203800000012;988.7536000000625;982.291900000012;974.7399000000016;974.7399000000016;974.7399000000016;974.1238000000017;933.1047999999955;974.7399000000016;952.0290999999968;982.291900000012;
6029.94177625837;986.0784000000774;982.291900000012;953.7894999999969;955.109799999997;991.4288000000477;982.203800000012;988.7536000000625;982.291800000012;974.7399000000016;974.7399000000016;974.7399000000016;974.1238000000017;933.1047999999955;974.7399000000016;952.0290999999968;982.291900000012;
6030.775101416428;986.0608000000775;982.203800000012;953.7894999999969;954.669699999997;991.4112000000478;982.203800000012;988.7536000000625;982.203800000012;974.7399000000016;974.7399000000016;974.7399000000016;974.1238000000017;933.1047999999955;974.7399000000016;951.5889999999968;982.203800000012;
6031.775106192765;986.0520000000776;982.203800000012;953.7894999999969;954.669699999997;991.4024000000478;982.203800000012;988.7360000000626;982.203800000012;974.7399000000016;974.7399000000016;974.7399000000016;974.1238000000017;933.1047999999955;974.7399000000016;951.5889999999968;982.203800000012;
6031.999999999964;986.0432000000776;982.203800000012;953.7894999999969;954.669699999997;991.3936000000479;982.203800000012;988.7184000000627;982.203800000012;974.7399000000016;974.7399000000016;974.7399000000016;974.1238000000017;933.1047999999955;974.7399000000016;951.5889999999968;982.203800000012;
6032.775110969102;986.0432000000776;982.203800000012;953.7894999999969;954.669699999997;991.3936000000479;982.203800000012;988.7184000000627;982.203800000012;974.7399000000016;974.7399000000016;974.7399000000016;974.1238000000017;933.1047999999955;974.7399000000016;951.5889999999968;982.203800000012;
6033.999999999964;986.0432000000776;982.203800000012;953.7894999999969;954.669699999997;991.3936000000479;982.203800000012;988.7184000000627;982.203800000012;974.7399000000016;974.7399000000016;974.7399000000016;974.1238000000017;933.1047999999955;974.7399000000016;951.5889999999968;982.203800000012;
6034.999999999964;986.0432000000776;982.203800000012;953.7894999999969;954.669699999997;991.3936000000479;982.203800000012;988.7184000000627;982.203800000012;974.7399000000016;974.7399000000016;974.7399000000016;974.1238000000017;933.1047999999955;974.7399000000016;951.5889999999968;982.203800000012;
6035.999999999964;986.0432000000776;982.203800000012;953.7894999999969;954.669699999997;991.3936000000479;982.203800000012;988.7184000000627;982.203800000012;974.7399000000016;974.7399000000016;974.7399000000016;974.1238000000017;933.1047999999955;974.7399000000016;951.5889999999968;982.203800000012;
6036.999999999964;986.0432000000776;982.203800000012;953.7894999999969;954.669699999997;991.3936000000479;982.203800000012;988.7184000000627;982.203800000012;974.7399000000016;974.7399000000016;974.7399000000016;974.1238000000017;933.1047999999955;974.7399000000016;951.5889999999968;982.203800000012;
6037.999999999964;986.0432000000776;982.203800000012;953.7894999999969;954.669699999997;991.3936000000479;982.203800000012;988.7184000000627;982.203800000012;974.7399000000016;974.7399000000016;974.7399000000016;974.1238000000017;933.1047999999955;974.7399000000016;951.5889999999968;982.203800000012;
6038.999999999964;986.0432000000776;982.203800000012;953.7894999999969;954.669699999997;991.3936000000479;982.203800000012;988.7184000000627;982.203800000012;974.7399000000016;974.7399000000016;974.7399000000016;974.1238000000017;933.1047999999955;974.7399000000016;951.5889999999968;982.203800000012;
6039.999999999964;986.0432000000776;982.203800000012;953.7894999999969;954.669699999997;991.3936000000479;982.203800000012;988.7184000000627;982.203800000012;974.7399000000016;974.7399000000016;974.7399000000016;974.1238000000017;933.1047999999955;974.7399000000016;951.5889999999968;982.203800000012;
6040.999999999964;986.0432000000776;982.203800000012;953.7894999999969;954.669699999997;991.3936000000479;982.203800000012;988.7184000000627;982.203800000012;974.7399000000016;974.7399000000016;974.7399000000016;974.1238000000017;933.1047999999955;974.7399000000016;951.5889999999968;982.203800000012;
6041.999999999964;986.0432000000776;982.203800000012;953.7894999999969;954.669699999997;991.3936000000479;982.203800000012;988.7184000000627;982.203800000012;974.7399000000016;974.7399000000016;974.7399000000016;974.1238000000017;933.1047999999955;974.7399000000016;951.5889999999968;982.203800000012;
6042.999999999964;986.0432000000776;982.203800000012;953.7894999999969;954.669699999997;991.3936000000479;982.203800000012;988.7184000000627;982.203800000012;974.7399000000016;974.7399000000016;974.7399000000016;974.1238000000017;933.1047999999955;974.7399000000016;951.5889999999968;982.203800000012;
6043.999999999964;986.0432000000776;982.203800000012;953.7894999999969;954.669699999997;991.3936000000479;982.203800000012;988.7184000000627;982.203800000012;974.7399000000016;974.7399000000016;974.7399000000016;974.1238000000017;933.1047999999955;974.7399000000016;951.5889999999968;982.203800000012;
6044.999999999964;986.0432000000776;982.203800000012;953.7894999999969;954.669699999997;991.3936000000479;982.203800000012;988.7184000000627;982.203800000012;974.7399000000016;974.7399000000016;974.7399000000016;974.1238000000017;933.1047999999955;974.7399000000016;951.5889999999968;982.203800000012;
6045.999999999964;986.0432000000776;982.203800000012;953.7894999999969;954.669699999997;991.3936000000479;982.203800000012;988.7184000000627;982.203800000012;974.7399000000016;974.7399000000016;974.7399000000016;974.1238000000017;933.1047999999955;974.7399000000016;951.5889999999968;982.203800000012;
6046.999999999964;986.0432000000776;982.203800000012;953.7894999999969;954.669699999997;991.3936000000479;982.203800000012;988.7184000000627;982.203800000012;974.7399000000016;974.7399000000016;974.7399000000016;974.1238000000017;933.1047999999955;974.7399000000016;951.5889999999968;982.203800000012;
6047.999999999964;986.0432000000776;982.203800000012;953.7894999999969;954.669699999997;991.3936000000479;982.203800000012;988.7184000000627;982.203800000012;974.7399000000016;974.7399000000016;974.7399000000016;974.1238000000017;933.1047999999955;974.7399000000016;951.5889999999968;982.203800000012;
6048.999999999964;986.0432000000776;982.203800000012;953.7894999999969;954.669699999997;991.3936000000479;982.203800000012;988.7184000000627;982.203800000012;974.7399000000016;974.7399000000016;974.7399000000016;974.1238000000017;933.1047999999955;974.7399000000016;951.5889999999968;982.203800000012;
6049.999999999964;986.0432000000776;982.203800000012;953.7894999999969;954.669699999997;991.3936000000479;982.203800000012;988.7184000000627;982.203800000012;974.7399000000016;974.7399000000016;974.7399000000016;974.1238000000017;933.1047999999955;974.7399000000016;951.5889999999968;982.203800000012;
6050.999999999964;986.0432000000776;982.203800000012;953.7894999999969;954.669699999997;991.3936000000479;982.203800000012;988.7184000000627;982.203800000012;974.7399000000016;974.7399000000016;974.7399000000016;974.1238000000017;933.1047999999955;974.7399000000016;951.5889999999968;982.203800000012;
6051.999999999964;986.0432000000776;982.203800000012;953.7894999999969;954.669699999997;991.3936000000479;982.203800000012;988.7184000000627;982.203800000012;974.7399000000016;974.7399000000016;974.7399000000016;974.1238000000017;933.1047999999955;974.7399000000016;951.5889999999968;982.203800000012;
6052.999999999964;986.0432000000776;982.203800000012;953.7894999999969;954.669699999997;991.3936000000479;982.203800000012;988.7184000000627;982.203800000012;974.7399000000016;974.7399000000016;974.7399000000016;974.1238000000017;933.1047999999955;974.7399000000016;951.5889999999968;982.203800000012;
6053.999999999964;986.0432000000776;982.203800000012;953.7894999999969;954.669699999997;991.3936000000479;982.203800000012;988.7184000000627;982.203800000012;974.7399000000016;974.7399000000016;974.7399000000016;974.1238000000017;933.1047999999955;974.7399000000016;951.5889999999968;982.203800000012;
6054.999999999964;986.0432000000776;982.203800000012;953.7894999999969;954.669699999997;991.3936000000479;982.203800000012;988.7184000000627;982.203800000012;974.7399000000016;974.7399000000016;974.7399000000016;974.1238000000017;933.1047999999955;974.7399000000016;951.5889999999968;982.203800000012;
6055.999999999964;986.0432000000776;982.203800000012;953.7894999999969;954.669699999997;991.3936000000479;982.203800000012;988.7184000000627;982.203800000012;974.7399000000016;974.7399000000016;974.7399000000016;974.1238000000017;933.1047999999955;974.7399000000016;951.5889999999968;982.203800000012;
6056.999999999964;986.0432000000776;982.203800000012;953.7894999999969;954.669699999997;991.3936000000479;982.203800000012;988.7184000000627;982.203800000012;974.7399000000016;974.7399000000016;974.7399000000016;974.1238000000017;933.1047999999955;974.7399000000016;951.5889999999968;982.203800000012;
6057.999999999964;986.0432000000776;982.203800000012;953.7894999999969;954.669699999997;991.3936000000479;982.203800000012;988.7184000000627;982.203800000012;974.7399000000016;974.7399000000016;974.7399000000016;974.1238000000017;933.1047999999955;974.7399000000016;951.5889999999968;982.203800000012;
6058.999999999964;986.0432000000776;982.203800000012;953.7894999999969;954.669699999997;991.3936000000479;982.203800000012;988.7184000000627;982.203800000012;974.7399000000016;974.7399000000016;974.7399000000016;974.1238000000017;933.1047999999955;974.7399000000016;951.5889999999968;982.203800000012;
6059.769753377824;986.0432000000776;982.203800000012;953.7894999999969;954.669699999997;991.3936000000479;982.2037000000121;988.7184000000627;982.203800000012;974.7399000000016;974.7399000000016;974.7399000000016;974.1238000000017;933.1047999999955;974.7399000000016;951.5889999999968;982.203800000012;
6059.769753377824;986.0432000000776;982.203800000012;953.7894999999969;954.669699999997;991.3936000000479;982.1157000000121;988.7184000000627;982.203800000012;974.7399000000016;974.7399000000016;974.7399000000016;974.1238000000017;933.1047999999955;974.7399000000016;951.5889999999968;982.203800000012;
6059.7750693778235;986.0344000000777;982.203800000012;953.7894999999969;954.669699999997;991.3936000000479;982.1157000000121;988.7184000000627;982.203800000012;974.7399000000016;974.7399000000016;974.7399000000016;974.1238000000017;933.1047999999955;974.7399000000016;951.5889999999968;982.203800000012;
6059.7750693778235;986.0256000000777;982.203800000012;953.7894999999969;954.669699999997;991.3936000000479;982.1157000000121;988.7184000000627;982.203800000012;974.7399000000016;974.7399000000016;974.7399000000016;974.1238000000017;933.1047999999955;974.7399000000016;951.5889999999968;982.203800000012;
6059.780385377823;986.0256000000777;982.203800000012;953.7894999999969;954.669699999997;991.3936000000479;982.1157000000121;988.7096000000628;982.203800000012;974.7399000000016;974.7399000000016;974.7399000000016;974.1238000000017;933.1047999999955;974.7399000000016;951.5889999999968;982.203800000012;
6059.804204105891;986.0256000000777;982.203800000012;953.7893999999969;954.669699999997;991.3936000000479;982.1157000000121;988.7096000000628;982.203800000012;974.7399000000016;974.7399000000016;974.7399000000016;974.1238000000017;933.1047999999955;974.7399000000016;951.5889999999968;982.203800000012;
6059.804204105891;986.0256000000777;982.203800000012;953.3493999999969;954.669699999997;991.3936000000479;982.1157000000121;988.7096000000628;982.203800000012;974.7399000000016;974.7399000000016;974.7399000000016;974.1238000000017;933.1047999999955;974.7399000000016;951.5889999999968;982.203800000012;
6059.805190802073;986.0256000000777;982.203800000012;953.3493999999969;954.669699999997;991.3936000000479;982.1157000000121;988.7096000000628;982.203800000012;974.7399000000016;974.7399000000016;974.7399000000016;974.1238000000017;933.1046999999955;974.7399000000016;951.5889999999968;982.203800000012;
6059.805190802073;986.0256000000777;982.203800000012;953.3493999999969;954.669699999997;991.3936000000479;982.1157000000121;988.7096000000628;982.203800000012;974.7399000000016;974.7399000000016;974.7399000000016;974.1238000000017;932.6646999999955;974.7399000000016;951.5889999999968;982.203800000012;
6059.80952010589;986.0168000000778;982.203800000012;953.3493999999969;954.669699999997;991.3936000000479;982.1157000000121;988.7096000000628;982.203800000012;974.7399000000016;974.7399000000016;974.7399000000016;974.1238000000017;932.6646999999955;974.7399000000016;951.5889999999968;982.203800000012;
6059.810506802073;986.0168000000778;982.203800000012;953.3493999999969;954.669699999997;991.3848000000479;982.1157000000121;988.7096000000628;982.203800000012;974.7399000000016;974.7399000000016;974.7399000000016;974.1238000000017;932.6646999999955;974.7399000000016;951.5889999999968;982.203800000012;
6059.810506802073;986.0168000000778;982.203800000012;953.3493999999969;954.669699999997;991.376000000048;982.1157000000121;988.7096000000628;982.203800000012;974.7399000000016;974.7399000000016;974.7399000000016;974.1238000000017;932.6646999999955;974.7399000000016;951.5889999999968;982.203800000012;
6059.941819567303;986.0168000000778;982.203800000012;953.3493999999969;954.669699999997;991.376000000048;982.1157000000121;988.7008000000628;982.2037000000121;974.7399000000016;974.7399000000016;974.7399000000016;974.1238000000017;932.6646999999955;974.7399000000016;951.5889999999968;982.203800000012;
6060.775074154159;985.9992000000778;982.1157000000121;953.3493999999969;954.669699999997;991.376000000048;982.1157000000121;988.7008000000628;982.1157000000121;974.7399000000016;974.7399000000016;974.7399000000016;974.1238000000017;932.6646999999955;974.7399000000016;951.5889999999968;982.1157000000121;
6061.775078930496;985.9904000000779;982.1157000000121;953.3493999999969;954.669699999997;991.376000000048;982.1157000000121;988.6920000000629;982.1157000000121;974.7399000000016;974.7399000000016;974.7399000000016;974.1238000000017;932.6646999999955;974.7399000000016;951.5889999999968;982.1157000000121;
6061.999999999962;985.981600000078;982.1157000000121;953.3493999999969;954.669699999997;991.376000000048;982.1157000000121;988.6832000000629;982.1157000000121;974.7399000000016;974.7399000000016;974.7399000000016;974.1238000000017;932.6646999999955;974.7399000000016;951.5889999999968;982.1157000000121;
6062.775083706833;985.981600000078;982.1157000000121;953.3493999999969;954.669699999997;991.376000000048;982.1157000000121;988.6832000000629;982.1157000000121;974.7399000000016;974.7399000000016;974.7399000000016;974.1238000000017;932.6646999999955;974.7399000000016;951.5889999999968;982.1157000000121;
6063.77508848317;985.972800000078;982.1157000000121;953.3493999999969;954.669699999997;991.376000000048;982.1157000000121;988.674400000063;982.1157000000121;974.7399000000016;974.7399000000016;974.7399000000016;974.1238000000017;932.6646999999955;974.7399000000016;951.5889999999968;982.1157000000121;
6064.999999999961;985.972800000078;982.1157000000121;953.3493999999969;954.669699999997;991.376000000048;982.1157000000121;988.674400000063;982.1157000000121;974.7399000000016;974.7399000000016;974.7399000000016;974.1238000000017;932.6646999999955;974.7399000000016;951.5889999999968;982.1157000000121;
6065.999999999961;985.972800000078;982.1157000000121;953.3493999999969;954.669699999997;991.376000000048;982.1157000000121;988.674400000063;982.1157000000121;974.7399000000016;974.7399000000016;974.7399000000016;974.1238000000017;932.6646999999955;974.7399000000016;951.5889999999968;982.1157000000121;
6066.999999999961;985.972800000078;982.1157000000121;953.3493999999969;954.669699999997;991.376000000048;982.1157000000121;988.674400000063;982.1157000000121;974.7399000000016;974.7399000000016;974.7399000000016;974.1238000000017;932.6646999999955;974.7399000000016;951.5889999999968;982.1157000000121;
6067.999999999961;985.972800000078;982.1157000000121;953.3493999999969;954.669699999997;991.376000000048;982.1157000000121;988.674400000063;982.1157000000121;974.7399000000016;974.7399000000016;974.7399000000016;974.1238000000017;932.6646999999955;974.7399000000016;951.5889999999968;982.1157000000121;
6068.999999999961;985.972800000078;982.1157000000121;953.3493999999969;954.669699999997;991.376000000048;982.1157000000121;988.674400000063;982.1157000000121;974.7399000000016;974.7399000000016;974.7399000000016;974.1238000000017;932.6646999999955;974.7399000000016;951.5889999999968;982.1157000000121;
6069.999999999961;985.972800000078;982.1157000000121;953.3493999999969;954.669699999997;991.376000000048;982.1157000000121;988.674400000063;982.1157000000121;974.7399000000016;974.7399000000016;974.7399000000016;974.1238000000017;932.6646999999955;974.7399000000016;951.5889999999968;982.1157000000121;
6070.999999999961;985.972800000078;982.1157000000121;953.3493999999969;954.669699999997;991.376000000048;982.1157000000121;988.674400000063;982.1157000000121;974.7399000000016;974.7399000000016;974.7399000000016;974.1238000000017;932.6646999999955;974.7399000000016;951.5889999999968;982.1157000000121;
6071.999999999961;985.972800000078;982.1157000000121;953.3493999999969;954.669699999997;991.376000000048;982.1157000000121;988.674400000063;982.1157000000121;974.7399000000016;974.7399000000016;974.7399000000016;974.1238000000017;932.6646999999955;974.7399000000016;951.5889999999968;982.1157000000121;
6072.999999999961;985.972800000078;982.1157000000121;953.3493999999969;954.669699999997;991.376000000048;982.1157000000121;988.674400000063;982.1157000000121;974.7399000000016;974.7399000000016;974.7399000000016;974.1238000000017;932.6646999999955;974.7399000000016;951.5889999999968;982.1157000000121;
6073.999999999961;985.972800000078;982.1157000000121;953.3493999999969;954.669699999997;991.376000000048;982.1157000000121;988.674400000063;982.1157000000121;974.7399000000016;974.7399000000016;974.7399000000016;974.1238000000017;932.6646999999955;974.7399000000016;951.5889999999968;982.1157000000121;
6074.999999999961;985.972800000078;982.1157000000121;953.3493999999969;954.669699999997;991.376000000048;982.1157000000121;988.674400000063;982.1157000000121;974.7399000000016;974.7399000000016;974.7399000000016;974.1238000000017;932.6646999999955;974.7399000000016;951.5889999999968;982.1157000000121;
6075.013468608885;985.972800000078;982.1157000000121;953.3493999999969;954.669699999997;991.376000000048;982.1157000000121;988.674400000063;982.1157000000121;974.7399000000016;974.7399000000016;974.7399000000016;974.1237000000017;932.6646999999955;974.7399000000016;951.5889999999968;982.1157000000121;
6075.013468608885;985.972800000078;982.1157000000121;953.3493999999969;954.669699999997;991.376000000048;982.1157000000121;988.674400000063;982.1157000000121;974.7399000000016;974.7399000000016;974.7399000000016;973.5077000000017;932.6646999999955;974.7399000000016;951.5889999999968;982.1157000000121;
6075.018784608885;985.972800000078;982.1157000000121;953.3493999999969;954.669699999997;991.367200000048;982.1157000000121;988.674400000063;982.1157000000121;974.7399000000016;974.7399000000016;974.7399000000016;973.5077000000017;932.6646999999955;974.7399000000016;951.5889999999968;982.1157000000121;
6075.018784608885;985.972800000078;982.1157000000121;953.3493999999969;954.669699999997;991.358400000048;982.1157000000121;988.674400000063;982.1157000000121;974.7399000000016;974.7399000000016;974.7399000000016;973.5077000000017;932.6646999999955;974.7399000000016;951.5889999999968;982.1157000000121;
6075.0241006088845;985.972800000078;982.1157000000121;953.3493999999969;954.669699999997;991.358400000048;982.1157000000121;988.665600000063;982.1157000000121;974.7399000000016;974.7399000000016;974.7399000000016;973.5077000000017;932.6646999999955;974.7399000000016;951.5889999999968;982.1157000000121;
6075.99999999996;985.972800000078;982.1157000000121;953.3493999999969;954.669699999997;991.358400000048;982.1157000000121;988.665600000063;982.1157000000121;974.7399000000016;974.7399000000016;974.7399000000016;973.5077000000017;932.6646999999955;974.7399000000016;951.5889999999968;982.1157000000121;
6076.018774461862;985.972800000078;982.1157000000121;953.3493999999969;954.669699999997;991.358400000048;982.1157000000121;988.665600000063;982.1157000000121;974.7399000000016;974.7399000000016;974.7399000000016;973.5077000000017;932.6646999999955;974.7399000000016;951.5889999999968;982.1157000000121;
6076.99999999996;985.972800000078;982.1157000000121;953.3493999999969;954.669699999997;991.358400000048;982.1157000000121;988.665600000063;982.1157000000121;974.7399000000016;974.7399000000016;974.7399000000016;973.5077000000017;932.6646999999955;974.7399000000016;951.5889999999968;982.1157000000121;
6077.99999999996;985.972800000078;982.1157000000121;953.3493999999969;954.669699999997;991.358400000048;982.1157000000121;988.665600000063;982.1157000000121;974.7399000000016;974.7399000000016;974.7399000000016;973.5077000000017;932.6646999999955;974.7399000000016;951.5889999999968;982.1157000000121;
6078.99999999996;985.972800000078;982.1157000000121;953.3493999999969;954.669699999997;991.358400000048;982.1157000000121;988.665600000063;982.1157000000121;974.7399000000016;974.7399000000016;974.7399000000016;973.5077000000017;932.6646999999955;974.7399000000016;951.5889999999968;982.1157000000121;
6079.99999999996;985.972800000078;982.1157000000121;953.3493999999969;954.669699999997;991.358400000048;982.1157000000121;988.665600000063;982.1157000000121;974.7399000000016;974.7399000000016;974.7399000000016;973.5077000000017;932.6646999999955;974.7399000000016;951.5889999999968;982.1157000000121;
6080.99999999996;985.972800000078;982.1157000000121;953.3493999999969;954.669699999997;991.358400000048;982.1157000000121;988.665600000063;982.1157000000121;974.7399000000016;974.7399000000016;974.7399000000016;973.5077000000017;932.6646999999955;974.7399000000016;951.5889999999968;982.1157000000121;
6081.99999999996;985.972800000078;982.1157000000121;953.3493999999969;954.669699999997;991.358400000048;982.1157000000121;988.665600000063;982.1157000000121;974.7399000000016;974.7399000000016;974.7399000000016;973.5077000000017;932.6646999999955;974.7399000000016;951.5889999999968;982.1157000000121;
6082.99999999996;985.972800000078;982.1157000000121;953.3493999999969;954.669699999997;991.358400000048;982.1157000000121;988.665600000063;982.1157000000121;974.7399000000016;974.7399000000016;974.7399000000016;973.5077000000017;932.6646999999955;974.7399000000016;951.5889999999968;982.1157000000121;
6083.99999999996;985.972800000078;982.1157000000121;953.3493999999969;954.669699999997;991.358400000048;982.1157000000121;988.665600000063;982.1157000000121;974.7399000000016;974.7399000000016;974.7399000000016;973.5077000000017;932.6646999999955;974.7399000000016;951.5889999999968;982.1157000000121;
6084.99999999996;985.972800000078;982.1157000000121;953.3493999999969;954.669699999997;991.358400000048;982.1157000000121;988.665600000063;982.1157000000121;974.7399000000016;974.7399000000016;974.7399000000016;973.5077000000017;932.6646999999955;974.7399000000016;951.5889999999968;982.1157000000121;
6085.99999999996;985.972800000078;982.1157000000121;953.3493999999969;954.669699999997;991.358400000048;982.1157000000121;988.665600000063;982.1157000000121;974.7399000000016;974.7399000000016;974.7399000000016;973.5077000000017;932.6646999999955;974.7399000000016;951.5889999999968;982.1157000000121;
6086.99999999996;985.972800000078;982.1157000000121;953.3493999999969;954.669699999997;991.358400000048;982.1157000000121;988.665600000063;982.1157000000121;974.7399000000016;974.7399000000016;974.7399000000016;973.5077000000017;932.6646999999955;974.7399000000016;951.5889999999968;982.1157000000121;
6087.99999999996;985.972800000078;982.1157000000121;953.3493999999969;954.669699999997;991.358400000048;982.1157000000121;988.665600000063;982.1157000000121;974.7399000000016;974.7399000000016;974.7399000000016;973.5077000000017;932.6646999999955;974.7399000000016;951.5889999999968;982.1157000000121;
6088.99999999996;985.972800000078;982.1157000000121;953.3493999999969;954.669699999997;991.358400000048;982.1157000000121;988.665600000063;982.1157000000121;974.7399000000016;974.7399000000016;974.7399000000016;973.5077000000017;932.6646999999955;974.7399000000016;951.5889999999968;982.1157000000121;
6089.769726115554;985.972800000078;982.1157000000121;953.3493999999969;954.669699999997;991.358400000048;982.1156000000121;988.665600000063;982.1157000000121;974.7399000000016;974.7399000000016;974.7399000000016;973.5077000000017;932.6646999999955;974.7399000000016;951.5889999999968;982.1157000000121;
6089.769726115554;985.972800000078;982.1157000000121;953.3493999999969;954.669699999997;991.358400000048;982.0276000000122;988.665600000063;982.1157000000121;974.7399000000016;974.7399000000016;974.7399000000016;973.5077000000017;932.6646999999955;974.7399000000016;951.5889999999968;982.1157000000121;
6089.775042115553;985.964000000078;982.1157000000121;953.3493999999969;954.669699999997;991.358400000048;982.0276000000122;988.665600000063;982.1157000000121;974.7399000000016;974.7399000000016;974.7399000000016;973.5077000000017;932.6646999999955;974.7399000000016;951.5889999999968;982.1157000000121;
6089.775042115553;985.9552000000781;982.1157000000121;953.3493999999969;954.669699999997;991.358400000048;982.0276000000122;988.665600000063;982.1157000000121;974.7399000000016;974.7399000000016;974.7399000000016;973.5077000000017;932.6646999999955;974.7399000000016;951.5889999999968;982.1157000000121;
6089.780358115553;985.9552000000781;982.1157000000121;953.3493999999969;954.669699999997;991.358400000048;982.0276000000122;988.6568000000631;982.1157000000121;974.7399000000016;974.7399000000016;974.7399000000016;973.5077000000017;932.6646999999955;974.7399000000016;951.5889999999968;982.1157000000121;
6089.941862876237;985.9552000000781;982.1157000000121;953.3493999999969;954.669699999997;991.358400000048;982.0276000000122;988.6568000000631;982.1156000000121;974.7399000000016;974.7399000000016;974.7399000000016;973.5077000000017;932.6646999999955;974.7399000000016;951.5889999999968;982.1157000000121;
6089.999999999961;985.9376000000782;982.0276000000122;953.3493999999969;954.2295999999969;991.3408000000481;982.0276000000122;988.6480000000631;982.0276000000122;974.7399000000016;974.7399000000016;974.7399000000016;973.5077000000017;932.6646999999955;974.7399000000016;951.5889999999968;982.1157000000121;
6090.775046891891;985.9376000000782;982.0276000000122;953.3493999999969;954.2295999999969;991.3320000000482;982.0276000000122;988.6480000000631;982.0276000000122;974.7399000000016;974.7399000000016;974.7399000000016;973.5077000000017;932.6646999999955;974.7399000000016;951.1488999999967;982.0276000000122;
6091.775051668228;985.9288000000782;982.0276000000122;953.3493999999969;954.2295999999969;991.3232000000482;982.0276000000122;988.6304000000632;982.0276000000122;974.7399000000016;974.7399000000016;974.7399000000016;973.5077000000017;932.6646999999955;974.7399000000016;951.1488999999967;982.0276000000122;
6092.775056444564;985.9200000000783;982.0276000000122;953.3493999999969;954.2295999999969;991.3232000000482;982.0276000000122;988.6216000000633;982.0276000000122;974.7399000000016;974.7399000000016;974.7399000000016;973.5077000000017;932.6646999999955;974.7399000000016;951.1488999999967;982.0276000000122;
6092.999999999959;985.9200000000783;982.0276000000122;953.3493999999969;954.2295999999969;991.3232000000482;982.0276000000122;988.6216000000633;982.0276000000122;974.7399000000016;974.7399000000016;974.7399000000016;973.5077000000017;932.6646999999955;974.7399000000016;951.1488999999967;982.0276000000122;
6093.999999999959;985.9200000000783;982.0276000000122;953.3493999999969;954.2295999999969;991.3232000000482;982.0276000000122;988.6216000000633;982.0276000000122;974.7399000000016;974.7399000000016;974.7399000000016;973.5077000000017;932.6646999999955;974.7399000000016;951.1488999999967;982.0276000000122;
6094.999999999959;985.9200000000783;982.0276000000122;953.3493999999969;954.2295999999969;991.3232000000482;982.0276000000122;988.6216000000633;982.0276000000122;974.7399000000016;974.7399000000016;974.7399000000016;973.5077000000017;932.6646999999955;974.7399000000016;951.1488999999967;982.0276000000122;
6095.999999999959;985.9200000000783;982.0276000000122;953.3493999999969;954.2295999999969;991.3232000000482;982.0276000000122;988.6216000000633;982.0276000000122;974.7399000000016;974.7399000000016;974.7399000000016;973.5077000000017;932.6646999999955;974.7399000000016;951.1488999999967;982.0276000000122;
6096.999999999959;985.9200000000783;982.0276000000122;953.3493999999969;954.2295999999969;991.3232000000482;982.0276000000122;988.6216000000633;982.0276000000122;974.7399000000016;974.7399000000016;974.7399000000016;973.5077000000017;932.6646999999955;974.7399000000016;951.1488999999967;982.0276000000122;
6097.999999999959;985.9200000000783;982.0276000000122;953.3493999999969;954.2295999999969;991.3232000000482;982.0276000000122;988.6216000000633;982.0276000000122;974.7399000000016;974.7399000000016;974.7399000000016;973.5077000000017;932.6646999999955;974.7399000000016;951.1488999999967;982.0276000000122;
6098.999999999959;985.9200000000783;982.0276000000122;953.3493999999969;954.2295999999969;991.3232000000482;982.0276000000122;988.6216000000633;982.0276000000122;974.7399000000016;974.7399000000016;974.7399000000016;973.5077000000017;932.6646999999955;974.7399000000016;951.1488999999967;982.0276000000122;
6099.999999999959;985.9200000000783;982.0276000000122;953.3493999999969;954.2295999999969;991.3232000000482;982.0276000000122;988.6216000000633;982.0276000000122;974.7399000000016;974.7399000000016;974.7399000000016;973.5077000000017;932.6646999999955;974.7399000000016;951.1488999999967;982.0276000000122;
6100.999999999959;985.9200000000783;982.0276000000122;953.3493999999969;954.2295999999969;991.3232000000482;982.0276000000122;988.6216000000633;982.0276000000122;974.7399000000016;974.7399000000016;974.7399000000016;973.5077000000017;932.6646999999955;974.7399000000016;951.1488999999967;982.0276000000122;
6101.999999999959;985.9200000000783;982.0276000000122;953.3493999999969;954.2295999999969;991.3232000000482;982.0276000000122;988.6216000000633;982.0276000000122;974.7399000000016;974.7399000000016;974.7399000000016;973.5077000000017;932.6646999999955;974.7399000000016;951.1488999999967;982.0276000000122;
6102.999999999959;985.9200000000783;982.0276000000122;953.3493999999969;954.2295999999969;991.3232000000482;982.0276000000122;988.6216000000633;982.0276000000122;974.7399000000016;974.7399000000016;974.7399000000016;973.5077000000017;932.6646999999955;974.7399000000016;951.1488999999967;982.0276000000122;
6103.999999999959;985.9200000000783;982.0276000000122;953.3493999999969;954.2295999999969;991.3232000000482;982.0276000000122;988.6216000000633;982.0276000000122;974.7399000000016;974.7399000000016;974.7399000000016;973.5077000000017;932.6646999999955;974.7399000000016;951.1488999999967;982.0276000000122;
6104.999999999959;985.9200000000783;982.0276000000122;953.3493999999969;954.2295999999969;991.3232000000482;982.0276000000122;988.6216000000633;982.0276000000122;974.7399000000016;974.7399000000016;974.7399000000016;973.5077000000017;932.6646999999955;974.7399000000016;951.1488999999967;982.0276000000122;
6105.999999999959;985.9200000000783;982.0276000000122;953.3493999999969;954.2295999999969;991.3232000000482;982.0276000000122;988.6216000000633;982.0276000000122;974.7399000000016;974.7399000000016;974.7399000000016;973.5077000000017;932.6646999999955;974.7399000000016;951.1488999999967;982.0276000000122;
6106.999999999959;985.9200000000783;982.0276000000122;953.3493999999969;954.2295999999969;991.3232000000482;982.0276000000122;988.6216000000633;982.0276000000122;974.7399000000016;974.7399000000016;974.7399000000016;973.5077000000017;932.6646999999955;974.7399000000016;951.1488999999967;982.0276000000122;
6107.999999999959;985.9200000000783;982.0276000000122;953.3493999999969;954.2295999999969;991.3232000000482;982.0276000000122;988.6216000000633;982.0276000000122;974.7399000000016;974.7399000000016;974.7399000000016;973.5077000000017;932.6646999999955;974.7399000000016;951.1488999999967;982.0276000000122;
6108.999999999959;985.9200000000783;982.0276000000122;953.3493999999969;954.2295999999969;991.3232000000482;982.0276000000122;988.6216000000633;982.0276000000122;974.7399000000016;974.7399000000016;974.7399000000016;973.5077000000017;932.6646999999955;974.7399000000016;951.1488999999967;982.0276000000122;
6109.999999999959;985.9200000000783;982.0276000000122;953.3493999999969;954.2295999999969;991.3232000000482;982.0276000000122;988.6216000000633;982.0276000000122;974.7399000000016;974.7399000000016;974.7399000000016;973.5077000000017;932.6646999999955;974.7399000000016;951.1488999999967;982.0276000000122;
6110.999999999959;985.9200000000783;982.0276000000122;953.3493999999969;954.2295999999969;991.3232000000482;982.0276000000122;988.6216000000633;982.0276000000122;974.7399000000016;974.7399000000016;974.7399000000016;973.5077000000017;932.6646999999955;974.7399000000016;951.1488999999967;982.0276000000122;
6111.999999999959;985.9200000000783;982.0276000000122;953.3493999999969;954.2295999999969;991.3232000000482;982.0276000000122;988.6216000000633;982.0276000000122;974.7399000000016;974.7399000000016;974.7399000000016;973.5077000000017;932.6646999999955;974.7399000000016;951.1488999999967;982.0276000000122;
6112.999999999959;985.9200000000783;982.0276000000122;953.3493999999969;954.2295999999969;991.3232000000482;982.0276000000122;988.6216000000633;982.0276000000122;974.7399000000016;974.7399000000016;974.7399000000016;973.5077000000017;932.6646999999955;974.7399000000016;951.1488999999967;982.0276000000122;
6113.999999999959;985.9200000000783;982.0276000000122;953.3493999999969;954.2295999999969;991.3232000000482;982.0276000000122;988.6216000000633;982.0276000000122;974.7399000000016;974.7399000000016;974.7399000000016;973.5077000000017;932.6646999999955;974.7399000000016;951.1488999999967;982.0276000000122;
6114.999999999959;985.9200000000783;982.0276000000122;953.3493999999969;954.2295999999969;991.3232000000482;982.0276000000122;988.6216000000633;982.0276000000122;974.7399000000016;974.7399000000016;974.7399000000016;973.5077000000017;932.6646999999955;974.7399000000016;951.1488999999967;982.0276000000122;
6115.999999999959;985.9200000000783;982.0276000000122;953.3493999999969;954.2295999999969;991.3232000000482;982.0276000000122;988.6216000000633;982.0276000000122;974.7399000000016;974.7399000000016;974.7399000000016;973.5077000000017;932.6646999999955;974.7399000000016;951.1488999999967;982.0276000000122;
6116.999999999959;985.9200000000783;982.0276000000122;953.3493999999969;954.2295999999969;991.3232000000482;982.0276000000122;988.6216000000633;982.0276000000122;974.7399000000016;974.7399000000016;974.7399000000016;973.5077000000017;932.6646999999955;974.7399000000016;951.1488999999967;982.0276000000122;
6117.999999999959;985.9200000000783;982.0276000000122;953.3493999999969;954.2295999999969;991.3232000000482;982.0276000000122;988.6216000000633;982.0276000000122;974.7399000000016;974.7399000000016;974.7399000000016;973.5077000000017;932.6646999999955;974.7399000000016;951.1488999999967;982.0276000000122;
6118.999999999959;985.9200000000783;982.0276000000122;953.3493999999969;954.2295999999969;991.3232000000482;982.0276000000122;988.6216000000633;982.0276000000122;974.7399000000016;974.7399000000016;974.7399000000016;973.5077000000017;932.6646999999955;974.7399000000016;951.1488999999967;982.0276000000122;
6119.769698853286;985.9200000000783;982.0276000000122;953.3493999999969;954.2295999999969;991.3232000000482;982.0275000000122;988.6216000000633;982.0276000000122;974.7399000000016;974.7399000000016;974.7399000000016;973.5077000000017;932.6646999999955;974.7399000000016;951.1488999999967;982.0276000000122;
6119.769698853286;985.9200000000783;982.0276000000122;953.3493999999969;954.2295999999969;991.3232000000482;981.9395000000122;988.6216000000633;982.0276000000122;974.7399000000016;974.7399000000016;974.7399000000016;973.5077000000017;932.6646999999955;974.7399000000016;951.1488999999967;982.0276000000122;
6119.775014853286;985.9112000000783;982.0276000000122;953.3493999999969;954.2295999999969;991.3232000000482;981.9395000000122;988.6216000000633;982.0276000000122;974.7399000000016;974.7399000000016;974.7399000000016;973.5077000000017;932.6646999999955;974.7399000000016;951.1488999999967;982.0276000000122;
6119.775014853286;985.9024000000784;982.0276000000122;953.3493999999969;954.2295999999969;991.3232000000482;981.9395000000122;988.6216000000633;982.0276000000122;974.7399000000016;974.7399000000016;974.7399000000016;973.5077000000017;932.6646999999955;974.7399000000016;951.1488999999967;982.0276000000122;
6119.780330853286;985.9024000000784;982.0276000000122;953.3493999999969;954.2295999999969;991.3232000000482;981.9395000000122;988.6128000000633;982.0276000000122;974.7399000000016;974.7399000000016;974.7399000000016;973.5077000000017;932.6646999999955;974.7399000000016;951.1488999999967;982.0276000000122;
6119.801735581811;985.9024000000784;982.0276000000122;953.3493999999969;954.2295999999969;991.3232000000482;981.9395000000122;988.6128000000633;982.0276000000122;974.7399000000016;974.7399000000016;974.7399000000016;973.5077000000017;932.6645999999955;974.7399000000016;951.1488999999967;982.0276000000122;
6119.801735581811;985.9024000000784;982.0276000000122;953.3493999999969;954.2295999999969;991.3232000000482;981.9395000000122;988.6128000000633;982.0276000000122;974.7399000000016;974.7399000000016;974.7399000000016;973.5077000000017;932.2245999999955;974.7399000000016;951.1488999999967;982.0276000000122;
6119.804211540032;985.9024000000784;982.0276000000122;953.3492999999969;954.2295999999969;991.3232000000482;981.9395000000122;988.6128000000633;982.0276000000122;974.7399000000016;974.7399000000016;974.7399000000016;973.5077000000017;932.2245999999955;974.7399000000016;951.1488999999967;982.0276000000122;
6119.804211540032;985.9024000000784;982.0276000000122;952.9092999999968;954.2295999999969;991.3232000000482;981.9395000000122;988.6128000000633;982.0276000000122;974.7399000000016;974.7399000000016;974.7399000000016;973.5077000000017;932.2245999999955;974.7399000000016;951.1488999999967;982.0276000000122;
6119.807051581812;985.9024000000784;982.0276000000122;952.9092999999968;954.2295999999969;991.3144000000483;981.9395000000122;988.6128000000633;982.0276000000122;974.7399000000016;974.7399000000016;974.7399000000016;973.5077000000017;932.2245999999955;974.7399000000016;951.1488999999967;982.0276000000122;
6119.807051581812;985.9024000000784;982.0276000000122;952.9092999999968;954.2295999999969;991.3056000000483;981.9395000000122;988.6128000000633;982.0276000000122;974.7399000000016;974.7399000000016;974.7399000000016;973.5077000000017;932.2245999999955;974.7399000000016;951.1488999999967;982.0276000000122;
6119.809527540033;985.8936000000784;982.0276000000122;952.9092999999968;954.2295999999969;991.3056000000483;981.9395000000122;988.6128000000633;982.0276000000122;974.7399000000016;974.7399000000016;974.7399000000016;973.5077000000017;932.2245999999955;974.7399000000016;951.1488999999967;982.0276000000122;
6120.775019629624;985.8760000000785;981.9395000000122;952.9092999999968;954.2295999999969;991.3056000000483;981.9395000000122;988.6040000000634;981.9395000000122;974.7399000000016;974.7399000000016;974.7399000000016;973.5077000000017;932.2245999999955;974.7399000000016;951.1488999999967;981.9395000000122;
6120.807041434789;985.8672000000786;981.9395000000122;952.9092999999968;954.2295999999969;991.3056000000483;981.9395000000122;988.5952000000634;981.9395000000122;974.7399000000016;974.7399000000016;974.7399000000016;973.5077000000017;932.2245999999955;974.7399000000016;951.1488999999967;981.9395000000122;
6121.775024405961;985.8672000000786;981.9395000000122;952.9092999999968;954.2295999999969;991.3056000000483;981.9395000000122;988.5952000000634;981.9395000000122;974.7399000000016;974.7399000000016;974.7399000000016;973.5077000000017;932.2245999999955;974.7399000000016;951.1488999999967;981.9395000000122;
6122.775029182298;985.8584000000786;981.9395000000122;952.9092999999968;954.2295999999969;991.3056000000483;981.9395000000122;988.5864000000635;981.9395000000122;974.7399000000016;974.7399000000016;974.7399000000016;973.5077000000017;932.2245999999955;974.7399000000016;951.1488999999967;981.9395000000122;
6122.999999999958;985.8496000000787;981.9395000000122;952.9092999999968;954.2295999999969;991.3056000000483;981.9395000000122;988.5776000000635;981.9395000000122;974.7399000000016;974.7399000000016;974.7399000000016;973.5077000000017;932.2245999999955;974.7399000000016;951.1488999999967;981.9395000000122;
6123.775033958635;985.8496000000787;981.9395000000122;952.9092999999968;954.2295999999969;991.3056000000483;981.9395000000122;988.5776000000635;981.9395000000122;974.7399000000016;974.7399000000016;974.7399000000016;973.5077000000017;932.2245999999955;974.7399000000016;951.1488999999967;981.9395000000122;
6124.999999999958;985.8496000000787;981.9395000000122;952.9092999999968;954.2295999999969;991.3056000000483;981.9395000000122;988.5776000000635;981.9395000000122;974.7399000000016;974.7399000000016;974.7399000000016;973.5077000000017;932.2245999999955;974.7399000000016;951.1488999999967;981.9395000000122;
6125.999999999958;985.8496000000787;981.9395000000122;952.9092999999968;954.2295999999969;991.3056000000483;981.9395000000122;988.5776000000635;981.9395000000122;974.7399000000016;974.7399000000016;974.7399000000016;973.5077000000017;932.2245999999955;974.7399000000016;951.1488999999967;981.9395000000122;
6126.999999999958;985.8496000000787;981.9395000000122;952.9092999999968;954.2295999999969;991.3056000000483;981.9395000000122;988.5776000000635;981.9395000000122;974.7399000000016;974.7399000000016;974.7399000000016;973.5077000000017;932.2245999999955;974.7399000000016;951.1488999999967;981.9395000000122;
6127.999999999958;985.8496000000787;981.9395000000122;952.9092999999968;954.2295999999969;991.3056000000483;981.9395000000122;988.5776000000635;981.9395000000122;974.7399000000016;974.7399000000016;974.7399000000016;973.5077000000017;932.2245999999955;974.7399000000016;951.1488999999967;981.9395000000122;
6128.999999999958;985.8496000000787;981.9395000000122;952.9092999999968;954.2295999999969;991.3056000000483;981.9395000000122;988.5776000000635;981.9395000000122;974.7399000000016;974.7399000000016;974.7399000000016;973.5077000000017;932.2245999999955;974.7399000000016;951.1488999999967;981.9395000000122;
6129.999999999958;985.8496000000787;981.9395000000122;952.9092999999968;954.2295999999969;991.3056000000483;981.9395000000122;988.5776000000635;981.9395000000122;974.7399000000016;974.7399000000016;974.7399000000016;973.5077000000017;932.2245999999955;974.7399000000016;951.1488999999967;981.9395000000122;
6130.999999999958;985.8496000000787;981.9395000000122;952.9092999999968;954.2295999999969;991.3056000000483;981.9395000000122;988.5776000000635;981.9395000000122;974.7399000000016;974.7399000000016;974.7399000000016;973.5077000000017;932.2245999999955;974.7399000000016;951.1488999999967;981.9395000000122;
6131.999999999958;985.8496000000787;981.9395000000122;952.9092999999968;954.2295999999969;991.3056000000483;981.9395000000122;988.5776000000635;981.9395000000122;974.7399000000016;974.7399000000016;974.7399000000016;973.5077000000017;932.2245999999955;974.7399000000016;951.1488999999967;981.9395000000122;
6132.999999999958;985.8496000000787;981.9395000000122;952.9092999999968;954.2295999999969;991.3056000000483;981.9395000000122;988.5776000000635;981.9395000000122;974.7399000000016;974.7399000000016;974.7399000000016;973.5077000000017;932.2245999999955;974.7399000000016;951.1488999999967;981.9395000000122;
6133.999999999958;985.8496000000787;981.9395000000122;952.9092999999968;954.2295999999969;991.3056000000483;981.9395000000122;988.5776000000635;981.9395000000122;974.7399000000016;974.7399000000016;974.7399000000016;973.5077000000017;932.2245999999955;974.7399000000016;951.1488999999967;981.9395000000122;
6134.999999999958;985.8496000000787;981.9395000000122;952.9092999999968;954.2295999999969;991.3056000000483;981.9395000000122;988.5776000000635;981.9395000000122;974.7399000000016;974.7399000000016;974.7399000000016;973.5077000000017;932.2245999999955;974.7399000000016;951.1488999999967;981.9395000000122;
6135.999999999958;985.8496000000787;981.9395000000122;952.9092999999968;954.2295999999969;991.3056000000483;981.9395000000122;988.5776000000635;981.9395000000122;974.7399000000016;974.7399000000016;974.7399000000016;973.5077000000017;932.2245999999955;974.7399000000016;951.1488999999967;981.9395000000122;
6136.999999999958;985.8496000000787;981.9395000000122;952.9092999999968;954.2295999999969;991.3056000000483;981.9395000000122;988.5776000000635;981.9395000000122;974.7399000000016;974.7399000000016;974.7399000000016;973.5077000000017;932.2245999999955;974.7399000000016;951.1488999999967;981.9395000000122;
6137.999999999958;985.8496000000787;981.9395000000122;952.9092999999968;954.2295999999969;991.3056000000483;981.9395000000122;988.5776000000635;981.9395000000122;974.7399000000016;974.7399000000016;974.7399000000016;973.5077000000017;932.2245999999955;974.7399000000016;951.1488999999967;981.9395000000122;
6138.999999999958;985.8496000000787;981.9395000000122;952.9092999999968;954.2295999999969;991.3056000000483;981.9395000000122;988.5776000000635;981.9395000000122;974.7399000000016;974.7399000000016;974.7399000000016;973.5077000000017;932.2245999999955;974.7399000000016;951.1488999999967;981.9395000000122;
6139.999999999958;985.8496000000787;981.9395000000122;952.9092999999968;954.2295999999969;991.3056000000483;981.9395000000122;988.5776000000635;981.9395000000122;974.7399000000016;974.7399000000016;974.7399000000016;973.5077000000017;932.2245999999955;974.7399000000016;951.1488999999967;981.9395000000122;
6140.999999999958;985.8496000000787;981.9395000000122;952.9092999999968;954.2295999999969;991.3056000000483;981.9395000000122;988.5776000000635;981.9395000000122;974.7399000000016;974.7399000000016;974.7399000000016;973.5077000000017;932.2245999999955;974.7399000000016;951.1488999999967;981.9395000000122;
6141.999999999958;985.8496000000787;981.9395000000122;952.9092999999968;954.2295999999969;991.3056000000483;981.9395000000122;988.5776000000635;981.9395000000122;974.7399000000016;974.7399000000016;974.7399000000016;973.5077000000017;932.2245999999955;974.7399000000016;951.1488999999967;981.9395000000122;
6142.999999999958;985.8496000000787;981.9395000000122;952.9092999999968;954.2295999999969;991.3056000000483;981.9395000000122;988.5776000000635;981.9395000000122;974.7399000000016;974.7399000000016;974.7399000000016;973.5077000000017;932.2245999999955;974.7399000000016;951.1488999999967;981.9395000000122;
6143.999999999958;985.8496000000787;981.9395000000122;952.9092999999968;954.2295999999969;991.3056000000483;981.9395000000122;988.5776000000635;981.9395000000122;974.7399000000016;974.7399000000016;974.7399000000016;973.5077000000017;932.2245999999955;974.7399000000016;951.1488999999967;981.9395000000122;
6144.999999999958;985.8496000000787;981.9395000000122;952.9092999999968;954.2295999999969;991.3056000000483;981.9395000000122;988.5776000000635;981.9395000000122;974.7399000000016;974.7399000000016;974.7399000000016;973.5077000000017;932.2245999999955;974.7399000000016;951.1488999999967;981.9395000000122;
6145.999999999958;985.8496000000787;981.9395000000122;952.9092999999968;954.2295999999969;991.3056000000483;981.9395000000122;988.5776000000635;981.9395000000122;974.7399000000016;974.7399000000016;974.7399000000016;973.5077000000017;932.2245999999955;974.7399000000016;951.1488999999967;981.9395000000122;
6146.999999999958;985.8496000000787;981.9395000000122;952.9092999999968;954.2295999999969;991.3056000000483;981.9395000000122;988.5776000000635;981.9395000000122;974.7399000000016;974.7399000000016;974.7399000000016;973.5077000000017;932.2245999999955;974.7399000000016;951.1488999999967;981.9395000000122;
6147.999999999958;985.8496000000787;981.9395000000122;952.9092999999968;954.2295999999969;991.3056000000483;981.9395000000122;988.5776000000635;981.9395000000122;974.7399000000016;974.7399000000016;974.7399000000016;973.5077000000017;932.2245999999955;974.7399000000016;951.1488999999967;981.9395000000122;
6148.999999999958;985.8496000000787;981.9395000000122;952.9092999999968;954.2295999999969;991.3056000000483;981.9395000000122;988.5776000000635;981.9395000000122;974.7399000000016;974.7399000000016;974.7399000000016;973.5077000000017;932.2245999999955;974.7399000000016;951.1488999999967;981.9395000000122;
6149.769671591019;985.8496000000787;981.9395000000122;952.9092999999968;954.2295999999969;991.3056000000483;981.9394000000123;988.5776000000635;981.9395000000122;974.7399000000016;974.7399000000016;974.7399000000016;973.5077000000017;932.2245999999955;974.7399000000016;951.1488999999967;981.9395000000122;
6149.769671591019;985.8496000000787;981.9395000000122;952.9092999999968;954.2295999999969;991.3056000000483;981.8514000000123;988.5776000000635;981.9395000000122;974.7399000000016;974.7399000000016;974.7399000000016;973.5077000000017;932.2245999999955;974.7399000000016;951.1488999999967;981.9395000000122;
6149.7749875910185;985.8408000000787;981.9395000000122;952.9092999999968;954.2295999999969;991.3056000000483;981.8514000000123;988.5776000000635;981.9395000000122;974.7399000000016;974.7399000000016;974.7399000000016;973.5077000000017;932.2245999999955;974.7399000000016;951.1488999999967;981.9395000000122;
6149.7749875910185;985.8320000000788;981.9395000000122;952.9092999999968;954.2295999999969;991.3056000000483;981.8514000000123;988.5776000000635;981.9395000000122;974.7399000000016;974.7399000000016;974.7399000000016;973.5077000000017;932.2245999999955;974.7399000000016;951.1488999999967;981.9395000000122;
6149.780303591018;985.8320000000788;981.9395000000122;952.9092999999968;954.2295999999969;991.3056000000483;981.8514000000123;988.5688000000636;981.9395000000122;974.7399000000016;974.7399000000016;974.7399000000016;973.5077000000017;932.2245999999955;974.7399000000016;951.1488999999967;981.9395000000122;
6149.799320955711;985.8320000000788;981.9395000000122;952.9092999999968;954.2295999999969;991.3056000000483;981.8514000000123;988.5688000000636;981.9395000000122;974.7398000000017;974.7399000000016;974.7399000000016;973.5077000000017;932.2245999999955;974.7399000000016;951.1488999999967;981.9395000000122;
6149.799320955711;985.8320000000788;981.9395000000122;952.9092999999968;954.2295999999969;991.3056000000483;981.8514000000123;988.5688000000636;981.9395000000122;974.1238000000017;974.7399000000016;974.7399000000016;973.5077000000017;932.2245999999955;974.7399000000016;951.1488999999967;981.9395000000122;
6149.804215257104;985.8320000000788;981.9395000000122;952.9091999999969;954.2295999999969;991.3056000000483;981.8514000000123;988.5688000000636;981.9395000000122;974.1238000000017;974.7399000000016;974.7399000000016;973.5077000000017;932.2245999999955;974.7399000000016;951.1488999999967;981.9395000000122;
6149.804215257104;985.8320000000788;981.9395000000122;952.4691999999968;954.2295999999969;991.3056000000483;981.8514000000123;988.5688000000636;981.9395000000122;974.1238000000017;974.7399000000016;974.7399000000016;973.5077000000017;932.2245999999955;974.7399000000016;951.1488999999967;981.9395000000122;
6149.804636955711;985.8232000000788;981.9395000000122;952.4691999999968;954.2295999999969;991.3056000000483;981.8514000000123;988.5688000000636;981.9395000000122;974.1238000000017;974.7399000000016;974.7399000000016;973.5077000000017;932.2245999999955;974.7399000000016;951.1488999999967;981.9395000000122;
6149.809531257105;985.8144000000789;981.9395000000122;952.4691999999968;954.2295999999969;991.3056000000483;981.8514000000123;988.5688000000636;981.9395000000122;974.1238000000017;974.7399000000016;974.7399000000016;973.5077000000017;932.2245999999955;974.7399000000016;951.1488999999967;981.9395000000122;
6149.941949494108;985.8144000000789;981.9395000000122;952.4691999999968;954.2295999999969;991.3056000000483;981.8514000000123;988.5688000000636;981.9394000000123;974.1238000000017;974.7399000000016;974.7399000000016;973.5077000000017;932.2245999999955;974.7399000000016;951.1488999999967;981.9395000000122;
6150.235324075484;985.788000000079;981.8514000000123;952.4691999999968;953.7894999999969;991.2704000000485;981.8514000000123;988.5600000000636;981.8514000000123;974.1238000000017;974.1238000000017;974.1238000000017;973.5077000000017;932.2245999999955;974.1238000000017;951.1487999999968;981.8514000000123;
6150.956018947078;985.7792000000791;981.8514000000123;952.4691999999968;953.7894999999969;991.2616000000486;981.8514000000123;988.5512000000637;981.8514000000123;974.1238000000017;974.1238000000017;974.1238000000017;973.5077000000017;932.2245999999955;974.1238000000017;950.7087999999967;981.8514000000123;
6151.774997143692;985.7792000000791;981.8514000000123;952.4691999999968;953.7894999999969;991.2528000000486;981.8514000000123;988.5424000000637;981.8514000000123;974.1238000000017;974.1238000000017;974.1238000000017;973.5077000000017;932.2245999999955;974.1238000000017;950.7087999999967;981.8514000000123;
6152.775001920028;985.7704000000791;981.8514000000123;952.4691999999968;953.7894999999969;991.2440000000487;981.8514000000123;988.5248000000638;981.8514000000123;974.1238000000017;974.1238000000017;974.1238000000017;973.5077000000017;932.2245999999955;974.1238000000017;950.7087999999967;981.8514000000123;
6152.999999999955;985.7616000000792;981.8514000000123;952.4691999999968;953.7894999999969;991.2352000000487;981.8514000000123;988.5072000000639;981.8514000000123;974.1238000000017;974.1238000000017;974.1238000000017;973.5077000000017;932.2245999999955;974.1238000000017;950.7087999999967;981.8514000000123;
6153.775006696365;985.7616000000792;981.8514000000123;952.4691999999968;953.7894999999969;991.2352000000487;981.8514000000123;988.5072000000639;981.8514000000123;974.1238000000017;974.1238000000017;974.1238000000017;973.5077000000017;932.2245999999955;974.1238000000017;950.7087999999967;981.8514000000123;
6154.775011472702;985.7528000000792;981.8514000000123;952.4691999999968;953.7894999999969;991.2352000000487;981.8514000000123;988.498400000064;981.8514000000123;974.1238000000017;974.1238000000017;974.1238000000017;973.5077000000017;932.2245999999955;974.1238000000017;950.7087999999967;981.8514000000123;
6155.775016249039;985.7440000000793;981.8514000000123;952.4691999999968;953.7894999999969;991.2352000000487;981.8514000000123;988.489600000064;981.8514000000123;974.1238000000017;974.1238000000017;974.1238000000017;973.5077000000017;932.2245999999955;974.1238000000017;950.7087999999967;981.8514000000123;
6155.9999999999545;985.7440000000793;981.8514000000123;952.4691999999968;953.7894999999969;991.2352000000487;981.8514000000123;988.489600000064;981.8514000000123;974.1238000000017;974.1238000000017;974.1238000000017;973.5077000000017;932.2245999999955;974.1238000000017;950.7087999999967;981.8514000000123;
6156.9999999999545;985.7440000000793;981.8514000000123;952.4691999999968;953.7894999999969;991.2352000000487;981.8514000000123;988.489600000064;981.8514000000123;974.1238000000017;974.1238000000017;974.1238000000017;973.5077000000017;932.2245999999955;974.1238000000017;950.7087999999967;981.8514000000123;
6157.9999999999545;985.7440000000793;981.8514000000123;952.4691999999968;953.7894999999969;991.2352000000487;981.8514000000123;988.489600000064;981.8514000000123;974.1238000000017;974.1238000000017;974.1238000000017;973.5077000000017;932.2245999999955;974.1238000000017;950.7087999999967;981.8514000000123;
6158.9999999999545;985.7440000000793;981.8514000000123;952.4691999999968;953.7894999999969;991.2352000000487;981.8514000000123;988.489600000064;981.8514000000123;974.1238000000017;974.1238000000017;974.1238000000017;973.5077000000017;932.2245999999955;974.1238000000017;950.7087999999967;981.8514000000123;
6159.9999999999545;985.7440000000793;981.8514000000123;952.4691999999968;953.7894999999969;991.2352000000487;981.8514000000123;988.489600000064;981.8514000000123;974.1238000000017;974.1238000000017;974.1238000000017;973.5077000000017;932.2245999999955;974.1238000000017;950.7087999999967;981.8514000000123;
6160.9999999999545;985.7440000000793;981.8514000000123;952.4691999999968;953.7894999999969;991.2352000000487;981.8514000000123;988.489600000064;981.8514000000123;974.1238000000017;974.1238000000017;974.1238000000017;973.5077000000017;932.2245999999955;974.1238000000017;950.7087999999967;981.8514000000123;
6161.9999999999545;985.7440000000793;981.8514000000123;952.4691999999968;953.7894999999969;991.2352000000487;981.8514000000123;988.489600000064;981.8514000000123;974.1238000000017;974.1238000000017;974.1238000000017;973.5077000000017;932.2245999999955;974.1238000000017;950.7087999999967;981.8514000000123;
6162.9999999999545;985.7440000000793;981.8514000000123;952.4691999999968;953.7894999999969;991.2352000000487;981.8514000000123;988.489600000064;981.8514000000123;974.1238000000017;974.1238000000017;974.1238000000017;973.5077000000017;932.2245999999955;974.1238000000017;950.7087999999967;981.8514000000123;
6163.9999999999545;985.7440000000793;981.8514000000123;952.4691999999968;953.7894999999969;991.2352000000487;981.8514000000123;988.489600000064;981.8514000000123;974.1238000000017;974.1238000000017;974.1238000000017;973.5077000000017;932.2245999999955;974.1238000000017;950.7087999999967;981.8514000000123;
6164.9999999999545;985.7440000000793;981.8514000000123;952.4691999999968;953.7894999999969;991.2352000000487;981.8514000000123;988.489600000064;981.8514000000123;974.1238000000017;974.1238000000017;974.1238000000017;973.5077000000017;932.2245999999955;974.1238000000017;950.7087999999967;981.8514000000123;
6165.9999999999545;985.7440000000793;981.8514000000123;952.4691999999968;953.7894999999969;991.2352000000487;981.8514000000123;988.489600000064;981.8514000000123;974.1238000000017;974.1238000000017;974.1238000000017;973.5077000000017;932.2245999999955;974.1238000000017;950.7087999999967;981.8514000000123;
6166.9999999999545;985.7440000000793;981.8514000000123;952.4691999999968;953.7894999999969;991.2352000000487;981.8514000000123;988.489600000064;981.8514000000123;974.1238000000017;974.1238000000017;974.1238000000017;973.5077000000017;932.2245999999955;974.1238000000017;950.7087999999967;981.8514000000123;
6167.9999999999545;985.7440000000793;981.8514000000123;952.4691999999968;953.7894999999969;991.2352000000487;981.8514000000123;988.489600000064;981.8514000000123;974.1238000000017;974.1238000000017;974.1238000000017;973.5077000000017;932.2245999999955;974.1238000000017;950.7087999999967;981.8514000000123;
6168.9999999999545;985.7440000000793;981.8514000000123;952.4691999999968;953.7894999999969;991.2352000000487;981.8514000000123;988.489600000064;981.8514000000123;974.1238000000017;974.1238000000017;974.1238000000017;973.5077000000017;932.2245999999955;974.1238000000017;950.7087999999967;981.8514000000123;
6169.9999999999545;985.7440000000793;981.8514000000123;952.4691999999968;953.7894999999969;991.2352000000487;981.8514000000123;988.489600000064;981.8514000000123;974.1238000000017;974.1238000000017;974.1238000000017;973.5077000000017;932.2245999999955;974.1238000000017;950.7087999999967;981.8514000000123;
6170.9999999999545;985.7440000000793;981.8514000000123;952.4691999999968;953.7894999999969;991.2352000000487;981.8514000000123;988.489600000064;981.8514000000123;974.1238000000017;974.1238000000017;974.1238000000017;973.5077000000017;932.2245999999955;974.1238000000017;950.7087999999967;981.8514000000123;
6171.9999999999545;985.7440000000793;981.8514000000123;952.4691999999968;953.7894999999969;991.2352000000487;981.8514000000123;988.489600000064;981.8514000000123;974.1238000000017;974.1238000000017;974.1238000000017;973.5077000000017;932.2245999999955;974.1238000000017;950.7087999999967;981.8514000000123;
6172.9999999999545;985.7440000000793;981.8514000000123;952.4691999999968;953.7894999999969;991.2352000000487;981.8514000000123;988.489600000064;981.8514000000123;974.1238000000017;974.1238000000017;974.1238000000017;973.5077000000017;932.2245999999955;974.1238000000017;950.7087999999967;981.8514000000123;
6173.9999999999545;985.7440000000793;981.8514000000123;952.4691999999968;953.7894999999969;991.2352000000487;981.8514000000123;988.489600000064;981.8514000000123;974.1238000000017;974.1238000000017;974.1238000000017;973.5077000000017;932.2245999999955;974.1238000000017;950.7087999999967;981.8514000000123;
6174.9999999999545;985.7440000000793;981.8514000000123;952.4691999999968;953.7894999999969;991.2352000000487;981.8514000000123;988.489600000064;981.8514000000123;974.1238000000017;974.1238000000017;974.1238000000017;973.5077000000017;932.2245999999955;974.1238000000017;950.7087999999967;981.8514000000123;
6175.9999999999545;985.7440000000793;981.8514000000123;952.4691999999968;953.7894999999969;991.2352000000487;981.8514000000123;988.489600000064;981.8514000000123;974.1238000000017;974.1238000000017;974.1238000000017;973.5077000000017;932.2245999999955;974.1238000000017;950.7087999999967;981.8514000000123;
6176.9999999999545;985.7440000000793;981.8514000000123;952.4691999999968;953.7894999999969;991.2352000000487;981.8514000000123;988.489600000064;981.8514000000123;974.1238000000017;974.1238000000017;974.1238000000017;973.5077000000017;932.2245999999955;974.1238000000017;950.7087999999967;981.8514000000123;
6177.9999999999545;985.7440000000793;981.8514000000123;952.4691999999968;953.7894999999969;991.2352000000487;981.8514000000123;988.489600000064;981.8514000000123;974.1238000000017;974.1238000000017;974.1238000000017;973.5077000000017;932.2245999999955;974.1238000000017;950.7087999999967;981.8514000000123;
6178.9999999999545;985.7440000000793;981.8514000000123;952.4691999999968;953.7894999999969;991.2352000000487;981.8514000000123;988.489600000064;981.8514000000123;974.1238000000017;974.1238000000017;974.1238000000017;973.5077000000017;932.2245999999955;974.1238000000017;950.7087999999967;981.8514000000123;
6179.769644328749;985.7440000000793;981.8514000000123;952.4691999999968;953.7894999999969;991.2352000000487;981.8513000000123;988.489600000064;981.8514000000123;974.1238000000017;974.1238000000017;974.1238000000017;973.5077000000017;932.2245999999955;974.1238000000017;950.7087999999967;981.8514000000123;
6179.769644328749;985.7440000000793;981.8514000000123;952.4691999999968;953.7894999999969;991.2352000000487;981.7633000000124;988.489600000064;981.8514000000123;974.1238000000017;974.1238000000017;974.1238000000017;973.5077000000017;932.2245999999955;974.1238000000017;950.7087999999967;981.8514000000123;
6179.774960328748;985.7352000000793;981.8514000000123;952.4691999999968;953.7894999999969;991.2352000000487;981.7633000000124;988.489600000064;981.8514000000123;974.1238000000017;974.1238000000017;974.1238000000017;973.5077000000017;932.2245999999955;974.1238000000017;950.7087999999967;981.8514000000123;
6179.774960328748;985.7264000000794;981.8514000000123;952.4691999999968;953.7894999999969;991.2352000000487;981.7633000000124;988.489600000064;981.8514000000123;974.1238000000017;974.1238000000017;974.1238000000017;973.5077000000017;932.2245999999955;974.1238000000017;950.7087999999967;981.8514000000123;
6179.780276328748;985.7264000000794;981.8514000000123;952.4691999999968;953.7894999999969;991.2352000000487;981.7633000000124;988.480800000064;981.8514000000123;974.1238000000017;974.1238000000017;974.1238000000017;973.5077000000017;932.2245999999955;974.1238000000017;950.7087999999967;981.8514000000123;
6179.798280361549;985.7264000000794;981.8514000000123;952.4691999999968;953.7894999999969;991.2352000000487;981.7633000000124;988.480800000064;981.8514000000123;974.1238000000017;974.1238000000017;974.1238000000017;973.5077000000017;932.2244999999955;974.1238000000017;950.7087999999967;981.8514000000123;
6179.798280361549;985.7264000000794;981.8514000000123;952.4691999999968;953.7894999999969;991.2352000000487;981.7633000000124;988.480800000064;981.8514000000123;974.1238000000017;974.1238000000017;974.1238000000017;973.5077000000017;931.7844999999954;974.1238000000017;950.7087999999967;981.8514000000123;
6179.803596361548;985.7264000000794;981.8514000000123;952.4691999999968;953.7894999999969;991.2264000000488;981.7633000000124;988.480800000064;981.8514000000123;974.1238000000017;974.1238000000017;974.1238000000017;973.5077000000017;931.7844999999954;974.1238000000017;950.7087999999967;981.8514000000123;
6179.803596361548;985.7264000000794;981.8514000000123;952.4691999999968;953.7894999999969;991.2176000000488;981.7633000000124;988.480800000064;981.8514000000123;974.1238000000017;974.1238000000017;974.1238000000017;973.5077000000017;931.7844999999954;974.1238000000017;950.7087999999967;981.8514000000123;
6179.808912361548;985.7264000000794;981.8514000000123;952.4691999999968;953.7894999999969;991.2176000000488;981.7633000000124;988.4720000000641;981.8514000000123;974.1238000000017;974.1238000000017;974.1238000000017;973.5077000000017;931.7844999999954;974.1238000000017;950.7087999999967;981.8514000000123;
6179.941992803038;985.7264000000794;981.8514000000123;952.4691999999968;953.7894999999969;991.2176000000488;981.7633000000124;988.4720000000641;981.8513000000123;974.1238000000017;974.1238000000017;974.1238000000017;973.5077000000017;931.7844999999954;974.1238000000017;950.7087999999967;981.8514000000123;
6180.774965105085;985.7088000000795;981.7633000000124;952.4691999999968;953.7894999999969;991.2176000000488;981.7633000000124;988.4720000000641;981.7633000000124;974.1238000000017;974.1238000000017;974.1238000000017;973.5077000000017;931.7844999999954;974.1238000000017;950.7087999999967;981.7633000000124;
6180.999999999954;985.7000000000795;981.7633000000124;952.4691999999968;953.7894999999969;991.2176000000488;981.7633000000124;988.4632000000641;981.7633000000124;974.1238000000017;974.1238000000017;974.1238000000017;973.5077000000017;931.7844999999954;974.1238000000017;950.7087999999967;981.7633000000124;
6181.774969881422;985.7000000000795;981.7633000000124;952.4691999999968;953.7894999999969;991.2176000000488;981.7633000000124;988.4632000000641;981.7633000000124;974.1238000000017;974.1238000000017;974.1238000000017;973.5077000000017;931.7844999999954;974.1238000000017;950.7087999999967;981.7633000000124;
6182.77497465776;985.6912000000796;981.7633000000124;952.4691999999968;953.7894999999969;991.2176000000488;981.7633000000124;988.4544000000642;981.7633000000124;974.1238000000017;974.1238000000017;974.1238000000017;973.5077000000017;931.7844999999954;974.1238000000017;950.7087999999967;981.7633000000124;
6183.999999999954;985.6912000000796;981.7633000000124;952.4691999999968;953.7894999999969;991.2176000000488;981.7633000000124;988.4544000000642;981.7633000000124;974.1238000000017;974.1238000000017;974.1238000000017;973.5077000000017;931.7844999999954;974.1238000000017;950.7087999999967;981.7633000000124;
6184.999999999954;985.6912000000796;981.7633000000124;952.4691999999968;953.7894999999969;991.2176000000488;981.7633000000124;988.4544000000642;981.7633000000124;974.1238000000017;974.1238000000017;974.1238000000017;973.5077000000017;931.7844999999954;974.1238000000017;950.7087999999967;981.7633000000124;
6185.999999999954;985.6912000000796;981.7633000000124;952.4691999999968;953.7894999999969;991.2176000000488;981.7633000000124;988.4544000000642;981.7633000000124;974.1238000000017;974.1238000000017;974.1238000000017;973.5077000000017;931.7844999999954;974.1238000000017;950.7087999999967;981.7633000000124;
6186.999999999954;985.6912000000796;981.7633000000124;952.4691999999968;953.7894999999969;991.2176000000488;981.7633000000124;988.4544000000642;981.7633000000124;974.1238000000017;974.1238000000017;974.1238000000017;973.5077000000017;931.7844999999954;974.1238000000017;950.7087999999967;981.7633000000124;
6187.999999999954;985.6912000000796;981.7633000000124;952.4691999999968;953.7894999999969;991.2176000000488;981.7633000000124;988.4544000000642;981.7633000000124;974.1238000000017;974.1238000000017;974.1238000000017;973.5077000000017;931.7844999999954;974.1238000000017;950.7087999999967;981.7633000000124;
6188.999999999954;985.6912000000796;981.7633000000124;952.4691999999968;953.7894999999969;991.2176000000488;981.7633000000124;988.4544000000642;981.7633000000124;974.1238000000017;974.1238000000017;974.1238000000017;973.5077000000017;931.7844999999954;974.1238000000017;950.7087999999967;981.7633000000124;
6189.999999999954;985.6912000000796;981.7633000000124;952.4691999999968;953.7894999999969;991.2176000000488;981.7633000000124;988.4544000000642;981.7633000000124;974.1238000000017;974.1238000000017;974.1238000000017;973.5077000000017;931.7844999999954;974.1238000000017;950.7087999999967;981.7633000000124;
6190.999999999954;985.6912000000796;981.7633000000124;952.4691999999968;953.7894999999969;991.2176000000488;981.7633000000124;988.4544000000642;981.7633000000124;974.1238000000017;974.1238000000017;974.1238000000017;973.5077000000017;931.7844999999954;974.1238000000017;950.7087999999967;981.7633000000124;
6191.999999999954;985.6912000000796;981.7633000000124;952.4691999999968;953.7894999999969;991.2176000000488;981.7633000000124;988.4544000000642;981.7633000000124;974.1238000000017;974.1238000000017;974.1238000000017;973.5077000000017;931.7844999999954;974.1238000000017;950.7087999999967;981.7633000000124;
6192.999999999954;985.6912000000796;981.7633000000124;952.4691999999968;953.7894999999969;991.2176000000488;981.7633000000124;988.4544000000642;981.7633000000124;974.1238000000017;974.1238000000017;974.1238000000017;973.5077000000017;931.7844999999954;974.1238000000017;950.7087999999967;981.7633000000124;
6193.999999999954;985.6912000000796;981.7633000000124;952.4691999999968;953.7894999999969;991.2176000000488;981.7633000000124;988.4544000000642;981.7633000000124;974.1238000000017;974.1238000000017;974.1238000000017;973.5077000000017;931.7844999999954;974.1238000000017;950.7087999999967;981.7633000000124;
6194.999999999954;985.6912000000796;981.7633000000124;952.4691999999968;953.7894999999969;991.2176000000488;981.7633000000124;988.4544000000642;981.7633000000124;974.1238000000017;974.1238000000017;974.1238000000017;973.5077000000017;931.7844999999954;974.1238000000017;950.7087999999967;981.7633000000124;
6195.999999999954;985.6912000000796;981.7633000000124;952.4691999999968;953.7894999999969;991.2176000000488;981.7633000000124;988.4544000000642;981.7633000000124;974.1238000000017;974.1238000000017;974.1238000000017;973.5077000000017;931.7844999999954;974.1238000000017;950.7087999999967;981.7633000000124;
6196.999999999954;985.6912000000796;981.7633000000124;952.4691999999968;953.7894999999969;991.2176000000488;981.7633000000124;988.4544000000642;981.7633000000124;974.1238000000017;974.1238000000017;974.1238000000017;973.5077000000017;931.7844999999954;974.1238000000017;950.7087999999967;981.7633000000124;
6197.999999999954;985.6912000000796;981.7633000000124;952.4691999999968;953.7894999999969;991.2176000000488;981.7633000000124;988.4544000000642;981.7633000000124;974.1238000000017;974.1238000000017;974.1238000000017;973.5077000000017;931.7844999999954;974.1238000000017;950.7087999999967;981.7633000000124;
6198.999999999954;985.6912000000796;981.7633000000124;952.4691999999968;953.7894999999969;991.2176000000488;981.7633000000124;988.4544000000642;981.7633000000124;974.1238000000017;974.1238000000017;974.1238000000017;973.5077000000017;931.7844999999954;974.1238000000017;950.7087999999967;981.7633000000124;
6199.999999999954;985.6912000000796;981.7633000000124;952.4691999999968;953.7894999999969;991.2176000000488;981.7633000000124;988.4544000000642;981.7633000000124;974.1238000000017;974.1238000000017;974.1238000000017;973.5077000000017;931.7844999999954;974.1238000000017;950.7087999999967;981.7633000000124;
6200.999999999954;985.6912000000796;981.7633000000124;952.4691999999968;953.7894999999969;991.2176000000488;981.7633000000124;988.4544000000642;981.7633000000124;974.1238000000017;974.1238000000017;974.1238000000017;973.5077000000017;931.7844999999954;974.1238000000017;950.7087999999967;981.7633000000124;
6201.999999999954;985.6912000000796;981.7633000000124;952.4691999999968;953.7894999999969;991.2176000000488;981.7633000000124;988.4544000000642;981.7633000000124;974.1238000000017;974.1238000000017;974.1238000000017;973.5077000000017;931.7844999999954;974.1238000000017;950.7087999999967;981.7633000000124;
6202.999999999954;985.6912000000796;981.7633000000124;952.4691999999968;953.7894999999969;991.2176000000488;981.7633000000124;988.4544000000642;981.7633000000124;974.1238000000017;974.1238000000017;974.1238000000017;973.5077000000017;931.7844999999954;974.1238000000017;950.7087999999967;981.7633000000124;
6203.999999999954;985.6912000000796;981.7633000000124;952.4691999999968;953.7894999999969;991.2176000000488;981.7633000000124;988.4544000000642;981.7633000000124;974.1238000000017;974.1238000000017;974.1238000000017;973.5077000000017;931.7844999999954;974.1238000000017;950.7087999999967;981.7633000000124;
6204.999999999954;985.6912000000796;981.7633000000124;952.4691999999968;953.7894999999969;991.2176000000488;981.7633000000124;988.4544000000642;981.7633000000124;974.1238000000017;974.1238000000017;974.1238000000017;973.5077000000017;931.7844999999954;974.1238000000017;950.7087999999967;981.7633000000124;
6205.999999999954;985.6912000000796;981.7633000000124;952.4691999999968;953.7894999999969;991.2176000000488;981.7633000000124;988.4544000000642;981.7633000000124;974.1238000000017;974.1238000000017;974.1238000000017;973.5077000000017;931.7844999999954;974.1238000000017;950.7087999999967;981.7633000000124;
6206.999999999954;985.6912000000796;981.7633000000124;952.4691999999968;953.7894999999969;991.2176000000488;981.7633000000124;988.4544000000642;981.7633000000124;974.1238000000017;974.1238000000017;974.1238000000017;973.5077000000017;931.7844999999954;974.1238000000017;950.7087999999967;981.7633000000124;
6207.999999999954;985.6912000000796;981.7633000000124;952.4691999999968;953.7894999999969;991.2176000000488;981.7633000000124;988.4544000000642;981.7633000000124;974.1238000000017;974.1238000000017;974.1238000000017;973.5077000000017;931.7844999999954;974.1238000000017;950.7087999999967;981.7633000000124;
6208.999999999954;985.6912000000796;981.7633000000124;952.4691999999968;953.7894999999969;991.2176000000488;981.7633000000124;988.4544000000642;981.7633000000124;974.1238000000017;974.1238000000017;974.1238000000017;973.5077000000017;931.7844999999954;974.1238000000017;950.7087999999967;981.7633000000124;
6209.769617066481;985.6912000000796;981.7633000000124;952.4691999999968;953.7894999999969;991.2176000000488;981.7632000000124;988.4544000000642;981.7633000000124;974.1238000000017;974.1238000000017;974.1238000000017;973.5077000000017;931.7844999999954;974.1238000000017;950.7087999999967;981.7633000000124;
6209.769617066481;985.6912000000796;981.7633000000124;952.4691999999968;953.7894999999969;991.2176000000488;981.6752000000124;988.4544000000642;981.7633000000124;974.1238000000017;974.1238000000017;974.1238000000017;973.5077000000017;931.7844999999954;974.1238000000017;950.7087999999967;981.7633000000124;
6209.774933066481;985.6824000000796;981.7633000000124;952.4691999999968;953.7894999999969;991.2176000000488;981.6752000000124;988.4544000000642;981.7633000000124;974.1238000000017;974.1238000000017;974.1238000000017;973.5077000000017;931.7844999999954;974.1238000000017;950.7087999999967;981.7633000000124;
6209.774933066481;985.6736000000797;981.7633000000124;952.4691999999968;953.7894999999969;991.2176000000488;981.6752000000124;988.4544000000642;981.7633000000124;974.1238000000017;974.1238000000017;974.1238000000017;973.5077000000017;931.7844999999954;974.1238000000017;950.7087999999967;981.7633000000124;
6209.780249066481;985.6736000000797;981.7633000000124;952.4691999999968;953.7894999999969;991.2176000000488;981.6752000000124;988.4456000000642;981.7633000000124;974.1238000000017;974.1238000000017;974.1238000000017;973.5077000000017;931.7844999999954;974.1238000000017;950.7087999999967;981.7633000000124;
6209.796552751418;985.6736000000797;981.7633000000124;952.4691999999968;953.7894999999969;991.2176000000488;981.6752000000124;988.4456000000642;981.7633000000124;974.1238000000017;974.1238000000017;974.1238000000017;973.5077000000017;931.7843999999955;974.1238000000017;950.7087999999967;981.7633000000124;
6209.796552751418;985.6736000000797;981.7633000000124;952.4691999999968;953.7894999999969;991.2176000000488;981.6752000000124;988.4456000000642;981.7633000000124;974.1238000000017;974.1238000000017;974.1238000000017;973.5077000000017;931.3443999999954;974.1238000000017;950.7087999999967;981.7633000000124;
6209.801868751418;985.6736000000797;981.7633000000124;952.4691999999968;953.7894999999969;991.2088000000489;981.6752000000124;988.4456000000642;981.7633000000124;974.1238000000017;974.1238000000017;974.1238000000017;973.5077000000017;931.3443999999954;974.1238000000017;950.7087999999967;981.7633000000124;
6209.801868751418;985.6736000000797;981.7633000000124;952.4691999999968;953.7894999999969;991.2000000000489;981.6752000000124;988.4456000000642;981.7633000000124;974.1238000000017;974.1238000000017;974.1238000000017;973.5077000000017;931.3443999999954;974.1238000000017;950.7087999999967;981.7633000000124;
6209.804222691244;985.6736000000797;981.7633000000124;952.4690999999968;953.7894999999969;991.2000000000489;981.6752000000124;988.4456000000642;981.7633000000124;974.1238000000017;974.1238000000017;974.1238000000017;973.5077000000017;931.3443999999954;974.1238000000017;950.7087999999967;981.7633000000124;
6209.804222691244;985.6736000000797;981.7633000000124;952.0290999999968;953.7894999999969;991.2000000000489;981.6752000000124;988.4456000000642;981.7633000000124;974.1238000000017;974.1238000000017;974.1238000000017;973.5077000000017;931.3443999999954;974.1238000000017;950.7087999999967;981.7633000000124;
6209.8071847514175;985.6736000000797;981.7633000000124;952.0290999999968;953.7894999999969;991.2000000000489;981.6752000000124;988.4368000000643;981.7633000000124;974.1238000000017;974.1238000000017;974.1238000000017;973.5077000000017;931.3443999999954;974.1238000000017;950.7087999999967;981.7633000000124;
6209.809538691244;985.6648000000797;981.7633000000124;952.0290999999968;953.7894999999969;991.2000000000489;981.6752000000124;988.4368000000643;981.7633000000124;974.1238000000017;974.1238000000017;974.1238000000017;973.5077000000017;931.3443999999954;974.1238000000017;950.7087999999967;981.7633000000124;
6210.774937842814;985.6472000000798;981.6752000000124;952.0290999999968;953.3493999999969;991.182400000049;981.6752000000124;988.4368000000643;981.6752000000124;974.1238000000017;974.1238000000017;974.1238000000017;973.5077000000017;931.3443999999954;974.1238000000017;950.2686999999967;981.6752000000124;
6211.77494261915;985.6384000000799;981.6752000000124;952.0290999999968;953.3493999999969;991.1736000000491;981.6752000000124;988.4192000000644;981.6752000000124;974.1238000000017;974.1238000000017;974.1238000000017;973.5077000000017;931.3443999999954;974.1238000000017;950.2686999999967;981.6752000000124;
6211.801848457369;985.6296000000799;981.6752000000124;952.0290999999968;953.3493999999969;991.1736000000491;981.6752000000124;988.4104000000644;981.6752000000124;974.1238000000017;974.1238000000017;974.1238000000017;973.5077000000017;931.3443999999954;974.1238000000017;950.2686999999967;981.6752000000124;
6212.774947395487;985.6296000000799;981.6752000000124;952.0290999999968;953.3493999999969;991.1648000000491;981.6752000000124;988.4016000000645;981.6752000000124;974.1238000000017;974.1238000000017;974.1238000000017;973.5077000000017;931.3443999999954;974.1238000000017;950.2686999999967;981.6752000000124;
6213.774952171824;985.62080000008;981.6752000000124;952.0290999999968;953.3493999999969;991.1648000000491;981.6752000000124;988.3928000000645;981.6752000000124;974.1238000000017;974.1238000000017;974.1238000000017;973.5077000000017;931.3443999999954;974.1238000000017;950.2686999999967;981.6752000000124;
6213.999999999947;985.62080000008;981.6752000000124;952.0290999999968;953.3493999999969;991.1648000000491;981.6752000000124;988.3928000000645;981.6752000000124;974.1238000000017;974.1238000000017;974.1238000000017;973.5077000000017;931.3443999999954;974.1238000000017;950.2686999999967;981.6752000000124;
6214.999999999947;985.62080000008;981.6752000000124;952.0290999999968;953.3493999999969;991.1648000000491;981.6752000000124;988.3928000000645;981.6752000000124;974.1238000000017;974.1238000000017;974.1238000000017;973.5077000000017;931.3443999999954;974.1238000000017;950.2686999999967;981.6752000000124;
6215.999999999947;985.62080000008;981.6752000000124;952.0290999999968;953.3493999999969;991.1648000000491;981.6752000000124;988.3928000000645;981.6752000000124;974.1238000000017;974.1238000000017;974.1238000000017;973.5077000000017;931.3443999999954;974.1238000000017;950.2686999999967;981.6752000000124;
6216.999999999947;985.62080000008;981.6752000000124;952.0290999999968;953.3493999999969;991.1648000000491;981.6752000000124;988.3928000000645;981.6752000000124;974.1238000000017;974.1238000000017;974.1238000000017;973.5077000000017;931.3443999999954;974.1238000000017;950.2686999999967;981.6752000000124;
6217.999999999947;985.62080000008;981.6752000000124;952.0290999999968;953.3493999999969;991.1648000000491;981.6752000000124;988.3928000000645;981.6752000000124;974.1238000000017;974.1238000000017;974.1238000000017;973.5077000000017;931.3443999999954;974.1238000000017;950.2686999999967;981.6752000000124;
6218.999999999947;985.62080000008;981.6752000000124;952.0290999999968;953.3493999999969;991.1648000000491;981.6752000000124;988.3928000000645;981.6752000000124;974.1238000000017;974.1238000000017;974.1238000000017;973.5077000000017;931.3443999999954;974.1238000000017;950.2686999999967;981.6752000000124;
6219.999999999947;985.62080000008;981.6752000000124;952.0290999999968;953.3493999999969;991.1648000000491;981.6752000000124;988.3928000000645;981.6752000000124;974.1238000000017;974.1238000000017;974.1238000000017;973.5077000000017;931.3443999999954;974.1238000000017;950.2686999999967;981.6752000000124;
6220.999999999947;985.62080000008;981.6752000000124;952.0290999999968;953.3493999999969;991.1648000000491;981.6752000000124;988.3928000000645;981.6752000000124;974.1238000000017;974.1238000000017;974.1238000000017;973.5077000000017;931.3443999999954;974.1238000000017;950.2686999999967;981.6752000000124;
6221.999999999947;985.62080000008;981.6752000000124;952.0290999999968;953.3493999999969;991.1648000000491;981.6752000000124;988.3928000000645;981.6752000000124;974.1238000000017;974.1238000000017;974.1238000000017;973.5077000000017;931.3443999999954;974.1238000000017;950.2686999999967;981.6752000000124;
6222.999999999947;985.62080000008;981.6752000000124;952.0290999999968;953.3493999999969;991.1648000000491;981.6752000000124;988.3928000000645;981.6752000000124;974.1238000000017;974.1238000000017;974.1238000000017;973.5077000000017;931.3443999999954;974.1238000000017;950.2686999999967;981.6752000000124;
6223.999999999947;985.62080000008;981.6752000000124;952.0290999999968;953.3493999999969;991.1648000000491;981.6752000000124;988.3928000000645;981.6752000000124;974.1238000000017;974.1238000000017;974.1238000000017;973.5077000000017;931.3443999999954;974.1238000000017;950.2686999999967;981.6752000000124;
6224.999999999947;985.62080000008;981.6752000000124;952.0290999999968;953.3493999999969;991.1648000000491;981.6752000000124;988.3928000000645;981.6752000000124;974.1238000000017;974.1238000000017;974.1238000000017;973.5077000000017;931.3443999999954;974.1238000000017;950.2686999999967;981.6752000000124;
6225.011926063905;985.62080000008;981.6752000000124;952.0290999999968;953.3493999999969;991.1648000000491;981.6752000000124;988.3928000000645;981.6752000000124;974.1238000000017;974.1238000000017;974.1238000000017;973.5076000000017;931.3443999999954;974.1238000000017;950.2686999999967;981.6752000000124;
6225.011926063905;985.62080000008;981.6752000000124;952.0290999999968;953.3493999999969;991.1648000000491;981.6752000000124;988.3928000000645;981.6752000000124;974.1238000000017;974.1238000000017;974.1238000000017;972.8916000000017;931.3443999999954;974.1238000000017;950.2686999999967;981.6752000000124;
6225.017242063905;985.62080000008;981.6752000000124;952.0290999999968;953.3493999999969;991.1560000000492;981.6752000000124;988.3928000000645;981.6752000000124;974.1238000000017;974.1238000000017;974.1238000000017;972.8916000000017;931.3443999999954;974.1238000000017;950.2686999999967;981.6752000000124;
6225.017242063905;985.62080000008;981.6752000000124;952.0290999999968;953.3493999999969;991.1472000000492;981.6752000000124;988.3928000000645;981.6752000000124;974.1238000000017;974.1238000000017;974.1238000000017;972.8916000000017;931.3443999999954;974.1238000000017;950.2686999999967;981.6752000000124;
6225.999999999947;985.62080000008;981.6752000000124;952.0290999999968;953.3493999999969;991.1472000000492;981.6752000000124;988.3840000000646;981.6752000000124;974.1238000000017;974.1238000000017;974.1238000000017;972.8916000000017;931.3443999999954;974.1238000000017;950.2686999999967;981.6752000000124;
6226.017231916882;985.62080000008;981.6752000000124;952.0290999999968;953.3493999999969;991.1472000000492;981.6752000000124;988.3840000000646;981.6752000000124;974.1238000000017;974.1238000000017;974.1238000000017;972.8916000000017;931.3443999999954;974.1238000000017;950.2686999999967;981.6752000000124;
6226.999999999947;985.62080000008;981.6752000000124;952.0290999999968;953.3493999999969;991.1472000000492;981.6752000000124;988.3840000000646;981.6752000000124;974.1238000000017;974.1238000000017;974.1238000000017;972.8916000000017;931.3443999999954;974.1238000000017;950.2686999999967;981.6752000000124;
6227.999999999947;985.62080000008;981.6752000000124;952.0290999999968;953.3493999999969;991.1472000000492;981.6752000000124;988.3840000000646;981.6752000000124;974.1238000000017;974.1238000000017;974.1238000000017;972.8916000000017;931.3443999999954;974.1238000000017;950.2686999999967;981.6752000000124;
6228.999999999947;985.62080000008;981.6752000000124;952.0290999999968;953.3493999999969;991.1472000000492;981.6752000000124;988.3840000000646;981.6752000000124;974.1238000000017;974.1238000000017;974.1238000000017;972.8916000000017;931.3443999999954;974.1238000000017;950.2686999999967;981.6752000000124;
6229.999999999947;985.62080000008;981.6752000000124;952.0290999999968;953.3493999999969;991.1472000000492;981.6752000000124;988.3840000000646;981.6752000000124;974.1238000000017;974.1238000000017;974.1238000000017;972.8916000000017;931.3443999999954;974.1238000000017;950.2686999999967;981.6752000000124;
6230.999999999947;985.62080000008;981.6752000000124;952.0290999999968;953.3493999999969;991.1472000000492;981.6752000000124;988.3840000000646;981.6752000000124;974.1238000000017;974.1238000000017;974.1238000000017;972.8916000000017;931.3443999999954;974.1238000000017;950.2686999999967;981.6752000000124;
6231.999999999947;985.62080000008;981.6752000000124;952.0290999999968;953.3493999999969;991.1472000000492;981.6752000000124;988.3840000000646;981.6752000000124;974.1238000000017;974.1238000000017;974.1238000000017;972.8916000000017;931.3443999999954;974.1238000000017;950.2686999999967;981.6752000000124;
6232.999999999947;985.62080000008;981.6752000000124;952.0290999999968;953.3493999999969;991.1472000000492;981.6752000000124;988.3840000000646;981.6752000000124;974.1238000000017;974.1238000000017;974.1238000000017;972.8916000000017;931.3443999999954;974.1238000000017;950.2686999999967;981.6752000000124;
6233.999999999947;985.62080000008;981.6752000000124;952.0290999999968;953.3493999999969;991.1472000000492;981.6752000000124;988.3840000000646;981.6752000000124;974.1238000000017;974.1238000000017;974.1238000000017;972.8916000000017;931.3443999999954;974.1238000000017;950.2686999999967;981.6752000000124;
6234.999999999947;985.62080000008;981.6752000000124;952.0290999999968;953.3493999999969;991.1472000000492;981.6752000000124;988.3840000000646;981.6752000000124;974.1238000000017;974.1238000000017;974.1238000000017;972.8916000000017;931.3443999999954;974.1238000000017;950.2686999999967;981.6752000000124;
6235.999999999947;985.62080000008;981.6752000000124;952.0290999999968;953.3493999999969;991.1472000000492;981.6752000000124;988.3840000000646;981.6752000000124;974.1238000000017;974.1238000000017;974.1238000000017;972.8916000000017;931.3443999999954;974.1238000000017;950.2686999999967;981.6752000000124;
6236.999999999947;985.62080000008;981.6752000000124;952.0290999999968;953.3493999999969;991.1472000000492;981.6752000000124;988.3840000000646;981.6752000000124;974.1238000000017;974.1238000000017;974.1238000000017;972.8916000000017;931.3443999999954;974.1238000000017;950.2686999999967;981.6752000000124;
6237.999999999947;985.62080000008;981.6752000000124;952.0290999999968;953.3493999999969;991.1472000000492;981.6752000000124;988.3840000000646;981.6752000000124;974.1238000000017;974.1238000000017;974.1238000000017;972.8916000000017;931.3443999999954;974.1238000000017;950.2686999999967;981.6752000000124;
6238.999999999947;985.62080000008;981.6752000000124;952.0290999999968;953.3493999999969;991.1472000000492;981.6752000000124;988.3840000000646;981.6752000000124;974.1238000000017;974.1238000000017;974.1238000000017;972.8916000000017;931.3443999999954;974.1238000000017;950.2686999999967;981.6752000000124;
6239.769589804208;985.62080000008;981.6752000000124;952.0290999999968;953.3493999999969;991.1472000000492;981.6751000000124;988.3840000000646;981.6752000000124;974.1238000000017;974.1238000000017;974.1238000000017;972.8916000000017;931.3443999999954;974.1238000000017;950.2686999999967;981.6752000000124;
6239.769589804208;985.62080000008;981.6752000000124;952.0290999999968;953.3493999999969;991.1472000000492;981.5871000000125;988.3840000000646;981.6752000000124;974.1238000000017;974.1238000000017;974.1238000000017;972.8916000000017;931.3443999999954;974.1238000000017;950.2686999999967;981.6752000000124;
6239.774905804208;985.61200000008;981.6752000000124;952.0290999999968;953.3493999999969;991.1472000000492;981.5871000000125;988.3840000000646;981.6752000000124;974.1238000000017;974.1238000000017;974.1238000000017;972.8916000000017;931.3443999999954;974.1238000000017;950.2686999999967;981.6752000000124;
6239.774905804208;985.60320000008;981.6752000000124;952.0290999999968;953.3493999999969;991.1472000000492;981.5871000000125;988.3840000000646;981.6752000000124;974.1238000000017;974.1238000000017;974.1238000000017;972.8916000000017;931.3443999999954;974.1238000000017;950.2686999999967;981.6752000000124;
6239.780221804208;985.60320000008;981.6752000000124;952.0290999999968;953.3493999999969;991.1472000000492;981.5871000000125;988.3752000000646;981.6752000000124;974.1238000000017;974.1238000000017;974.1238000000017;972.8916000000017;931.3443999999954;974.1238000000017;950.2686999999967;981.6752000000124;
6239.8042264083115;985.60320000008;981.6752000000124;952.0289999999968;953.3493999999969;991.1472000000492;981.5871000000125;988.3752000000646;981.6752000000124;974.1238000000017;974.1238000000017;974.1238000000017;972.8916000000017;931.3443999999954;974.1238000000017;950.2686999999967;981.6752000000124;
6239.8042264083115;985.60320000008;981.6752000000124;951.5889999999968;953.3493999999969;991.1472000000492;981.5871000000125;988.3752000000646;981.6752000000124;974.1238000000017;974.1238000000017;974.1238000000017;972.8916000000017;931.3443999999954;974.1238000000017;950.2686999999967;981.6752000000124;
6240.774910580545;985.5768000000802;981.5871000000125;951.5889999999968;953.3493999999969;991.1472000000492;981.5871000000125;988.3752000000646;981.5871000000125;974.1238000000017;974.1238000000017;974.1238000000017;972.8916000000017;931.3443999999954;974.1238000000017;950.2686999999967;981.5871000000125;
6241.774915356882;985.5680000000802;981.5871000000125;951.5889999999968;953.3493999999969;991.1472000000492;981.5871000000125;988.3664000000647;981.5871000000125;974.1238000000017;974.1238000000017;974.1238000000017;972.8916000000017;931.3443999999954;974.1238000000017;950.2686999999967;981.5871000000125;
6241.999999999945;985.5592000000803;981.5871000000125;951.5889999999968;953.3493999999969;991.1472000000492;981.5871000000125;988.3576000000647;981.5871000000125;974.1238000000017;974.1238000000017;974.1238000000017;972.8916000000017;931.3443999999954;974.1238000000017;950.2686999999967;981.5871000000125;
6242.774920133219;985.5592000000803;981.5871000000125;951.5889999999968;953.3493999999969;991.1472000000492;981.5871000000125;988.3576000000647;981.5871000000125;974.1238000000017;974.1238000000017;974.1238000000017;972.8916000000017;931.3443999999954;974.1238000000017;950.2686999999967;981.5871000000125;
6243.774924909556;985.5504000000803;981.5871000000125;951.5889999999968;953.3493999999969;991.1472000000492;981.5871000000125;988.3488000000648;981.5871000000125;974.1238000000017;974.1238000000017;974.1238000000017;972.8916000000017;931.3443999999954;974.1238000000017;950.2686999999967;981.5871000000125;
6243.999999999945;985.5504000000803;981.5871000000125;951.5889999999968;953.3493999999969;991.1472000000492;981.5871000000125;988.3488000000648;981.5871000000125;974.1238000000017;974.1238000000017;974.1238000000017;972.8916000000017;931.3443999999954;974.1238000000017;950.2686999999967;981.5871000000125;
6244.999999999945;985.5504000000803;981.5871000000125;951.5889999999968;953.3493999999969;991.1472000000492;981.5871000000125;988.3488000000648;981.5871000000125;974.1238000000017;974.1238000000017;974.1238000000017;972.8916000000017;931.3443999999954;974.1238000000017;950.2686999999967;981.5871000000125;
6245.999999999945;985.5504000000803;981.5871000000125;951.5889999999968;953.3493999999969;991.1472000000492;981.5871000000125;988.3488000000648;981.5871000000125;974.1238000000017;974.1238000000017;974.1238000000017;972.8916000000017;931.3443999999954;974.1238000000017;950.2686999999967;981.5871000000125;
6246.999999999945;985.5504000000803;981.5871000000125;951.5889999999968;953.3493999999969;991.1472000000492;981.5871000000125;988.3488000000648;981.5871000000125;974.1238000000017;974.1238000000017;974.1238000000017;972.8916000000017;931.3443999999954;974.1238000000017;950.2686999999967;981.5871000000125;
6247.999999999945;985.5504000000803;981.5871000000125;951.5889999999968;953.3493999999969;991.1472000000492;981.5871000000125;988.3488000000648;981.5871000000125;974.1238000000017;974.1238000000017;974.1238000000017;972.8916000000017;931.3443999999954;974.1238000000017;950.2686999999967;981.5871000000125;
6248.999999999945;985.5504000000803;981.5871000000125;951.5889999999968;953.3493999999969;991.1472000000492;981.5871000000125;988.3488000000648;981.5871000000125;974.1238000000017;974.1238000000017;974.1238000000017;972.8916000000017;931.3443999999954;974.1238000000017;950.2686999999967;981.5871000000125;
6249.999999999945;985.5504000000803;981.5871000000125;951.5889999999968;953.3493999999969;991.1472000000492;981.5871000000125;988.3488000000648;981.5871000000125;974.1238000000017;974.1238000000017;974.1238000000017;972.8916000000017;931.3443999999954;974.1238000000017;950.2686999999967;981.5871000000125;
6250.999999999945;985.5504000000803;981.5871000000125;951.5889999999968;953.3493999999969;991.1472000000492;981.5871000000125;988.3488000000648;981.5871000000125;974.1238000000017;974.1238000000017;974.1238000000017;972.8916000000017;931.3443999999954;974.1238000000017;950.2686999999967;981.5871000000125;
6251.999999999945;985.5504000000803;981.5871000000125;951.5889999999968;953.3493999999969;991.1472000000492;981.5871000000125;988.3488000000648;981.5871000000125;974.1238000000017;974.1238000000017;974.1238000000017;972.8916000000017;931.3443999999954;974.1238000000017;950.2686999999967;981.5871000000125;
6252.999999999945;985.5504000000803;981.5871000000125;951.5889999999968;953.3493999999969;991.1472000000492;981.5871000000125;988.3488000000648;981.5871000000125;974.1238000000017;974.1238000000017;974.1238000000017;972.8916000000017;931.3443999999954;974.1238000000017;950.2686999999967;981.5871000000125;
6253.999999999945;985.5504000000803;981.5871000000125;951.5889999999968;953.3493999999969;991.1472000000492;981.5871000000125;988.3488000000648;981.5871000000125;974.1238000000017;974.1238000000017;974.1238000000017;972.8916000000017;931.3443999999954;974.1238000000017;950.2686999999967;981.5871000000125;
6254.999999999945;985.5504000000803;981.5871000000125;951.5889999999968;953.3493999999969;991.1472000000492;981.5871000000125;988.3488000000648;981.5871000000125;974.1238000000017;974.1238000000017;974.1238000000017;972.8916000000017;931.3443999999954;974.1238000000017;950.2686999999967;981.5871000000125;
6255.999999999945;985.5504000000803;981.5871000000125;951.5889999999968;953.3493999999969;991.1472000000492;981.5871000000125;988.3488000000648;981.5871000000125;974.1238000000017;974.1238000000017;974.1238000000017;972.8916000000017;931.3443999999954;974.1238000000017;950.2686999999967;981.5871000000125;
6256.999999999945;985.5504000000803;981.5871000000125;951.5889999999968;953.3493999999969;991.1472000000492;981.5871000000125;988.3488000000648;981.5871000000125;974.1238000000017;974.1238000000017;974.1238000000017;972.8916000000017;931.3443999999954;974.1238000000017;950.2686999999967;981.5871000000125;
6257.999999999945;985.5504000000803;981.5871000000125;951.5889999999968;953.3493999999969;991.1472000000492;981.5871000000125;988.3488000000648;981.5871000000125;974.1238000000017;974.1238000000017;974.1238000000017;972.8916000000017;931.3443999999954;974.1238000000017;950.2686999999967;981.5871000000125;
6258.999999999945;985.5504000000803;981.5871000000125;951.5889999999968;953.3493999999969;991.1472000000492;981.5871000000125;988.3488000000648;981.5871000000125;974.1238000000017;974.1238000000017;974.1238000000017;972.8916000000017;931.3443999999954;974.1238000000017;950.2686999999967;981.5871000000125;
6259.999999999945;985.5504000000803;981.5871000000125;951.5889999999968;953.3493999999969;991.1472000000492;981.5871000000125;988.3488000000648;981.5871000000125;974.1238000000017;974.1238000000017;974.1238000000017;972.8916000000017;931.3443999999954;974.1238000000017;950.2686999999967;981.5871000000125;
6260.999999999945;985.5504000000803;981.5871000000125;951.5889999999968;953.3493999999969;991.1472000000492;981.5871000000125;988.3488000000648;981.5871000000125;974.1238000000017;974.1238000000017;974.1238000000017;972.8916000000017;931.3443999999954;974.1238000000017;950.2686999999967;981.5871000000125;
6261.999999999945;985.5504000000803;981.5871000000125;951.5889999999968;953.3493999999969;991.1472000000492;981.5871000000125;988.3488000000648;981.5871000000125;974.1238000000017;974.1238000000017;974.1238000000017;972.8916000000017;931.3443999999954;974.1238000000017;950.2686999999967;981.5871000000125;
6262.999999999945;985.5504000000803;981.5871000000125;951.5889999999968;953.3493999999969;991.1472000000492;981.5871000000125;988.3488000000648;981.5871000000125;974.1238000000017;974.1238000000017;974.1238000000017;972.8916000000017;931.3443999999954;974.1238000000017;950.2686999999967;981.5871000000125;
6263.999999999945;985.5504000000803;981.5871000000125;951.5889999999968;953.3493999999969;991.1472000000492;981.5871000000125;988.3488000000648;981.5871000000125;974.1238000000017;974.1238000000017;974.1238000000017;972.8916000000017;931.3443999999954;974.1238000000017;950.2686999999967;981.5871000000125;
6264.999999999945;985.5504000000803;981.5871000000125;951.5889999999968;953.3493999999969;991.1472000000492;981.5871000000125;988.3488000000648;981.5871000000125;974.1238000000017;974.1238000000017;974.1238000000017;972.8916000000017;931.3443999999954;974.1238000000017;950.2686999999967;981.5871000000125;
6265.999999999945;985.5504000000803;981.5871000000125;951.5889999999968;953.3493999999969;991.1472000000492;981.5871000000125;988.3488000000648;981.5871000000125;974.1238000000017;974.1238000000017;974.1238000000017;972.8916000000017;931.3443999999954;974.1238000000017;950.2686999999967;981.5871000000125;
6266.999999999945;985.5504000000803;981.5871000000125;951.5889999999968;953.3493999999969;991.1472000000492;981.5871000000125;988.3488000000648;981.5871000000125;974.1238000000017;974.1238000000017;974.1238000000017;972.8916000000017;931.3443999999954;974.1238000000017;950.2686999999967;981.5871000000125;
6267.999999999945;985.5504000000803;981.5871000000125;951.5889999999968;953.3493999999969;991.1472000000492;981.5871000000125;988.3488000000648;981.5871000000125;974.1238000000017;974.1238000000017;974.1238000000017;972.8916000000017;931.3443999999954;974.1238000000017;950.2686999999967;981.5871000000125;
6268.999999999945;985.5504000000803;981.5871000000125;951.5889999999968;953.3493999999969;991.1472000000492;981.5871000000125;988.3488000000648;981.5871000000125;974.1238000000017;974.1238000000017;974.1238000000017;972.8916000000017;931.3443999999954;974.1238000000017;950.2686999999967;981.5871000000125;
6269.76956254194;985.5504000000803;981.5871000000125;951.5889999999968;953.3493999999969;991.1472000000492;981.5870000000125;988.3488000000648;981.5871000000125;974.1238000000017;974.1238000000017;974.1238000000017;972.8916000000017;931.3443999999954;974.1238000000017;950.2686999999967;981.5871000000125;
6269.76956254194;985.5504000000803;981.5871000000125;951.5889999999968;953.3493999999969;991.1472000000492;981.4990000000125;988.3488000000648;981.5871000000125;974.1238000000017;974.1238000000017;974.1238000000017;972.8916000000017;931.3443999999954;974.1238000000017;950.2686999999967;981.5871000000125;
6269.77487854194;985.5416000000804;981.5871000000125;951.5889999999968;953.3493999999969;991.1472000000492;981.4990000000125;988.3488000000648;981.5871000000125;974.1238000000017;974.1238000000017;974.1238000000017;972.8916000000017;931.3443999999954;974.1238000000017;950.2686999999967;981.5871000000125;
6269.77487854194;985.5328000000804;981.5871000000125;951.5889999999968;953.3493999999969;991.1472000000492;981.4990000000125;988.3488000000648;981.5871000000125;974.1238000000017;974.1238000000017;974.1238000000017;972.8916000000017;931.3443999999954;974.1238000000017;950.2686999999967;981.5871000000125;
6269.78019454194;985.5328000000804;981.5871000000125;951.5889999999968;953.3493999999969;991.1472000000492;981.4990000000125;988.3400000000648;981.5871000000125;974.1238000000017;974.1238000000017;974.1238000000017;972.8916000000017;931.3443999999954;974.1238000000017;950.2686999999967;981.5871000000125;
6269.793097531152;985.5328000000804;981.5871000000125;951.5889999999968;953.3493999999969;991.1472000000492;981.4990000000125;988.3400000000648;981.5871000000125;974.1238000000017;974.1238000000017;974.1238000000017;972.8916000000017;931.3442999999954;974.1238000000017;950.2686999999967;981.5871000000125;
6269.793097531152;985.5328000000804;981.5871000000125;951.5889999999968;953.3493999999969;991.1472000000492;981.4990000000125;988.3400000000648;981.5871000000125;974.1238000000017;974.1238000000017;974.1238000000017;972.8916000000017;930.9042999999954;974.1238000000017;950.2686999999967;981.5871000000125;
6269.798413531152;985.5328000000804;981.5871000000125;951.5889999999968;953.3493999999969;991.1384000000493;981.4990000000125;988.3400000000648;981.5871000000125;974.1238000000017;974.1238000000017;974.1238000000017;972.8916000000017;930.9042999999954;974.1238000000017;950.2686999999967;981.5871000000125;
6269.798413531152;985.5328000000804;981.5871000000125;951.5889999999968;953.3493999999969;991.1296000000493;981.4990000000125;988.3400000000648;981.5871000000125;974.1238000000017;974.1238000000017;974.1238000000017;972.8916000000017;930.9042999999954;974.1238000000017;950.2686999999967;981.5871000000125;
6269.8037295311515;985.5328000000804;981.5871000000125;951.5889999999968;953.3493999999969;991.1296000000493;981.4990000000125;988.3312000000649;981.5871000000125;974.1238000000017;974.1238000000017;974.1238000000017;972.8916000000017;930.9042999999954;974.1238000000017;950.2686999999967;981.5871000000125;
6269.942122729836;985.5328000000804;981.5871000000125;951.5889999999968;953.3493999999969;991.1296000000493;981.4990000000125;988.3312000000649;981.5870000000125;974.1238000000017;974.1238000000017;974.1238000000017;972.8916000000017;930.9042999999954;974.1238000000017;950.2686999999967;981.5871000000125;
6269.942122729836;985.5328000000804;981.5871000000125;951.5889999999968;953.3493999999969;991.1296000000493;981.4990000000125;988.3312000000649;981.4990000000125;974.1238000000017;974.1238000000017;974.1238000000017;972.8916000000017;930.9042999999954;974.1238000000017;950.2686999999967;981.5871000000125;
6270.774883318275;985.5152000000805;981.4990000000125;951.5889999999968;952.9092999999968;991.1120000000494;981.4990000000125;988.3312000000649;981.4990000000125;974.1238000000017;974.1238000000017;974.1238000000017;972.8916000000017;930.9042999999954;974.1238000000017;949.8285999999966;981.4990000000125;
6271.774888094612;985.5064000000806;981.4990000000125;951.5889999999968;952.9092999999968;991.1032000000495;981.4990000000125;988.313600000065;981.4990000000125;974.1238000000017;974.1238000000017;974.1238000000017;972.8916000000017;930.9042999999954;974.1238000000017;949.8285999999966;981.4990000000125;
6271.999999999942;985.4976000000806;981.4990000000125;951.5889999999968;952.9092999999968;991.0944000000495;981.4990000000125;988.2960000000651;981.4990000000125;974.1238000000017;974.1238000000017;974.1238000000017;972.8916000000017;930.9042999999954;974.1238000000017;949.8285999999966;981.4990000000125;
6272.774892870949;985.4976000000806;981.4990000000125;951.5889999999968;952.9092999999968;991.0944000000495;981.4990000000125;988.2960000000651;981.4990000000125;974.1238000000017;974.1238000000017;974.1238000000017;972.8916000000017;930.9042999999954;974.1238000000017;949.8285999999966;981.4990000000125;
6273.999999999942;985.4976000000806;981.4990000000125;951.5889999999968;952.9092999999968;991.0944000000495;981.4990000000125;988.2960000000651;981.4990000000125;974.1238000000017;974.1238000000017;974.1238000000017;972.8916000000017;930.9042999999954;974.1238000000017;949.8285999999966;981.4990000000125;
6274.999999999942;985.4976000000806;981.4990000000125;951.5889999999968;952.9092999999968;991.0944000000495;981.4990000000125;988.2960000000651;981.4990000000125;974.1238000000017;974.1238000000017;974.1238000000017;972.8916000000017;930.9042999999954;974.1238000000017;949.8285999999966;981.4990000000125;
6275.999999999942;985.4976000000806;981.4990000000125;951.5889999999968;952.9092999999968;991.0944000000495;981.4990000000125;988.2960000000651;981.4990000000125;974.1238000000017;974.1238000000017;974.1238000000017;972.8916000000017;930.9042999999954;974.1238000000017;949.8285999999966;981.4990000000125;
6276.999999999942;985.4976000000806;981.4990000000125;951.5889999999968;952.9092999999968;991.0944000000495;981.4990000000125;988.2960000000651;981.4990000000125;974.1238000000017;974.1238000000017;974.1238000000017;972.8916000000017;930.9042999999954;974.1238000000017;949.8285999999966;981.4990000000125;
6277.999999999942;985.4976000000806;981.4990000000125;951.5889999999968;952.9092999999968;991.0944000000495;981.4990000000125;988.2960000000651;981.4990000000125;974.1238000000017;974.1238000000017;974.1238000000017;972.8916000000017;930.9042999999954;974.1238000000017;949.8285999999966;981.4990000000125;
6278.999999999942;985.4976000000806;981.4990000000125;951.5889999999968;952.9092999999968;991.0944000000495;981.4990000000125;988.2960000000651;981.4990000000125;974.1238000000017;974.1238000000017;974.1238000000017;972.8916000000017;930.9042999999954;974.1238000000017;949.8285999999966;981.4990000000125;
6279.999999999942;985.4976000000806;981.4990000000125;951.5889999999968;952.9092999999968;991.0944000000495;981.4990000000125;988.2960000000651;981.4990000000125;974.1238000000017;974.1238000000017;974.1238000000017;972.8916000000017;930.9042999999954;974.1238000000017;949.8285999999966;981.4990000000125;
6280.999999999942;985.4976000000806;981.4990000000125;951.5889999999968;952.9092999999968;991.0944000000495;981.4990000000125;988.2960000000651;981.4990000000125;974.1238000000017;974.1238000000017;974.1238000000017;972.8916000000017;930.9042999999954;974.1238000000017;949.8285999999966;981.4990000000125;
6281.999999999942;985.4976000000806;981.4990000000125;951.5889999999968;952.9092999999968;991.0944000000495;981.4990000000125;988.2960000000651;981.4990000000125;974.1238000000017;974.1238000000017;974.1238000000017;972.8916000000017;930.9042999999954;974.1238000000017;949.8285999999966;981.4990000000125;
6282.999999999942;985.4976000000806;981.4990000000125;951.5889999999968;952.9092999999968;991.0944000000495;981.4990000000125;988.2960000000651;981.4990000000125;974.1238000000017;974.1238000000017;974.1238000000017;972.8916000000017;930.9042999999954;974.1238000000017;949.8285999999966;981.4990000000125;
6283.999999999942;985.4976000000806;981.4990000000125;951.5889999999968;952.9092999999968;991.0944000000495;981.4990000000125;988.2960000000651;981.4990000000125;974.1238000000017;974.1238000000017;974.1238000000017;972.8916000000017;930.9042999999954;974.1238000000017;949.8285999999966;981.4990000000125;
6284.999999999942;985.4976000000806;981.4990000000125;951.5889999999968;952.9092999999968;991.0944000000495;981.4990000000125;988.2960000000651;981.4990000000125;974.1238000000017;974.1238000000017;974.1238000000017;972.8916000000017;930.9042999999954;974.1238000000017;949.8285999999966;981.4990000000125;
6285.999999999942;985.4976000000806;981.4990000000125;951.5889999999968;952.9092999999968;991.0944000000495;981.4990000000125;988.2960000000651;981.4990000000125;974.1238000000017;974.1238000000017;974.1238000000017;972.8916000000017;930.9042999999954;974.1238000000017;949.8285999999966;981.4990000000125;
6286.999999999942;985.4976000000806;981.4990000000125;951.5889999999968;952.9092999999968;991.0944000000495;981.4990000000125;988.2960000000651;981.4990000000125;974.1238000000017;974.1238000000017;974.1238000000017;972.8916000000017;930.9042999999954;974.1238000000017;949.8285999999966;981.4990000000125;
6287.999999999942;985.4976000000806;981.4990000000125;951.5889999999968;952.9092999999968;991.0944000000495;981.4990000000125;988.2960000000651;981.4990000000125;974.1238000000017;974.1238000000017;974.1238000000017;972.8916000000017;930.9042999999954;974.1238000000017;949.8285999999966;981.4990000000125;
6288.999999999942;985.4976000000806;981.4990000000125;951.5889999999968;952.9092999999968;991.0944000000495;981.4990000000125;988.2960000000651;981.4990000000125;974.1238000000017;974.1238000000017;974.1238000000017;972.8916000000017;930.9042999999954;974.1238000000017;949.8285999999966;981.4990000000125;
6289.999999999942;985.4976000000806;981.4990000000125;951.5889999999968;952.9092999999968;991.0944000000495;981.4990000000125;988.2960000000651;981.4990000000125;974.1238000000017;974.1238000000017;974.1238000000017;972.8916000000017;930.9042999999954;974.1238000000017;949.8285999999966;981.4990000000125;
6290.999999999942;985.4976000000806;981.4990000000125;951.5889999999968;952.9092999999968;991.0944000000495;981.4990000000125;988.2960000000651;981.4990000000125;974.1238000000017;974.1238000000017;974.1238000000017;972.8916000000017;930.9042999999954;974.1238000000017;949.8285999999966;981.4990000000125;
6291.999999999942;985.4976000000806;981.4990000000125;951.5889999999968;952.9092999999968;991.0944000000495;981.4990000000125;988.2960000000651;981.4990000000125;974.1238000000017;974.1238000000017;974.1238000000017;972.8916000000017;930.9042999999954;974.1238000000017;949.8285999999966;981.4990000000125;
6292.999999999942;985.4976000000806;981.4990000000125;951.5889999999968;952.9092999999968;991.0944000000495;981.4990000000125;988.2960000000651;981.4990000000125;974.1238000000017;974.1238000000017;974.1238000000017;972.8916000000017;930.9042999999954;974.1238000000017;949.8285999999966;981.4990000000125;
6293.999999999942;985.4976000000806;981.4990000000125;951.5889999999968;952.9092999999968;991.0944000000495;981.4990000000125;988.2960000000651;981.4990000000125;974.1238000000017;974.1238000000017;974.1238000000017;972.8916000000017;930.9042999999954;974.1238000000017;949.8285999999966;981.4990000000125;
6294.999999999942;985.4976000000806;981.4990000000125;951.5889999999968;952.9092999999968;991.0944000000495;981.4990000000125;988.2960000000651;981.4990000000125;974.1238000000017;974.1238000000017;974.1238000000017;972.8916000000017;930.9042999999954;974.1238000000017;949.8285999999966;981.4990000000125;
6295.999999999942;985.4976000000806;981.4990000000125;951.5889999999968;952.9092999999968;991.0944000000495;981.4990000000125;988.2960000000651;981.4990000000125;974.1238000000017;974.1238000000017;974.1238000000017;972.8916000000017;930.9042999999954;974.1238000000017;949.8285999999966;981.4990000000125;
6296.999999999942;985.4976000000806;981.4990000000125;951.5889999999968;952.9092999999968;991.0944000000495;981.4990000000125;988.2960000000651;981.4990000000125;974.1238000000017;974.1238000000017;974.1238000000017;972.8916000000017;930.9042999999954;974.1238000000017;949.8285999999966;981.4990000000125;
6297.999999999942;985.4976000000806;981.4990000000125;951.5889999999968;952.9092999999968;991.0944000000495;981.4990000000125;988.2960000000651;981.4990000000125;974.1238000000017;974.1238000000017;974.1238000000017;972.8916000000017;930.9042999999954;974.1238000000017;949.8285999999966;981.4990000000125;
6298.999999999942;985.4976000000806;981.4990000000125;951.5889999999968;952.9092999999968;991.0944000000495;981.4990000000125;988.2960000000651;981.4990000000125;974.1238000000017;974.1238000000017;974.1238000000017;972.8916000000017;930.9042999999954;974.1238000000017;949.8285999999966;981.4990000000125;
6299.76953527967;985.4976000000806;981.4990000000125;951.5889999999968;952.9092999999968;991.0944000000495;981.4989000000126;988.2960000000651;981.4990000000125;974.1238000000017;974.1238000000017;974.1238000000017;972.8916000000017;930.9042999999954;974.1238000000017;949.8285999999966;981.4990000000125;
6299.76953527967;985.4976000000806;981.4990000000125;951.5889999999968;952.9092999999968;991.0944000000495;981.4109000000126;988.2960000000651;981.4990000000125;974.1238000000017;974.1238000000017;974.1238000000017;972.8916000000017;930.9042999999954;974.1238000000017;949.8285999999966;981.4990000000125;
6299.77485127967;985.4888000000807;981.4990000000125;951.5889999999968;952.9092999999968;991.0944000000495;981.4109000000126;988.2960000000651;981.4990000000125;974.1238000000017;974.1238000000017;974.1238000000017;972.8916000000017;930.9042999999954;974.1238000000017;949.8285999999966;981.4990000000125;
6299.77485127967;985.4800000000807;981.4990000000125;951.5889999999968;952.9092999999968;991.0944000000495;981.4109000000126;988.2960000000651;981.4990000000125;974.1238000000017;974.1238000000017;974.1238000000017;972.8916000000017;930.9042999999954;974.1238000000017;949.8285999999966;981.4990000000125;
6299.7801672796695;985.4800000000807;981.4990000000125;951.5889999999968;952.9092999999968;991.0944000000495;981.4109000000126;988.2872000000651;981.4990000000125;974.1238000000017;974.1238000000017;974.1238000000017;972.8916000000017;930.9042999999954;974.1238000000017;949.8285999999966;981.4990000000125;
6299.791369921019;985.4800000000807;981.4990000000125;951.5889999999968;952.9092999999968;991.0944000000495;981.4109000000126;988.2872000000651;981.4990000000125;974.1238000000017;974.1238000000017;974.1238000000017;972.8916000000017;930.9041999999954;974.1238000000017;949.8285999999966;981.4990000000125;
6299.791369921019;985.4800000000807;981.4990000000125;951.5889999999968;952.9092999999968;991.0944000000495;981.4109000000126;988.2872000000651;981.4990000000125;974.1238000000017;974.1238000000017;974.1238000000017;972.8916000000017;930.4641999999953;974.1238000000017;949.8285999999966;981.4990000000125;
6299.7914238661715;985.4800000000807;981.4990000000125;951.5889999999968;952.9092999999968;991.0944000000495;981.4109000000126;988.2872000000651;981.4990000000125;974.1237000000017;974.1238000000017;974.1238000000017;972.8916000000017;930.4641999999953;974.1238000000017;949.8285999999966;981.4990000000125;
6299.7914238661715;985.4800000000807;981.4990000000125;951.5889999999968;952.9092999999968;991.0944000000495;981.4109000000126;988.2872000000651;981.4990000000125;973.5077000000017;974.1238000000017;974.1238000000017;972.8916000000017;930.4641999999953;974.1238000000017;949.8285999999966;981.4990000000125;
6299.796685921019;985.4800000000807;981.4990000000125;951.5889999999968;952.9092999999968;991.0856000000496;981.4109000000126;988.2872000000651;981.4990000000125;973.5077000000017;974.1238000000017;974.1238000000017;972.8916000000017;930.4641999999953;974.1238000000017;949.8285999999966;981.4990000000125;
6299.796685921019;985.4800000000807;981.4990000000125;951.5889999999968;952.9092999999968;991.0768000000496;981.4109000000126;988.2872000000651;981.4990000000125;973.5077000000017;974.1238000000017;974.1238000000017;972.8916000000017;930.4641999999953;974.1238000000017;949.8285999999966;981.4990000000125;
6299.796739866171;985.4712000000808;981.4990000000125;951.5889999999968;952.9092999999968;991.0768000000496;981.4109000000126;988.2872000000651;981.4990000000125;973.5077000000017;974.1238000000017;974.1238000000017;972.8916000000017;930.4641999999953;974.1238000000017;949.8285999999966;981.4990000000125;
6299.99999999994;985.436000000081;981.4109000000126;951.1488999999967;952.9092999999968;991.0680000000497;981.4109000000126;988.2784000000652;981.4109000000126;973.5077000000017;973.5077000000017;974.1238000000017;972.8916000000017;930.4641999999953;973.5077000000017;949.8285999999966;981.4990000000125;
6300.774856056005;985.436000000081;981.4109000000126;951.1488999999967;952.9092999999968;991.0504000000498;981.4109000000126;988.2784000000652;981.4109000000126;973.5077000000017;973.5077000000017;973.5077000000017;972.8916000000017;930.4641999999953;973.5077000000017;949.3884999999966;981.4109000000126;
6301.774860832342;985.427200000081;981.4109000000126;951.1488999999967;952.9092999999968;991.0416000000498;981.4109000000126;988.2608000000653;981.4109000000126;973.5077000000017;973.5077000000017;973.5077000000017;972.8916000000017;930.4641999999953;973.5077000000017;949.3884999999966;981.4109000000126;
6302.774865608679;985.4184000000811;981.4109000000126;951.1488999999967;952.9092999999968;991.0328000000499;981.4109000000126;988.2432000000654;981.4109000000126;973.5077000000017;973.5077000000017;973.5077000000017;972.8916000000017;930.4641999999953;973.5077000000017;949.3884999999966;981.4109000000126;
6302.80197147995;985.4096000000811;981.4109000000126;951.1488999999967;952.9092999999968;991.0240000000499;981.4109000000126;988.2256000000655;981.4109000000126;973.5077000000017;973.5077000000017;973.5077000000017;972.8916000000017;930.4641999999953;973.5077000000017;949.3884999999966;981.4109000000126;
6303.774870385016;985.4096000000811;981.4109000000126;951.1488999999967;952.9092999999968;991.0240000000499;981.4109000000126;988.2256000000655;981.4109000000126;973.5077000000017;973.5077000000017;973.5077000000017;972.8916000000017;930.4641999999953;973.5077000000017;949.3884999999966;981.4109000000126;
6304.774875161353;985.4008000000812;981.4109000000126;951.1488999999967;952.9092999999968;991.0240000000499;981.4109000000126;988.2168000000655;981.4109000000126;973.5077000000017;973.5077000000017;973.5077000000017;972.8916000000017;930.4641999999953;973.5077000000017;949.3884999999966;981.4109000000126;
6304.999999999937;985.3920000000812;981.4109000000126;951.1488999999967;952.9092999999968;991.0240000000499;981.4109000000126;988.2080000000656;981.4109000000126;973.5077000000017;973.5077000000017;973.5077000000017;972.8916000000017;930.4641999999953;973.5077000000017;949.3884999999966;981.4109000000126;
6305.77487993769;985.3920000000812;981.4109000000126;951.1488999999967;952.9092999999968;991.0240000000499;981.4109000000126;988.2080000000656;981.4109000000126;973.5077000000017;973.5077000000017;973.5077000000017;972.8916000000017;930.4641999999953;973.5077000000017;949.3884999999966;981.4109000000126;
6306.999999999937;985.3920000000812;981.4109000000126;951.1488999999967;952.9092999999968;991.0240000000499;981.4109000000126;988.2080000000656;981.4109000000126;973.5077000000017;973.5077000000017;973.5077000000017;972.8916000000017;930.4641999999953;973.5077000000017;949.3884999999966;981.4109000000126;
6307.999999999937;985.3920000000812;981.4109000000126;951.1488999999967;952.9092999999968;991.0240000000499;981.4109000000126;988.2080000000656;981.4109000000126;973.5077000000017;973.5077000000017;973.5077000000017;972.8916000000017;930.4641999999953;973.5077000000017;949.3884999999966;981.4109000000126;
6308.999999999937;985.3920000000812;981.4109000000126;951.1488999999967;952.9092999999968;991.0240000000499;981.4109000000126;988.2080000000656;981.4109000000126;973.5077000000017;973.5077000000017;973.5077000000017;972.8916000000017;930.4641999999953;973.5077000000017;949.3884999999966;981.4109000000126;
6309.999999999937;985.3920000000812;981.4109000000126;951.1488999999967;952.9092999999968;991.0240000000499;981.4109000000126;988.2080000000656;981.4109000000126;973.5077000000017;973.5077000000017;973.5077000000017;972.8916000000017;930.4641999999953;973.5077000000017;949.3884999999966;981.4109000000126;
6310.999999999937;985.3920000000812;981.4109000000126;951.1488999999967;952.9092999999968;991.0240000000499;981.4109000000126;988.2080000000656;981.4109000000126;973.5077000000017;973.5077000000017;973.5077000000017;972.8916000000017;930.4641999999953;973.5077000000017;949.3884999999966;981.4109000000126;
6311.999999999937;985.3920000000812;981.4109000000126;951.1488999999967;952.9092999999968;991.0240000000499;981.4109000000126;988.2080000000656;981.4109000000126;973.5077000000017;973.5077000000017;973.5077000000017;972.8916000000017;930.4641999999953;973.5077000000017;949.3884999999966;981.4109000000126;
6312.999999999937;985.3920000000812;981.4109000000126;951.1488999999967;952.9092999999968;991.0240000000499;981.4109000000126;988.2080000000656;981.4109000000126;973.5077000000017;973.5077000000017;973.5077000000017;972.8916000000017;930.4641999999953;973.5077000000017;949.3884999999966;981.4109000000126;
6313.999999999937;985.3920000000812;981.4109000000126;951.1488999999967;952.9092999999968;991.0240000000499;981.4109000000126;988.2080000000656;981.4109000000126;973.5077000000017;973.5077000000017;973.5077000000017;972.8916000000017;930.4641999999953;973.5077000000017;949.3884999999966;981.4109000000126;
6314.999999999937;985.3920000000812;981.4109000000126;951.1488999999967;952.9092999999968;991.0240000000499;981.4109000000126;988.2080000000656;981.4109000000126;973.5077000000017;973.5077000000017;973.5077000000017;972.8916000000017;930.4641999999953;973.5077000000017;949.3884999999966;981.4109000000126;
6315.999999999937;985.3920000000812;981.4109000000126;951.1488999999967;952.9092999999968;991.0240000000499;981.4109000000126;988.2080000000656;981.4109000000126;973.5077000000017;973.5077000000017;973.5077000000017;972.8916000000017;930.4641999999953;973.5077000000017;949.3884999999966;981.4109000000126;
6316.999999999937;985.3920000000812;981.4109000000126;951.1488999999967;952.9092999999968;991.0240000000499;981.4109000000126;988.2080000000656;981.4109000000126;973.5077000000017;973.5077000000017;973.5077000000017;972.8916000000017;930.4641999999953;973.5077000000017;949.3884999999966;981.4109000000126;
6317.999999999937;985.3920000000812;981.4109000000126;951.1488999999967;952.9092999999968;991.0240000000499;981.4109000000126;988.2080000000656;981.4109000000126;973.5077000000017;973.5077000000017;973.5077000000017;972.8916000000017;930.4641999999953;973.5077000000017;949.3884999999966;981.4109000000126;
6318.999999999937;985.3920000000812;981.4109000000126;951.1488999999967;952.9092999999968;991.0240000000499;981.4109000000126;988.2080000000656;981.4109000000126;973.5077000000017;973.5077000000017;973.5077000000017;972.8916000000017;930.4641999999953;973.5077000000017;949.3884999999966;981.4109000000126;
6319.999999999937;985.3920000000812;981.4109000000126;951.1488999999967;952.9092999999968;991.0240000000499;981.4109000000126;988.2080000000656;981.4109000000126;973.5077000000017;973.5077000000017;973.5077000000017;972.8916000000017;930.4641999999953;973.5077000000017;949.3884999999966;981.4109000000126;
6320.999999999937;985.3920000000812;981.4109000000126;951.1488999999967;952.9092999999968;991.0240000000499;981.4109000000126;988.2080000000656;981.4109000000126;973.5077000000017;973.5077000000017;973.5077000000017;972.8916000000017;930.4641999999953;973.5077000000017;949.3884999999966;981.4109000000126;
6321.999999999937;985.3920000000812;981.4109000000126;951.1488999999967;952.9092999999968;991.0240000000499;981.4109000000126;988.2080000000656;981.4109000000126;973.5077000000017;973.5077000000017;973.5077000000017;972.8916000000017;930.4641999999953;973.5077000000017;949.3884999999966;981.4109000000126;
6322.999999999937;985.3920000000812;981.4109000000126;951.1488999999967;952.9092999999968;991.0240000000499;981.4109000000126;988.2080000000656;981.4109000000126;973.5077000000017;973.5077000000017;973.5077000000017;972.8916000000017;930.4641999999953;973.5077000000017;949.3884999999966;981.4109000000126;
6323.999999999937;985.3920000000812;981.4109000000126;951.1488999999967;952.9092999999968;991.0240000000499;981.4109000000126;988.2080000000656;981.4109000000126;973.5077000000017;973.5077000000017;973.5077000000017;972.8916000000017;930.4641999999953;973.5077000000017;949.3884999999966;981.4109000000126;
6324.999999999937;985.3920000000812;981.4109000000126;951.1488999999967;952.9092999999968;991.0240000000499;981.4109000000126;988.2080000000656;981.4109000000126;973.5077000000017;973.5077000000017;973.5077000000017;972.8916000000017;930.4641999999953;973.5077000000017;949.3884999999966;981.4109000000126;
6325.999999999937;985.3920000000812;981.4109000000126;951.1488999999967;952.9092999999968;991.0240000000499;981.4109000000126;988.2080000000656;981.4109000000126;973.5077000000017;973.5077000000017;973.5077000000017;972.8916000000017;930.4641999999953;973.5077000000017;949.3884999999966;981.4109000000126;
6326.999999999937;985.3920000000812;981.4109000000126;951.1488999999967;952.9092999999968;991.0240000000499;981.4109000000126;988.2080000000656;981.4109000000126;973.5077000000017;973.5077000000017;973.5077000000017;972.8916000000017;930.4641999999953;973.5077000000017;949.3884999999966;981.4109000000126;
6327.999999999937;985.3920000000812;981.4109000000126;951.1488999999967;952.9092999999968;991.0240000000499;981.4109000000126;988.2080000000656;981.4109000000126;973.5077000000017;973.5077000000017;973.5077000000017;972.8916000000017;930.4641999999953;973.5077000000017;949.3884999999966;981.4109000000126;
6328.999999999937;985.3920000000812;981.4109000000126;951.1488999999967;952.9092999999968;991.0240000000499;981.4109000000126;988.2080000000656;981.4109000000126;973.5077000000017;973.5077000000017;973.5077000000017;972.8916000000017;930.4641999999953;973.5077000000017;949.3884999999966;981.4109000000126;
6329.769508017399;985.3920000000812;981.4109000000126;951.1488999999967;952.9092999999968;991.0240000000499;981.4108000000126;988.2080000000656;981.4109000000126;973.5077000000017;973.5077000000017;973.5077000000017;972.8916000000017;930.4641999999953;973.5077000000017;949.3884999999966;981.4109000000126;
6329.769508017399;985.3920000000812;981.4109000000126;951.1488999999967;952.9092999999968;991.0240000000499;981.3228000000126;988.2080000000656;981.4109000000126;973.5077000000017;973.5077000000017;973.5077000000017;972.8916000000017;930.4641999999953;973.5077000000017;949.3884999999966;981.4109000000126;
6329.774824017399;985.3832000000813;981.4109000000126;951.1488999999967;952.9092999999968;991.0240000000499;981.3228000000126;988.2080000000656;981.4109000000126;973.5077000000017;973.5077000000017;973.5077000000017;972.8916000000017;930.4641999999953;973.5077000000017;949.3884999999966;981.4109000000126;
6329.774824017399;985.3744000000813;981.4109000000126;951.1488999999967;952.9092999999968;991.0240000000499;981.3228000000126;988.2080000000656;981.4109000000126;973.5077000000017;973.5077000000017;973.5077000000017;972.8916000000017;930.4641999999953;973.5077000000017;949.3884999999966;981.4109000000126;
6329.7801400173985;985.3744000000813;981.4109000000126;951.1488999999967;952.9092999999968;991.0240000000499;981.3228000000126;988.1992000000656;981.4109000000126;973.5077000000017;973.5077000000017;973.5077000000017;972.8916000000017;930.4641999999953;973.5077000000017;949.3884999999966;981.4109000000126;
6329.789642310885;985.3744000000813;981.4109000000126;951.1488999999967;952.9092999999968;991.0240000000499;981.3228000000126;988.1992000000656;981.4109000000126;973.5077000000017;973.5077000000017;973.5077000000017;972.8916000000017;930.4640999999954;973.5077000000017;949.3884999999966;981.4109000000126;
6329.789642310885;985.3744000000813;981.4109000000126;951.1488999999967;952.9092999999968;991.0240000000499;981.3228000000126;988.1992000000656;981.4109000000126;973.5077000000017;973.5077000000017;973.5077000000017;972.8916000000017;930.0240999999953;973.5077000000017;949.3884999999966;981.4109000000126;
6329.794958310885;985.3744000000813;981.4109000000126;951.1488999999967;952.9092999999968;991.01520000005;981.3228000000126;988.1992000000656;981.4109000000126;973.5077000000017;973.5077000000017;973.5077000000017;972.8916000000017;930.0240999999953;973.5077000000017;949.3884999999966;981.4109000000126;
6329.794958310885;985.3744000000813;981.4109000000126;951.1488999999967;952.9092999999968;991.00640000005;981.3228000000126;988.1992000000656;981.4109000000126;973.5077000000017;973.5077000000017;973.5077000000017;972.8916000000017;930.0240999999953;973.5077000000017;949.3884999999966;981.4109000000126;
6329.800274310885;985.3744000000813;981.4109000000126;951.1488999999967;952.9092999999968;991.00640000005;981.3228000000126;988.1904000000657;981.4109000000126;973.5077000000017;973.5077000000017;973.5077000000017;972.8916000000017;930.0240999999953;973.5077000000017;949.3884999999966;981.4109000000126;
6329.939579291613;985.3744000000813;981.4108000000126;951.1488999999967;952.9092999999968;991.00640000005;981.3228000000126;988.1904000000657;981.4109000000126;973.5077000000017;973.5077000000017;973.5077000000017;972.8916000000017;930.0240999999953;973.5077000000017;949.3884999999966;981.4109000000126;
6330.774828793735;985.3568000000814;981.3228000000126;951.1488999999967;952.4691999999968;990.99760000005;981.3228000000126;988.1904000000657;981.3228000000126;973.5077000000017;973.5077000000017;973.5077000000017;972.8916000000017;930.0240999999953;973.5077000000017;949.3884999999966;981.3228000000126;
6330.800264163861;985.3480000000815;981.3228000000126;951.1488999999967;952.4691999999968;990.9888000000501;981.3228000000126;988.1728000000658;981.3228000000126;973.5077000000017;973.5077000000017;973.5077000000017;972.8916000000017;930.0240999999953;973.5077000000017;949.3884999999966;981.3228000000126;
6331.774833570071;985.3480000000815;981.3228000000126;951.1488999999967;952.4691999999968;990.9888000000501;981.3228000000126;988.1728000000658;981.3228000000126;973.5077000000017;973.5077000000017;973.5077000000017;972.8916000000017;930.0240999999953;973.5077000000017;949.3884999999966;981.3228000000126;
6332.774838346408;985.3392000000815;981.3228000000126;951.1488999999967;952.4691999999968;990.9888000000501;981.3228000000126;988.1640000000658;981.3228000000126;973.5077000000017;973.5077000000017;973.5077000000017;972.8916000000017;930.0240999999953;973.5077000000017;949.3884999999966;981.3228000000126;
6332.999999999934;985.3392000000815;981.3228000000126;951.1488999999967;952.4691999999968;990.9888000000501;981.3228000000126;988.1640000000658;981.3228000000126;973.5077000000017;973.5077000000017;973.5077000000017;972.8916000000017;930.0240999999953;973.5077000000017;949.3884999999966;981.3228000000126;
6333.999999999934;985.3392000000815;981.3228000000126;951.1488999999967;952.4691999999968;990.9888000000501;981.3228000000126;988.1640000000658;981.3228000000126;973.5077000000017;973.5077000000017;973.5077000000017;972.8916000000017;930.0240999999953;973.5077000000017;949.3884999999966;981.3228000000126;
6334.999999999934;985.3392000000815;981.3228000000126;951.1488999999967;952.4691999999968;990.9888000000501;981.3228000000126;988.1640000000658;981.3228000000126;973.5077000000017;973.5077000000017;973.5077000000017;972.8916000000017;930.0240999999953;973.5077000000017;949.3884999999966;981.3228000000126;
6335.999999999934;985.3392000000815;981.3228000000126;951.1488999999967;952.4691999999968;990.9888000000501;981.3228000000126;988.1640000000658;981.3228000000126;973.5077000000017;973.5077000000017;973.5077000000017;972.8916000000017;930.0240999999953;973.5077000000017;949.3884999999966;981.3228000000126;
6336.999999999934;985.3392000000815;981.3228000000126;951.1488999999967;952.4691999999968;990.9888000000501;981.3228000000126;988.1640000000658;981.3228000000126;973.5077000000017;973.5077000000017;973.5077000000017;972.8916000000017;930.0240999999953;973.5077000000017;949.3884999999966;981.3228000000126;
6337.999999999934;985.3392000000815;981.3228000000126;951.1488999999967;952.4691999999968;990.9888000000501;981.3228000000126;988.1640000000658;981.3228000000126;973.5077000000017;973.5077000000017;973.5077000000017;972.8916000000017;930.0240999999953;973.5077000000017;949.3884999999966;981.3228000000126;
6338.999999999934;985.3392000000815;981.3228000000126;951.1488999999967;952.4691999999968;990.9888000000501;981.3228000000126;988.1640000000658;981.3228000000126;973.5077000000017;973.5077000000017;973.5077000000017;972.8916000000017;930.0240999999953;973.5077000000017;949.3884999999966;981.3228000000126;
6339.999999999934;985.3392000000815;981.3228000000126;951.1488999999967;952.4691999999968;990.9888000000501;981.3228000000126;988.1640000000658;981.3228000000126;973.5077000000017;973.5077000000017;973.5077000000017;972.8916000000017;930.0240999999953;973.5077000000017;949.3884999999966;981.3228000000126;
6340.999999999934;985.3392000000815;981.3228000000126;951.1488999999967;952.4691999999968;990.9888000000501;981.3228000000126;988.1640000000658;981.3228000000126;973.5077000000017;973.5077000000017;973.5077000000017;972.8916000000017;930.0240999999953;973.5077000000017;949.3884999999966;981.3228000000126;
6341.999999999934;985.3392000000815;981.3228000000126;951.1488999999967;952.4691999999968;990.9888000000501;981.3228000000126;988.1640000000658;981.3228000000126;973.5077000000017;973.5077000000017;973.5077000000017;972.8916000000017;930.0240999999953;973.5077000000017;949.3884999999966;981.3228000000126;
6342.999999999934;985.3392000000815;981.3228000000126;951.1488999999967;952.4691999999968;990.9888000000501;981.3228000000126;988.1640000000658;981.3228000000126;973.5077000000017;973.5077000000017;973.5077000000017;972.8916000000017;930.0240999999953;973.5077000000017;949.3884999999966;981.3228000000126;
6343.999999999934;985.3392000000815;981.3228000000126;951.1488999999967;952.4691999999968;990.9888000000501;981.3228000000126;988.1640000000658;981.3228000000126;973.5077000000017;973.5077000000017;973.5077000000017;972.8916000000017;930.0240999999953;973.5077000000017;949.3884999999966;981.3228000000126;
6344.999999999934;985.3392000000815;981.3228000000126;951.1488999999967;952.4691999999968;990.9888000000501;981.3228000000126;988.1640000000658;981.3228000000126;973.5077000000017;973.5077000000017;973.5077000000017;972.8916000000017;930.0240999999953;973.5077000000017;949.3884999999966;981.3228000000126;
6345.999999999934;985.3392000000815;981.3228000000126;951.1488999999967;952.4691999999968;990.9888000000501;981.3228000000126;988.1640000000658;981.3228000000126;973.5077000000017;973.5077000000017;973.5077000000017;972.8916000000017;930.0240999999953;973.5077000000017;949.3884999999966;981.3228000000126;
6346.999999999934;985.3392000000815;981.3228000000126;951.1488999999967;952.4691999999968;990.9888000000501;981.3228000000126;988.1640000000658;981.3228000000126;973.5077000000017;973.5077000000017;973.5077000000017;972.8916000000017;930.0240999999953;973.5077000000017;949.3884999999966;981.3228000000126;
6347.999999999934;985.3392000000815;981.3228000000126;951.1488999999967;952.4691999999968;990.9888000000501;981.3228000000126;988.1640000000658;981.3228000000126;973.5077000000017;973.5077000000017;973.5077000000017;972.8916000000017;930.0240999999953;973.5077000000017;949.3884999999966;981.3228000000126;
6348.999999999934;985.3392000000815;981.3228000000126;951.1488999999967;952.4691999999968;990.9888000000501;981.3228000000126;988.1640000000658;981.3228000000126;973.5077000000017;973.5077000000017;973.5077000000017;972.8916000000017;930.0240999999953;973.5077000000017;949.3884999999966;981.3228000000126;
6349.999999999934;985.3392000000815;981.3228000000126;951.1488999999967;952.4691999999968;990.9888000000501;981.3228000000126;988.1640000000658;981.3228000000126;973.5077000000017;973.5077000000017;973.5077000000017;972.8916000000017;930.0240999999953;973.5077000000017;949.3884999999966;981.3228000000126;
6350.999999999934;985.3392000000815;981.3228000000126;951.1488999999967;952.4691999999968;990.9888000000501;981.3228000000126;988.1640000000658;981.3228000000126;973.5077000000017;973.5077000000017;973.5077000000017;972.8916000000017;930.0240999999953;973.5077000000017;949.3884999999966;981.3228000000126;
6351.999999999934;985.3392000000815;981.3228000000126;951.1488999999967;952.4691999999968;990.9888000000501;981.3228000000126;988.1640000000658;981.3228000000126;973.5077000000017;973.5077000000017;973.5077000000017;972.8916000000017;930.0240999999953;973.5077000000017;949.3884999999966;981.3228000000126;
6352.999999999934;985.3392000000815;981.3228000000126;951.1488999999967;952.4691999999968;990.9888000000501;981.3228000000126;988.1640000000658;981.3228000000126;973.5077000000017;973.5077000000017;973.5077000000017;972.8916000000017;930.0240999999953;973.5077000000017;949.3884999999966;981.3228000000126;
6353.999999999934;985.3392000000815;981.3228000000126;951.1488999999967;952.4691999999968;990.9888000000501;981.3228000000126;988.1640000000658;981.3228000000126;973.5077000000017;973.5077000000017;973.5077000000017;972.8916000000017;930.0240999999953;973.5077000000017;949.3884999999966;981.3228000000126;
6354.999999999934;985.3392000000815;981.3228000000126;951.1488999999967;952.4691999999968;990.9888000000501;981.3228000000126;988.1640000000658;981.3228000000126;973.5077000000017;973.5077000000017;973.5077000000017;972.8916000000017;930.0240999999953;973.5077000000017;949.3884999999966;981.3228000000126;
6355.999999999934;985.3392000000815;981.3228000000126;951.1488999999967;952.4691999999968;990.9888000000501;981.3228000000126;988.1640000000658;981.3228000000126;973.5077000000017;973.5077000000017;973.5077000000017;972.8916000000017;930.0240999999953;973.5077000000017;949.3884999999966;981.3228000000126;
6356.999999999934;985.3392000000815;981.3228000000126;951.1488999999967;952.4691999999968;990.9888000000501;981.3228000000126;988.1640000000658;981.3228000000126;973.5077000000017;973.5077000000017;973.5077000000017;972.8916000000017;930.0240999999953;973.5077000000017;949.3884999999966;981.3228000000126;
6357.999999999934;985.3392000000815;981.3228000000126;951.1488999999967;952.4691999999968;990.9888000000501;981.3228000000126;988.1640000000658;981.3228000000126;973.5077000000017;973.5077000000017;973.5077000000017;972.8916000000017;930.0240999999953;973.5077000000017;949.3884999999966;981.3228000000126;
6358.999999999934;985.3392000000815;981.3228000000126;951.1488999999967;952.4691999999968;990.9888000000501;981.3228000000126;988.1640000000658;981.3228000000126;973.5077000000017;973.5077000000017;973.5077000000017;972.8916000000017;930.0240999999953;973.5077000000017;949.3884999999966;981.3228000000126;
6359.769480755129;985.3392000000815;981.3228000000126;951.1488999999967;952.4691999999968;990.9888000000501;981.3227000000127;988.1640000000658;981.3228000000126;973.5077000000017;973.5077000000017;973.5077000000017;972.8916000000017;930.0240999999953;973.5077000000017;949.3884999999966;981.3228000000126;
6359.769480755129;985.3392000000815;981.3228000000126;951.1488999999967;952.4691999999968;990.9888000000501;981.2347000000127;988.1640000000658;981.3228000000126;973.5077000000017;973.5077000000017;973.5077000000017;972.8916000000017;930.0240999999953;973.5077000000017;949.3884999999966;981.3228000000126;
6359.774796755129;985.3304000000816;981.3228000000126;951.1488999999967;952.4691999999968;990.9888000000501;981.2347000000127;988.1640000000658;981.3228000000126;973.5077000000017;973.5077000000017;973.5077000000017;972.8916000000017;930.0240999999953;973.5077000000017;949.3884999999966;981.3228000000126;
6359.774796755129;985.3216000000816;981.3228000000126;951.1488999999967;952.4691999999968;990.9888000000501;981.2347000000127;988.1640000000658;981.3228000000126;973.5077000000017;973.5077000000017;973.5077000000017;972.8916000000017;930.0240999999953;973.5077000000017;949.3884999999966;981.3228000000126;
6359.780112755128;985.3216000000816;981.3228000000126;951.1488999999967;952.4691999999968;990.9888000000501;981.2347000000127;988.1552000000659;981.3228000000126;973.5077000000017;973.5077000000017;973.5077000000017;972.8916000000017;930.0240999999953;973.5077000000017;949.3884999999966;981.3228000000126;
6359.7879147007525;985.3216000000816;981.3228000000126;951.1488999999967;952.4691999999968;990.9888000000501;981.2347000000127;988.1552000000659;981.3228000000126;973.5077000000017;973.5077000000017;973.5077000000017;972.8916000000017;930.0239999999953;973.5077000000017;949.3884999999966;981.3228000000126;
6359.7879147007525;985.3216000000816;981.3228000000126;951.1488999999967;952.4691999999968;990.9888000000501;981.2347000000127;988.1552000000659;981.3228000000126;973.5077000000017;973.5077000000017;973.5077000000017;972.8916000000017;929.5839999999953;973.5077000000017;949.3884999999966;981.3228000000126;
6359.793230700752;985.3216000000816;981.3228000000126;951.1488999999967;952.4691999999968;990.9800000000502;981.2347000000127;988.1552000000659;981.3228000000126;973.5077000000017;973.5077000000017;973.5077000000017;972.8916000000017;929.5839999999953;973.5077000000017;949.3884999999966;981.3228000000126;
6359.793230700752;985.3216000000816;981.3228000000126;951.1488999999967;952.4691999999968;990.9712000000502;981.2347000000127;988.1552000000659;981.3228000000126;973.5077000000017;973.5077000000017;973.5077000000017;972.8916000000017;929.5839999999953;973.5077000000017;949.3884999999966;981.3228000000126;
6359.798546700752;985.3216000000816;981.3228000000126;951.1488999999967;952.4691999999968;990.9712000000502;981.2347000000127;988.1464000000659;981.3228000000126;973.5077000000017;973.5077000000017;973.5077000000017;972.8916000000017;929.5839999999953;973.5077000000017;949.3884999999966;981.3228000000126;
6359.804241276588;985.3216000000816;981.3228000000126;951.1487999999968;952.4691999999968;990.9712000000502;981.2347000000127;988.1464000000659;981.3228000000126;973.5077000000017;973.5077000000017;973.5077000000017;972.8916000000017;929.5839999999953;973.5077000000017;949.3884999999966;981.3228000000126;
6359.804241276588;985.3216000000816;981.3228000000126;950.7087999999967;952.4691999999968;990.9712000000502;981.2347000000127;988.1464000000659;981.3228000000126;973.5077000000017;973.5077000000017;973.5077000000017;972.8916000000017;929.5839999999953;973.5077000000017;949.3884999999966;981.3228000000126;
6360.237697320369;985.2952000000818;981.2347000000127;950.7087999999967;952.4691999999968;990.9712000000502;981.2347000000127;988.1464000000659;981.2347000000127;973.5077000000017;973.5077000000017;973.5077000000017;972.8916000000017;929.5839999999953;973.5077000000017;949.3883999999966;981.2347000000127;
6360.99999999993;985.2864000000818;981.2347000000127;950.7087999999967;952.4691999999968;990.9536000000503;981.2347000000127;988.128800000066;981.2347000000127;973.5077000000017;973.5077000000017;973.5077000000017;972.8916000000017;929.5839999999953;973.5077000000017;948.9483999999966;981.2347000000127;
6361.774806307801;985.2864000000818;981.2347000000127;950.7087999999967;952.4691999999968;990.9536000000503;981.2347000000127;988.128800000066;981.2347000000127;973.5077000000017;973.5077000000017;973.5077000000017;972.8916000000017;929.5839999999953;973.5077000000017;948.9483999999966;981.2347000000127;
6362.774811084138;985.2776000000819;981.2347000000127;950.7087999999967;952.4691999999968;990.9536000000503;981.2347000000127;988.120000000066;981.2347000000127;973.5077000000017;973.5077000000017;973.5077000000017;972.8916000000017;929.5839999999953;973.5077000000017;948.9483999999966;981.2347000000127;
6362.99999999993;985.2688000000819;981.2347000000127;950.7087999999967;952.4691999999968;990.9536000000503;981.2347000000127;988.1112000000661;981.2347000000127;973.5077000000017;973.5077000000017;973.5077000000017;972.8916000000017;929.5839999999953;973.5077000000017;948.9483999999966;981.2347000000127;
6363.7748158604745;985.2688000000819;981.2347000000127;950.7087999999967;952.4691999999968;990.9536000000503;981.2347000000127;988.1112000000661;981.2347000000127;973.5077000000017;973.5077000000017;973.5077000000017;972.8916000000017;929.5839999999953;973.5077000000017;948.9483999999966;981.2347000000127;
6364.99999999993;985.2688000000819;981.2347000000127;950.7087999999967;952.4691999999968;990.9536000000503;981.2347000000127;988.1112000000661;981.2347000000127;973.5077000000017;973.5077000000017;973.5077000000017;972.8916000000017;929.5839999999953;973.5077000000017;948.9483999999966;981.2347000000127;
6365.99999999993;985.2688000000819;981.2347000000127;950.7087999999967;952.4691999999968;990.9536000000503;981.2347000000127;988.1112000000661;981.2347000000127;973.5077000000017;973.5077000000017;973.5077000000017;972.8916000000017;929.5839999999953;973.5077000000017;948.9483999999966;981.2347000000127;
6366.99999999993;985.2688000000819;981.2347000000127;950.7087999999967;952.4691999999968;990.9536000000503;981.2347000000127;988.1112000000661;981.2347000000127;973.5077000000017;973.5077000000017;973.5077000000017;972.8916000000017;929.5839999999953;973.5077000000017;948.9483999999966;981.2347000000127;
6367.99999999993;985.2688000000819;981.2347000000127;950.7087999999967;952.4691999999968;990.9536000000503;981.2347000000127;988.1112000000661;981.2347000000127;973.5077000000017;973.5077000000017;973.5077000000017;972.8916000000017;929.5839999999953;973.5077000000017;948.9483999999966;981.2347000000127;
6368.99999999993;985.2688000000819;981.2347000000127;950.7087999999967;952.4691999999968;990.9536000000503;981.2347000000127;988.1112000000661;981.2347000000127;973.5077000000017;973.5077000000017;973.5077000000017;972.8916000000017;929.5839999999953;973.5077000000017;948.9483999999966;981.2347000000127;
6369.99999999993;985.2688000000819;981.2347000000127;950.7087999999967;952.4691999999968;990.9536000000503;981.2347000000127;988.1112000000661;981.2347000000127;973.5077000000017;973.5077000000017;973.5077000000017;972.8916000000017;929.5839999999953;973.5077000000017;948.9483999999966;981.2347000000127;
6370.99999999993;985.2688000000819;981.2347000000127;950.7087999999967;952.4691999999968;990.9536000000503;981.2347000000127;988.1112000000661;981.2347000000127;973.5077000000017;973.5077000000017;973.5077000000017;972.8916000000017;929.5839999999953;973.5077000000017;948.9483999999966;981.2347000000127;
6371.99999999993;985.2688000000819;981.2347000000127;950.7087999999967;952.4691999999968;990.9536000000503;981.2347000000127;988.1112000000661;981.2347000000127;973.5077000000017;973.5077000000017;973.5077000000017;972.8916000000017;929.5839999999953;973.5077000000017;948.9483999999966;981.2347000000127;
6372.99999999993;985.2688000000819;981.2347000000127;950.7087999999967;952.4691999999968;990.9536000000503;981.2347000000127;988.1112000000661;981.2347000000127;973.5077000000017;973.5077000000017;973.5077000000017;972.8916000000017;929.5839999999953;973.5077000000017;948.9483999999966;981.2347000000127;
6373.99999999993;985.2688000000819;981.2347000000127;950.7087999999967;952.4691999999968;990.9536000000503;981.2347000000127;988.1112000000661;981.2347000000127;973.5077000000017;973.5077000000017;973.5077000000017;972.8916000000017;929.5839999999953;973.5077000000017;948.9483999999966;981.2347000000127;
6374.99999999993;985.2688000000819;981.2347000000127;950.7087999999967;952.4691999999968;990.9536000000503;981.2347000000127;988.1112000000661;981.2347000000127;973.5077000000017;973.5077000000017;973.5077000000017;972.8916000000017;929.5839999999953;973.5077000000017;948.9483999999966;981.2347000000127;
6375.01038351892;985.2688000000819;981.2347000000127;950.7087999999967;952.4691999999968;990.9536000000503;981.2347000000127;988.1112000000661;981.2347000000127;973.5077000000017;973.5077000000017;973.5077000000017;972.8915000000018;929.5839999999953;973.5077000000017;948.9483999999966;981.2347000000127;
6375.01038351892;985.2688000000819;981.2347000000127;950.7087999999967;952.4691999999968;990.9536000000503;981.2347000000127;988.1112000000661;981.2347000000127;973.5077000000017;973.5077000000017;973.5077000000017;972.2755000000018;929.5839999999953;973.5077000000017;948.9483999999966;981.2347000000127;
6375.01569951892;985.2688000000819;981.2347000000127;950.7087999999967;952.4691999999968;990.9448000000503;981.2347000000127;988.1112000000661;981.2347000000127;973.5077000000017;973.5077000000017;973.5077000000017;972.2755000000018;929.5839999999953;973.5077000000017;948.9483999999966;981.2347000000127;
6375.01569951892;985.2688000000819;981.2347000000127;950.7087999999967;952.4691999999968;990.9360000000504;981.2347000000127;988.1112000000661;981.2347000000127;973.5077000000017;973.5077000000017;973.5077000000017;972.2755000000018;929.5839999999953;973.5077000000017;948.9483999999966;981.2347000000127;
6375.02101551892;985.2688000000819;981.2347000000127;950.7087999999967;952.4691999999968;990.9360000000504;981.2347000000127;988.1024000000662;981.2347000000127;973.5077000000017;973.5077000000017;973.5077000000017;972.2755000000018;929.5839999999953;973.5077000000017;948.9483999999966;981.2347000000127;
6375.999999999929;985.2688000000819;981.2347000000127;950.7087999999967;952.4691999999968;990.9360000000504;981.2347000000127;988.1024000000662;981.2347000000127;973.5077000000017;973.5077000000017;973.5077000000017;972.2755000000018;929.5839999999953;973.5077000000017;948.9483999999966;981.2347000000127;
6376.999999999929;985.2688000000819;981.2347000000127;950.7087999999967;952.4691999999968;990.9360000000504;981.2347000000127;988.1024000000662;981.2347000000127;973.5077000000017;973.5077000000017;973.5077000000017;972.2755000000018;929.5839999999953;973.5077000000017;948.9483999999966;981.2347000000127;
6377.999999999929;985.2688000000819;981.2347000000127;950.7087999999967;952.4691999999968;990.9360000000504;981.2347000000127;988.1024000000662;981.2347000000127;973.5077000000017;973.5077000000017;973.5077000000017;972.2755000000018;929.5839999999953;973.5077000000017;948.9483999999966;981.2347000000127;
6378.999999999929;985.2688000000819;981.2347000000127;950.7087999999967;952.4691999999968;990.9360000000504;981.2347000000127;988.1024000000662;981.2347000000127;973.5077000000017;973.5077000000017;973.5077000000017;972.2755000000018;929.5839999999953;973.5077000000017;948.9483999999966;981.2347000000127;
6379.999999999929;985.2688000000819;981.2347000000127;950.7087999999967;952.4691999999968;990.9360000000504;981.2347000000127;988.1024000000662;981.2347000000127;973.5077000000017;973.5077000000017;973.5077000000017;972.2755000000018;929.5839999999953;973.5077000000017;948.9483999999966;981.2347000000127;
6380.999999999929;985.2688000000819;981.2347000000127;950.7087999999967;952.4691999999968;990.9360000000504;981.2347000000127;988.1024000000662;981.2347000000127;973.5077000000017;973.5077000000017;973.5077000000017;972.2755000000018;929.5839999999953;973.5077000000017;948.9483999999966;981.2347000000127;
6381.999999999929;985.2688000000819;981.2347000000127;950.7087999999967;952.4691999999968;990.9360000000504;981.2347000000127;988.1024000000662;981.2347000000127;973.5077000000017;973.5077000000017;973.5077000000017;972.2755000000018;929.5839999999953;973.5077000000017;948.9483999999966;981.2347000000127;
6382.999999999929;985.2688000000819;981.2347000000127;950.7087999999967;952.4691999999968;990.9360000000504;981.2347000000127;988.1024000000662;981.2347000000127;973.5077000000017;973.5077000000017;973.5077000000017;972.2755000000018;929.5839999999953;973.5077000000017;948.9483999999966;981.2347000000127;
6383.999999999929;985.2688000000819;981.2347000000127;950.7087999999967;952.4691999999968;990.9360000000504;981.2347000000127;988.1024000000662;981.2347000000127;973.5077000000017;973.5077000000017;973.5077000000017;972.2755000000018;929.5839999999953;973.5077000000017;948.9483999999966;981.2347000000127;
6384.999999999929;985.2688000000819;981.2347000000127;950.7087999999967;952.4691999999968;990.9360000000504;981.2347000000127;988.1024000000662;981.2347000000127;973.5077000000017;973.5077000000017;973.5077000000017;972.2755000000018;929.5839999999953;973.5077000000017;948.9483999999966;981.2347000000127;
6385.999999999929;985.2688000000819;981.2347000000127;950.7087999999967;952.4691999999968;990.9360000000504;981.2347000000127;988.1024000000662;981.2347000000127;973.5077000000017;973.5077000000017;973.5077000000017;972.2755000000018;929.5839999999953;973.5077000000017;948.9483999999966;981.2347000000127;
6386.999999999929;985.2688000000819;981.2347000000127;950.7087999999967;952.4691999999968;990.9360000000504;981.2347000000127;988.1024000000662;981.2347000000127;973.5077000000017;973.5077000000017;973.5077000000017;972.2755000000018;929.5839999999953;973.5077000000017;948.9483999999966;981.2347000000127;
6387.999999999929;985.2688000000819;981.2347000000127;950.7087999999967;952.4691999999968;990.9360000000504;981.2347000000127;988.1024000000662;981.2347000000127;973.5077000000017;973.5077000000017;973.5077000000017;972.2755000000018;929.5839999999953;973.5077000000017;948.9483999999966;981.2347000000127;
6388.999999999929;985.2688000000819;981.2347000000127;950.7087999999967;952.4691999999968;990.9360000000504;981.2347000000127;988.1024000000662;981.2347000000127;973.5077000000017;973.5077000000017;973.5077000000017;972.2755000000018;929.5839999999953;973.5077000000017;948.9483999999966;981.2347000000127;
6389.769453492858;985.2688000000819;981.2347000000127;950.7087999999967;952.4691999999968;990.9360000000504;981.2346000000127;988.1024000000662;981.2347000000127;973.5077000000017;973.5077000000017;973.5077000000017;972.2755000000018;929.5839999999953;973.5077000000017;948.9483999999966;981.2347000000127;
6389.769453492858;985.2688000000819;981.2347000000127;950.7087999999967;952.4691999999968;990.9360000000504;981.1466000000128;988.1024000000662;981.2347000000127;973.5077000000017;973.5077000000017;973.5077000000017;972.2755000000018;929.5839999999953;973.5077000000017;948.9483999999966;981.2347000000127;
6389.774769492858;985.260000000082;981.2347000000127;950.7087999999967;952.4691999999968;990.9360000000504;981.1466000000128;988.1024000000662;981.2347000000127;973.5077000000017;973.5077000000017;973.5077000000017;972.2755000000018;929.5839999999953;973.5077000000017;948.9483999999966;981.2347000000127;
6389.774769492858;985.251200000082;981.2347000000127;950.7087999999967;952.4691999999968;990.9360000000504;981.1466000000128;988.1024000000662;981.2347000000127;973.5077000000017;973.5077000000017;973.5077000000017;972.2755000000018;929.5839999999953;973.5077000000017;948.9483999999966;981.2347000000127;
6389.780085492857;985.251200000082;981.2347000000127;950.7087999999967;952.4691999999968;990.9360000000504;981.1466000000128;988.0936000000662;981.2347000000127;973.5077000000017;973.5077000000017;973.5077000000017;972.2755000000018;929.5839999999953;973.5077000000017;948.9483999999966;981.2347000000127;
6389.786187090619;985.251200000082;981.2347000000127;950.7087999999967;952.4691999999968;990.9360000000504;981.1466000000128;988.0936000000662;981.2347000000127;973.5077000000017;973.5077000000017;973.5077000000017;972.2755000000018;929.5838999999953;973.5077000000017;948.9483999999966;981.2347000000127;
6389.786187090619;985.251200000082;981.2347000000127;950.7087999999967;952.4691999999968;990.9360000000504;981.1466000000128;988.0936000000662;981.2347000000127;973.5077000000017;973.5077000000017;973.5077000000017;972.2755000000018;929.1438999999953;973.5077000000017;948.9483999999966;981.2347000000127;
6390.7747742691945;985.2336000000821;981.1466000000128;950.7087999999967;952.0290999999968;990.9096000000505;981.1466000000128;988.0848000000663;981.1466000000128;973.5077000000017;973.5077000000017;973.5077000000017;972.2755000000018;929.1438999999953;973.5077000000017;948.9483999999966;981.1466000000128;
6390.999999999927;985.2248000000822;981.1466000000128;950.7087999999967;952.0290999999968;990.9008000000506;981.1466000000128;988.0672000000664;981.1466000000128;973.5077000000017;973.5077000000017;973.5077000000017;972.2755000000018;929.1438999999953;973.5077000000017;948.9483999999966;981.1466000000128;
6391.774779045531;985.2248000000822;981.1466000000128;950.7087999999967;952.0290999999968;990.9008000000506;981.1466000000128;988.0672000000664;981.1466000000128;973.5077000000017;973.5077000000017;973.5077000000017;972.2755000000018;929.1438999999953;973.5077000000017;948.9483999999966;981.1466000000128;
6392.774783821868;985.2160000000822;981.1466000000128;950.7087999999967;952.0290999999968;990.9008000000506;981.1466000000128;988.0584000000664;981.1466000000128;973.5077000000017;973.5077000000017;973.5077000000017;972.2755000000018;929.1438999999953;973.5077000000017;948.9483999999966;981.1466000000128;
6393.999999999927;985.2160000000822;981.1466000000128;950.7087999999967;952.0290999999968;990.9008000000506;981.1466000000128;988.0584000000664;981.1466000000128;973.5077000000017;973.5077000000017;973.5077000000017;972.2755000000018;929.1438999999953;973.5077000000017;948.9483999999966;981.1466000000128;
6394.999999999927;985.2160000000822;981.1466000000128;950.7087999999967;952.0290999999968;990.9008000000506;981.1466000000128;988.0584000000664;981.1466000000128;973.5077000000017;973.5077000000017;973.5077000000017;972.2755000000018;929.1438999999953;973.5077000000017;948.9483999999966;981.1466000000128;
6395.999999999927;985.2160000000822;981.1466000000128;950.7087999999967;952.0290999999968;990.9008000000506;981.1466000000128;988.0584000000664;981.1466000000128;973.5077000000017;973.5077000000017;973.5077000000017;972.2755000000018;929.1438999999953;973.5077000000017;948.9483999999966;981.1466000000128;
6396.999999999927;985.2160000000822;981.1466000000128;950.7087999999967;952.0290999999968;990.9008000000506;981.1466000000128;988.0584000000664;981.1466000000128;973.5077000000017;973.5077000000017;973.5077000000017;972.2755000000018;929.1438999999953;973.5077000000017;948.9483999999966;981.1466000000128;
6397.999999999927;985.2160000000822;981.1466000000128;950.7087999999967;952.0290999999968;990.9008000000506;981.1466000000128;988.0584000000664;981.1466000000128;973.5077000000017;973.5077000000017;973.5077000000017;972.2755000000018;929.1438999999953;973.5077000000017;948.9483999999966;981.1466000000128;
6398.999999999927;985.2160000000822;981.1466000000128;950.7087999999967;952.0290999999968;990.9008000000506;981.1466000000128;988.0584000000664;981.1466000000128;973.5077000000017;973.5077000000017;973.5077000000017;972.2755000000018;929.1438999999953;973.5077000000017;948.9483999999966;981.1466000000128;
6399.999999999927;985.2160000000822;981.1466000000128;950.7087999999967;952.0290999999968;990.9008000000506;981.1466000000128;988.0584000000664;981.1466000000128;973.5077000000017;973.5077000000017;973.5077000000017;972.2755000000018;929.1438999999953;973.5077000000017;948.9483999999966;981.1466000000128;
6400.999999999927;985.2160000000822;981.1466000000128;950.7087999999967;952.0290999999968;990.9008000000506;981.1466000000128;988.0584000000664;981.1466000000128;973.5077000000017;973.5077000000017;973.5077000000017;972.2755000000018;929.1438999999953;973.5077000000017;948.9483999999966;981.1466000000128;
6401.999999999927;985.2160000000822;981.1466000000128;950.7087999999967;952.0290999999968;990.9008000000506;981.1466000000128;988.0584000000664;981.1466000000128;973.5077000000017;973.5077000000017;973.5077000000017;972.2755000000018;929.1438999999953;973.5077000000017;948.9483999999966;981.1466000000128;
6402.999999999927;985.2160000000822;981.1466000000128;950.7087999999967;952.0290999999968;990.9008000000506;981.1466000000128;988.0584000000664;981.1466000000128;973.5077000000017;973.5077000000017;973.5077000000017;972.2755000000018;929.1438999999953;973.5077000000017;948.9483999999966;981.1466000000128;
6403.999999999927;985.2160000000822;981.1466000000128;950.7087999999967;952.0290999999968;990.9008000000506;981.1466000000128;988.0584000000664;981.1466000000128;973.5077000000017;973.5077000000017;973.5077000000017;972.2755000000018;929.1438999999953;973.5077000000017;948.9483999999966;981.1466000000128;
6404.999999999927;985.2160000000822;981.1466000000128;950.7087999999967;952.0290999999968;990.9008000000506;981.1466000000128;988.0584000000664;981.1466000000128;973.5077000000017;973.5077000000017;973.5077000000017;972.2755000000018;929.1438999999953;973.5077000000017;948.9483999999966;981.1466000000128;
6405.999999999927;985.2160000000822;981.1466000000128;950.7087999999967;952.0290999999968;990.9008000000506;981.1466000000128;988.0584000000664;981.1466000000128;973.5077000000017;973.5077000000017;973.5077000000017;972.2755000000018;929.1438999999953;973.5077000000017;948.9483999999966;981.1466000000128;
6406.999999999927;985.2160000000822;981.1466000000128;950.7087999999967;952.0290999999968;990.9008000000506;981.1466000000128;988.0584000000664;981.1466000000128;973.5077000000017;973.5077000000017;973.5077000000017;972.2755000000018;929.1438999999953;973.5077000000017;948.9483999999966;981.1466000000128;
6407.999999999927;985.2160000000822;981.1466000000128;950.7087999999967;952.0290999999968;990.9008000000506;981.1466000000128;988.0584000000664;981.1466000000128;973.5077000000017;973.5077000000017;973.5077000000017;972.2755000000018;929.1438999999953;973.5077000000017;948.9483999999966;981.1466000000128;
6408.999999999927;985.2160000000822;981.1466000000128;950.7087999999967;952.0290999999968;990.9008000000506;981.1466000000128;988.0584000000664;981.1466000000128;973.5077000000017;973.5077000000017;973.5077000000017;972.2755000000018;929.1438999999953;973.5077000000017;948.9483999999966;981.1466000000128;
6409.999999999927;985.2160000000822;981.1466000000128;950.7087999999967;952.0290999999968;990.9008000000506;981.1466000000128;988.0584000000664;981.1466000000128;973.5077000000017;973.5077000000017;973.5077000000017;972.2755000000018;929.1438999999953;973.5077000000017;948.9483999999966;981.1466000000128;
6410.999999999927;985.2160000000822;981.1466000000128;950.7087999999967;952.0290999999968;990.9008000000506;981.1466000000128;988.0584000000664;981.1466000000128;973.5077000000017;973.5077000000017;973.5077000000017;972.2755000000018;929.1438999999953;973.5077000000017;948.9483999999966;981.1466000000128;
6411.999999999927;985.2160000000822;981.1466000000128;950.7087999999967;952.0290999999968;990.9008000000506;981.1466000000128;988.0584000000664;981.1466000000128;973.5077000000017;973.5077000000017;973.5077000000017;972.2755000000018;929.1438999999953;973.5077000000017;948.9483999999966;981.1466000000128;
6412.999999999927;985.2160000000822;981.1466000000128;950.7087999999967;952.0290999999968;990.9008000000506;981.1466000000128;988.0584000000664;981.1466000000128;973.5077000000017;973.5077000000017;973.5077000000017;972.2755000000018;929.1438999999953;973.5077000000017;948.9483999999966;981.1466000000128;
6413.999999999927;985.2160000000822;981.1466000000128;950.7087999999967;952.0290999999968;990.9008000000506;981.1466000000128;988.0584000000664;981.1466000000128;973.5077000000017;973.5077000000017;973.5077000000017;972.2755000000018;929.1438999999953;973.5077000000017;948.9483999999966;981.1466000000128;
6414.999999999927;985.2160000000822;981.1466000000128;950.7087999999967;952.0290999999968;990.9008000000506;981.1466000000128;988.0584000000664;981.1466000000128;973.5077000000017;973.5077000000017;973.5077000000017;972.2755000000018;929.1438999999953;973.5077000000017;948.9483999999966;981.1466000000128;
6415.999999999927;985.2160000000822;981.1466000000128;950.7087999999967;952.0290999999968;990.9008000000506;981.1466000000128;988.0584000000664;981.1466000000128;973.5077000000017;973.5077000000017;973.5077000000017;972.2755000000018;929.1438999999953;973.5077000000017;948.9483999999966;981.1466000000128;
6416.999999999927;985.2160000000822;981.1466000000128;950.7087999999967;952.0290999999968;990.9008000000506;981.1466000000128;988.0584000000664;981.1466000000128;973.5077000000017;973.5077000000017;973.5077000000017;972.2755000000018;929.1438999999953;973.5077000000017;948.9483999999966;981.1466000000128;
6417.999999999927;985.2160000000822;981.1466000000128;950.7087999999967;952.0290999999968;990.9008000000506;981.1466000000128;988.0584000000664;981.1466000000128;973.5077000000017;973.5077000000017;973.5077000000017;972.2755000000018;929.1438999999953;973.5077000000017;948.9483999999966;981.1466000000128;
6418.999999999927;985.2160000000822;981.1466000000128;950.7087999999967;952.0290999999968;990.9008000000506;981.1466000000128;988.0584000000664;981.1466000000128;973.5077000000017;973.5077000000017;973.5077000000017;972.2755000000018;929.1438999999953;973.5077000000017;948.9483999999966;981.1466000000128;
6419.76942623059;985.2160000000822;981.1466000000128;950.7087999999967;952.0290999999968;990.9008000000506;981.1465000000128;988.0584000000664;981.1466000000128;973.5077000000017;973.5077000000017;973.5077000000017;972.2755000000018;929.1438999999953;973.5077000000017;948.9483999999966;981.1466000000128;
6419.76942623059;985.2160000000822;981.1466000000128;950.7087999999967;952.0290999999968;990.9008000000506;981.0585000000128;988.0584000000664;981.1466000000128;973.5077000000017;973.5077000000017;973.5077000000017;972.2755000000018;929.1438999999953;973.5077000000017;948.9483999999966;981.1466000000128;
6419.77474223059;985.2072000000823;981.1466000000128;950.7087999999967;952.0290999999968;990.9008000000506;981.0585000000128;988.0584000000664;981.1466000000128;973.5077000000017;973.5077000000017;973.5077000000017;972.2755000000018;929.1438999999953;973.5077000000017;948.9483999999966;981.1466000000128;
6419.77474223059;985.1984000000823;981.1466000000128;950.7087999999967;952.0290999999968;990.9008000000506;981.0585000000128;988.0584000000664;981.1466000000128;973.5077000000017;973.5077000000017;973.5077000000017;972.2755000000018;929.1438999999953;973.5077000000017;948.9483999999966;981.1466000000128;
6419.78005823059;985.1984000000823;981.1466000000128;950.7087999999967;952.0290999999968;990.9008000000506;981.0585000000128;988.0496000000664;981.1466000000128;973.5077000000017;973.5077000000017;973.5077000000017;972.2755000000018;929.1438999999953;973.5077000000017;948.9483999999966;981.1466000000128;
6419.784459480489;985.1984000000823;981.1466000000128;950.7087999999967;952.0290999999968;990.9008000000506;981.0585000000128;988.0496000000664;981.1466000000128;973.5077000000017;973.5077000000017;973.5077000000017;972.2755000000018;929.1437999999953;973.5077000000017;948.9483999999966;981.1466000000128;
6419.784459480489;985.1984000000823;981.1466000000128;950.7087999999967;952.0290999999968;990.9008000000506;981.0585000000128;988.0496000000664;981.1466000000128;973.5077000000017;973.5077000000017;973.5077000000017;972.2755000000018;928.7037999999952;973.5077000000017;948.9483999999966;981.1466000000128;
6419.789775480489;985.1984000000823;981.1466000000128;950.7087999999967;952.0290999999968;990.8920000000506;981.0585000000128;988.0496000000664;981.1466000000128;973.5077000000017;973.5077000000017;973.5077000000017;972.2755000000018;928.7037999999952;973.5077000000017;948.9483999999966;981.1466000000128;
6419.789775480489;985.1984000000823;981.1466000000128;950.7087999999967;952.0290999999968;990.8832000000507;981.0585000000128;988.0496000000664;981.1466000000128;973.5077000000017;973.5077000000017;973.5077000000017;972.2755000000018;928.7037999999952;973.5077000000017;948.9483999999966;981.1466000000128;
6419.795091480489;985.1984000000823;981.1466000000128;950.7087999999967;952.0290999999968;990.8832000000507;981.0585000000128;988.0408000000665;981.1466000000128;973.5077000000017;973.5077000000017;973.5077000000017;972.2755000000018;928.7037999999952;973.5077000000017;948.9483999999966;981.1466000000128;
6419.804248710729;985.1984000000823;981.1466000000128;950.7086999999967;952.0290999999968;990.8832000000507;981.0585000000128;988.0408000000665;981.1466000000128;973.5077000000017;973.5077000000017;973.5077000000017;972.2755000000018;928.7037999999952;973.5077000000017;948.9483999999966;981.1466000000128;
6419.804248710729;985.1984000000823;981.1466000000128;950.2686999999967;952.0290999999968;990.8832000000507;981.0585000000128;988.0408000000665;981.1466000000128;973.5077000000017;973.5077000000017;973.5077000000017;972.2755000000018;928.7037999999952;973.5077000000017;948.9483999999966;981.1466000000128;
6419.809564710728;985.1896000000824;981.1466000000128;950.2686999999967;952.0290999999968;990.8832000000507;981.0585000000128;988.0408000000665;981.1466000000128;973.5077000000017;973.5077000000017;973.5077000000017;972.2755000000018;928.7037999999952;973.5077000000017;948.9483999999966;981.1466000000128;
6420.774747006926;985.1720000000824;981.0585000000128;950.2686999999967;952.0290999999968;990.8744000000507;981.0585000000128;988.0408000000665;981.0585000000128;973.5077000000017;973.5077000000017;973.5077000000017;972.2755000000018;928.7037999999952;973.5077000000017;948.5082999999966;981.0585000000128;
6421.774751783264;985.1632000000825;981.0585000000128;950.2686999999967;952.0290999999968;990.8656000000508;981.0585000000128;988.0232000000666;981.0585000000128;973.5077000000017;973.5077000000017;973.5077000000017;972.2755000000018;928.7037999999952;973.5077000000017;948.5082999999966;981.0585000000128;
6421.999999999927;985.1544000000825;981.0585000000128;950.2686999999967;952.0290999999968;990.8656000000508;981.0585000000128;988.0144000000666;981.0585000000128;973.5077000000017;973.5077000000017;973.5077000000017;972.2755000000018;928.7037999999952;973.5077000000017;948.5082999999966;981.0585000000128;
6422.774756559602;985.1544000000825;981.0585000000128;950.2686999999967;952.0290999999968;990.8656000000508;981.0585000000128;988.0144000000666;981.0585000000128;973.5077000000017;973.5077000000017;973.5077000000017;972.2755000000018;928.7037999999952;973.5077000000017;948.5082999999966;981.0585000000128;
6423.774761335939;985.1456000000826;981.0585000000128;950.2686999999967;952.0290999999968;990.8656000000508;981.0585000000128;988.0056000000667;981.0585000000128;973.5077000000017;973.5077000000017;973.5077000000017;972.2755000000018;928.7037999999952;973.5077000000017;948.5082999999966;981.0585000000128;
6423.999999999927;985.1456000000826;981.0585000000128;950.2686999999967;952.0290999999968;990.8656000000508;981.0585000000128;988.0056000000667;981.0585000000128;973.5077000000017;973.5077000000017;973.5077000000017;972.2755000000018;928.7037999999952;973.5077000000017;948.5082999999966;981.0585000000128;
6424.999999999927;985.1456000000826;981.0585000000128;950.2686999999967;952.0290999999968;990.8656000000508;981.0585000000128;988.0056000000667;981.0585000000128;973.5077000000017;973.5077000000017;973.5077000000017;972.2755000000018;928.7037999999952;973.5077000000017;948.5082999999966;981.0585000000128;
6425.999999999927;985.1456000000826;981.0585000000128;950.2686999999967;952.0290999999968;990.8656000000508;981.0585000000128;988.0056000000667;981.0585000000128;973.5077000000017;973.5077000000017;973.5077000000017;972.2755000000018;928.7037999999952;973.5077000000017;948.5082999999966;981.0585000000128;
6426.999999999927;985.1456000000826;981.0585000000128;950.2686999999967;952.0290999999968;990.8656000000508;981.0585000000128;988.0056000000667;981.0585000000128;973.5077000000017;973.5077000000017;973.5077000000017;972.2755000000018;928.7037999999952;973.5077000000017;948.5082999999966;981.0585000000128;
6427.999999999927;985.1456000000826;981.0585000000128;950.2686999999967;952.0290999999968;990.8656000000508;981.0585000000128;988.0056000000667;981.0585000000128;973.5077000000017;973.5077000000017;973.5077000000017;972.2755000000018;928.7037999999952;973.5077000000017;948.5082999999966;981.0585000000128;
6428.999999999927;985.1456000000826;981.0585000000128;950.2686999999967;952.0290999999968;990.8656000000508;981.0585000000128;988.0056000000667;981.0585000000128;973.5077000000017;973.5077000000017;973.5077000000017;972.2755000000018;928.7037999999952;973.5077000000017;948.5082999999966;981.0585000000128;
6429.999999999927;985.1456000000826;981.0585000000128;950.2686999999967;952.0290999999968;990.8656000000508;981.0585000000128;988.0056000000667;981.0585000000128;973.5077000000017;973.5077000000017;973.5077000000017;972.2755000000018;928.7037999999952;973.5077000000017;948.5082999999966;981.0585000000128;
6430.999999999927;985.1456000000826;981.0585000000128;950.2686999999967;952.0290999999968;990.8656000000508;981.0585000000128;988.0056000000667;981.0585000000128;973.5077000000017;973.5077000000017;973.5077000000017;972.2755000000018;928.7037999999952;973.5077000000017;948.5082999999966;981.0585000000128;
6431.999999999927;985.1456000000826;981.0585000000128;950.2686999999967;952.0290999999968;990.8656000000508;981.0585000000128;988.0056000000667;981.0585000000128;973.5077000000017;973.5077000000017;973.5077000000017;972.2755000000018;928.7037999999952;973.5077000000017;948.5082999999966;981.0585000000128;
6432.999999999927;985.1456000000826;981.0585000000128;950.2686999999967;952.0290999999968;990.8656000000508;981.0585000000128;988.0056000000667;981.0585000000128;973.5077000000017;973.5077000000017;973.5077000000017;972.2755000000018;928.7037999999952;973.5077000000017;948.5082999999966;981.0585000000128;
6433.999999999927;985.1456000000826;981.0585000000128;950.2686999999967;952.0290999999968;990.8656000000508;981.0585000000128;988.0056000000667;981.0585000000128;973.5077000000017;973.5077000000017;973.5077000000017;972.2755000000018;928.7037999999952;973.5077000000017;948.5082999999966;981.0585000000128;
6434.999999999927;985.1456000000826;981.0585000000128;950.2686999999967;952.0290999999968;990.8656000000508;981.0585000000128;988.0056000000667;981.0585000000128;973.5077000000017;973.5077000000017;973.5077000000017;972.2755000000018;928.7037999999952;973.5077000000017;948.5082999999966;981.0585000000128;
6435.999999999927;985.1456000000826;981.0585000000128;950.2686999999967;952.0290999999968;990.8656000000508;981.0585000000128;988.0056000000667;981.0585000000128;973.5077000000017;973.5077000000017;973.5077000000017;972.2755000000018;928.7037999999952;973.5077000000017;948.5082999999966;981.0585000000128;
6436.999999999927;985.1456000000826;981.0585000000128;950.2686999999967;952.0290999999968;990.8656000000508;981.0585000000128;988.0056000000667;981.0585000000128;973.5077000000017;973.5077000000017;973.5077000000017;972.2755000000018;928.7037999999952;973.5077000000017;948.5082999999966;981.0585000000128;
6437.999999999927;985.1456000000826;981.0585000000128;950.2686999999967;952.0290999999968;990.8656000000508;981.0585000000128;988.0056000000667;981.0585000000128;973.5077000000017;973.5077000000017;973.5077000000017;972.2755000000018;928.7037999999952;973.5077000000017;948.5082999999966;981.0585000000128;
6438.999999999927;985.1456000000826;981.0585000000128;950.2686999999967;952.0290999999968;990.8656000000508;981.0585000000128;988.0056000000667;981.0585000000128;973.5077000000017;973.5077000000017;973.5077000000017;972.2755000000018;928.7037999999952;973.5077000000017;948.5082999999966;981.0585000000128;
6439.999999999927;985.1456000000826;981.0585000000128;950.2686999999967;952.0290999999968;990.8656000000508;981.0585000000128;988.0056000000667;981.0585000000128;973.5077000000017;973.5077000000017;973.5077000000017;972.2755000000018;928.7037999999952;973.5077000000017;948.5082999999966;981.0585000000128;
6440.999999999927;985.1456000000826;981.0585000000128;950.2686999999967;952.0290999999968;990.8656000000508;981.0585000000128;988.0056000000667;981.0585000000128;973.5077000000017;973.5077000000017;973.5077000000017;972.2755000000018;928.7037999999952;973.5077000000017;948.5082999999966;981.0585000000128;
6441.999999999927;985.1456000000826;981.0585000000128;950.2686999999967;952.0290999999968;990.8656000000508;981.0585000000128;988.0056000000667;981.0585000000128;973.5077000000017;973.5077000000017;973.5077000000017;972.2755000000018;928.7037999999952;973.5077000000017;948.5082999999966;981.0585000000128;
6442.999999999927;985.1456000000826;981.0585000000128;950.2686999999967;952.0290999999968;990.8656000000508;981.0585000000128;988.0056000000667;981.0585000000128;973.5077000000017;973.5077000000017;973.5077000000017;972.2755000000018;928.7037999999952;973.5077000000017;948.5082999999966;981.0585000000128;
6443.999999999927;985.1456000000826;981.0585000000128;950.2686999999967;952.0290999999968;990.8656000000508;981.0585000000128;988.0056000000667;981.0585000000128;973.5077000000017;973.5077000000017;973.5077000000017;972.2755000000018;928.7037999999952;973.5077000000017;948.5082999999966;981.0585000000128;
6444.999999999927;985.1456000000826;981.0585000000128;950.2686999999967;952.0290999999968;990.8656000000508;981.0585000000128;988.0056000000667;981.0585000000128;973.5077000000017;973.5077000000017;973.5077000000017;972.2755000000018;928.7037999999952;973.5077000000017;948.5082999999966;981.0585000000128;
6445.999999999927;985.1456000000826;981.0585000000128;950.2686999999967;952.0290999999968;990.8656000000508;981.0585000000128;988.0056000000667;981.0585000000128;973.5077000000017;973.5077000000017;973.5077000000017;972.2755000000018;928.7037999999952;973.5077000000017;948.5082999999966;981.0585000000128;
6446.999999999927;985.1456000000826;981.0585000000128;950.2686999999967;952.0290999999968;990.8656000000508;981.0585000000128;988.0056000000667;981.0585000000128;973.5077000000017;973.5077000000017;973.5077000000017;972.2755000000018;928.7037999999952;973.5077000000017;948.5082999999966;981.0585000000128;
6447.999999999927;985.1456000000826;981.0585000000128;950.2686999999967;952.0290999999968;990.8656000000508;981.0585000000128;988.0056000000667;981.0585000000128;973.5077000000017;973.5077000000017;973.5077000000017;972.2755000000018;928.7037999999952;973.5077000000017;948.5082999999966;981.0585000000128;
6448.999999999927;985.1456000000826;981.0585000000128;950.2686999999967;952.0290999999968;990.8656000000508;981.0585000000128;988.0056000000667;981.0585000000128;973.5077000000017;973.5077000000017;973.5077000000017;972.2755000000018;928.7037999999952;973.5077000000017;948.5082999999966;981.0585000000128;
6449.769398968324;985.1456000000826;981.0585000000128;950.2686999999967;952.0290999999968;990.8656000000508;981.0584000000129;988.0056000000667;981.0585000000128;973.5077000000017;973.5077000000017;973.5077000000017;972.2755000000018;928.7037999999952;973.5077000000017;948.5082999999966;981.0585000000128;
6449.769398968324;985.1456000000826;981.0585000000128;950.2686999999967;952.0290999999968;990.8656000000508;980.9704000000129;988.0056000000667;981.0585000000128;973.5077000000017;973.5077000000017;973.5077000000017;972.2755000000018;928.7037999999952;973.5077000000017;948.5082999999966;981.0585000000128;
6449.774714968324;985.1368000000826;981.0585000000128;950.2686999999967;952.0290999999968;990.8656000000508;980.9704000000129;988.0056000000667;981.0585000000128;973.5077000000017;973.5077000000017;973.5077000000017;972.2755000000018;928.7037999999952;973.5077000000017;948.5082999999966;981.0585000000128;
6449.774714968324;985.1280000000827;981.0585000000128;950.2686999999967;952.0290999999968;990.8656000000508;980.9704000000129;988.0056000000667;981.0585000000128;973.5077000000017;973.5077000000017;973.5077000000017;972.2755000000018;928.7037999999952;973.5077000000017;948.5082999999966;981.0585000000128;
6449.780030968323;985.1280000000827;981.0585000000128;950.2686999999967;952.0290999999968;990.8656000000508;980.9704000000129;987.9968000000667;981.0585000000128;973.5077000000017;973.5077000000017;973.5077000000017;972.2755000000018;928.7037999999952;973.5077000000017;948.5082999999966;981.0585000000128;
6449.782731870359;985.1280000000827;981.0585000000128;950.2686999999967;952.0290999999968;990.8656000000508;980.9704000000129;987.9968000000667;981.0585000000128;973.5077000000017;973.5077000000017;973.5077000000017;972.2755000000018;928.7036999999953;973.5077000000017;948.5082999999966;981.0585000000128;
6449.782731870359;985.1280000000827;981.0585000000128;950.2686999999967;952.0290999999968;990.8656000000508;980.9704000000129;987.9968000000667;981.0585000000128;973.5077000000017;973.5077000000017;973.5077000000017;972.2755000000018;928.2636999999952;973.5077000000017;948.5082999999966;981.0585000000128;
6449.783526776634;985.1280000000827;981.0585000000128;950.2686999999967;952.0290999999968;990.8656000000508;980.9704000000129;987.9968000000667;981.0585000000128;973.5076000000017;973.5077000000017;973.5077000000017;972.2755000000018;928.2636999999952;973.5077000000017;948.5082999999966;981.0585000000128;
6449.783526776634;985.1280000000827;981.0585000000128;950.2686999999967;952.0290999999968;990.8656000000508;980.9704000000129;987.9968000000667;981.0585000000128;972.8916000000017;973.5077000000017;973.5077000000017;972.2755000000018;928.2636999999952;973.5077000000017;948.5082999999966;981.0585000000128;
6449.788047870359;985.1280000000827;981.0585000000128;950.2686999999967;952.0290999999968;990.8568000000508;980.9704000000129;987.9968000000667;981.0585000000128;972.8916000000017;973.5077000000017;973.5077000000017;972.2755000000018;928.2636999999952;973.5077000000017;948.5082999999966;981.0585000000128;
6449.788047870359;985.1280000000827;981.0585000000128;950.2686999999967;952.0290999999968;990.8480000000509;980.9704000000129;987.9968000000667;981.0585000000128;972.8916000000017;973.5077000000017;973.5077000000017;972.2755000000018;928.2636999999952;973.5077000000017;948.5082999999966;981.0585000000128;
6449.933512876529;985.1192000000827;981.0584000000129;950.2686999999967;952.0290999999968;990.8480000000509;980.9704000000129;987.9880000000668;981.0585000000128;972.8916000000017;973.5077000000017;973.5077000000017;972.2755000000018;928.2636999999952;973.5077000000017;948.5082999999966;981.0585000000128;
6450.774719744659;985.0928000000829;980.9704000000129;950.2686999999967;951.5889999999968;990.821600000051;980.9704000000129;987.9880000000668;980.9704000000129;972.8916000000017;972.8916000000017;972.8916000000017;972.2755000000018;928.2636999999952;972.8916000000017;948.5082999999966;980.9704000000129;
6451.774724520996;985.0840000000829;980.9704000000129;950.2686999999967;951.5889999999968;990.8128000000511;980.9704000000129;987.9704000000669;980.9704000000129;972.8916000000017;972.8916000000017;972.8916000000017;972.2755000000018;928.2636999999952;972.8916000000017;948.5082999999966;980.9704000000129;
6451.999999999924;985.075200000083;980.9704000000129;950.2686999999967;951.5889999999968;990.8040000000511;980.9704000000129;987.952800000067;980.9704000000129;972.8916000000017;972.8916000000017;972.8916000000017;972.2755000000018;928.2636999999952;972.8916000000017;948.5082999999966;980.9704000000129;
6452.774729297332;985.075200000083;980.9704000000129;950.2686999999967;951.5889999999968;990.8040000000511;980.9704000000129;987.952800000067;980.9704000000129;972.8916000000017;972.8916000000017;972.8916000000017;972.2755000000018;928.2636999999952;972.8916000000017;948.5082999999966;980.9704000000129;
6453.774734073668;985.066400000083;980.9704000000129;950.2686999999967;951.5889999999968;990.7952000000512;980.9704000000129;987.9352000000671;980.9704000000129;972.8916000000017;972.8916000000017;972.8916000000017;972.2755000000018;928.2636999999952;972.8916000000017;948.5082999999966;980.9704000000129;
6453.999999999922;985.0576000000831;980.9704000000129;950.2686999999967;951.5889999999968;990.7952000000512;980.9704000000129;987.9264000000671;980.9704000000129;972.8916000000017;972.8916000000017;972.8916000000017;972.2755000000018;928.2636999999952;972.8916000000017;948.5082999999966;980.9704000000129;
6454.774738850005;985.0576000000831;980.9704000000129;950.2686999999967;951.5889999999968;990.7952000000512;980.9704000000129;987.9264000000671;980.9704000000129;972.8916000000017;972.8916000000017;972.8916000000017;972.2755000000018;928.2636999999952;972.8916000000017;948.5082999999966;980.9704000000129;
6455.999999999922;985.0576000000831;980.9704000000129;950.2686999999967;951.5889999999968;990.7952000000512;980.9704000000129;987.9264000000671;980.9704000000129;972.8916000000017;972.8916000000017;972.8916000000017;972.2755000000018;928.2636999999952;972.8916000000017;948.5082999999966;980.9704000000129;
6456.999999999922;985.0576000000831;980.9704000000129;950.2686999999967;951.5889999999968;990.7952000000512;980.9704000000129;987.9264000000671;980.9704000000129;972.8916000000017;972.8916000000017;972.8916000000017;972.2755000000018;928.2636999999952;972.8916000000017;948.5082999999966;980.9704000000129;
6457.999999999922;985.0576000000831;980.9704000000129;950.2686999999967;951.5889999999968;990.7952000000512;980.9704000000129;987.9264000000671;980.9704000000129;972.8916000000017;972.8916000000017;972.8916000000017;972.2755000000018;928.2636999999952;972.8916000000017;948.5082999999966;980.9704000000129;
6458.999999999922;985.0576000000831;980.9704000000129;950.2686999999967;951.5889999999968;990.7952000000512;980.9704000000129;987.9264000000671;980.9704000000129;972.8916000000017;972.8916000000017;972.8916000000017;972.2755000000018;928.2636999999952;972.8916000000017;948.5082999999966;980.9704000000129;
6459.999999999922;985.0576000000831;980.9704000000129;950.2686999999967;951.5889999999968;990.7952000000512;980.9704000000129;987.9264000000671;980.9704000000129;972.8916000000017;972.8916000000017;972.8916000000017;972.2755000000018;928.2636999999952;972.8916000000017;948.5082999999966;980.9704000000129;
6460.999999999922;985.0576000000831;980.9704000000129;950.2686999999967;951.5889999999968;990.7952000000512;980.9704000000129;987.9264000000671;980.9704000000129;972.8916000000017;972.8916000000017;972.8916000000017;972.2755000000018;928.2636999999952;972.8916000000017;948.5082999999966;980.9704000000129;
6461.999999999922;985.0576000000831;980.9704000000129;950.2686999999967;951.5889999999968;990.7952000000512;980.9704000000129;987.9264000000671;980.9704000000129;972.8916000000017;972.8916000000017;972.8916000000017;972.2755000000018;928.2636999999952;972.8916000000017;948.5082999999966;980.9704000000129;
6462.999999999922;985.0576000000831;980.9704000000129;950.2686999999967;951.5889999999968;990.7952000000512;980.9704000000129;987.9264000000671;980.9704000000129;972.8916000000017;972.8916000000017;972.8916000000017;972.2755000000018;928.2636999999952;972.8916000000017;948.5082999999966;980.9704000000129;
6463.999999999922;985.0576000000831;980.9704000000129;950.2686999999967;951.5889999999968;990.7952000000512;980.9704000000129;987.9264000000671;980.9704000000129;972.8916000000017;972.8916000000017;972.8916000000017;972.2755000000018;928.2636999999952;972.8916000000017;948.5082999999966;980.9704000000129;
6464.999999999922;985.0576000000831;980.9704000000129;950.2686999999967;951.5889999999968;990.7952000000512;980.9704000000129;987.9264000000671;980.9704000000129;972.8916000000017;972.8916000000017;972.8916000000017;972.2755000000018;928.2636999999952;972.8916000000017;948.5082999999966;980.9704000000129;
6465.999999999922;985.0576000000831;980.9704000000129;950.2686999999967;951.5889999999968;990.7952000000512;980.9704000000129;987.9264000000671;980.9704000000129;972.8916000000017;972.8916000000017;972.8916000000017;972.2755000000018;928.2636999999952;972.8916000000017;948.5082999999966;980.9704000000129;
6466.999999999922;985.0576000000831;980.9704000000129;950.2686999999967;951.5889999999968;990.7952000000512;980.9704000000129;987.9264000000671;980.9704000000129;972.8916000000017;972.8916000000017;972.8916000000017;972.2755000000018;928.2636999999952;972.8916000000017;948.5082999999966;980.9704000000129;
6467.999999999922;985.0576000000831;980.9704000000129;950.2686999999967;951.5889999999968;990.7952000000512;980.9704000000129;987.9264000000671;980.9704000000129;972.8916000000017;972.8916000000017;972.8916000000017;972.2755000000018;928.2636999999952;972.8916000000017;948.5082999999966;980.9704000000129;
6468.999999999922;985.0576000000831;980.9704000000129;950.2686999999967;951.5889999999968;990.7952000000512;980.9704000000129;987.9264000000671;980.9704000000129;972.8916000000017;972.8916000000017;972.8916000000017;972.2755000000018;928.2636999999952;972.8916000000017;948.5082999999966;980.9704000000129;
6469.999999999922;985.0576000000831;980.9704000000129;950.2686999999967;951.5889999999968;990.7952000000512;980.9704000000129;987.9264000000671;980.9704000000129;972.8916000000017;972.8916000000017;972.8916000000017;972.2755000000018;928.2636999999952;972.8916000000017;948.5082999999966;980.9704000000129;
6470.999999999922;985.0576000000831;980.9704000000129;950.2686999999967;951.5889999999968;990.7952000000512;980.9704000000129;987.9264000000671;980.9704000000129;972.8916000000017;972.8916000000017;972.8916000000017;972.2755000000018;928.2636999999952;972.8916000000017;948.5082999999966;980.9704000000129;
6471.999999999922;985.0576000000831;980.9704000000129;950.2686999999967;951.5889999999968;990.7952000000512;980.9704000000129;987.9264000000671;980.9704000000129;972.8916000000017;972.8916000000017;972.8916000000017;972.2755000000018;928.2636999999952;972.8916000000017;948.5082999999966;980.9704000000129;
6472.999999999922;985.0576000000831;980.9704000000129;950.2686999999967;951.5889999999968;990.7952000000512;980.9704000000129;987.9264000000671;980.9704000000129;972.8916000000017;972.8916000000017;972.8916000000017;972.2755000000018;928.2636999999952;972.8916000000017;948.5082999999966;980.9704000000129;
6473.999999999922;985.0576000000831;980.9704000000129;950.2686999999967;951.5889999999968;990.7952000000512;980.9704000000129;987.9264000000671;980.9704000000129;972.8916000000017;972.8916000000017;972.8916000000017;972.2755000000018;928.2636999999952;972.8916000000017;948.5082999999966;980.9704000000129;
6474.999999999922;985.0576000000831;980.9704000000129;950.2686999999967;951.5889999999968;990.7952000000512;980.9704000000129;987.9264000000671;980.9704000000129;972.8916000000017;972.8916000000017;972.8916000000017;972.2755000000018;928.2636999999952;972.8916000000017;948.5082999999966;980.9704000000129;
6475.999999999922;985.0576000000831;980.9704000000129;950.2686999999967;951.5889999999968;990.7952000000512;980.9704000000129;987.9264000000671;980.9704000000129;972.8916000000017;972.8916000000017;972.8916000000017;972.2755000000018;928.2636999999952;972.8916000000017;948.5082999999966;980.9704000000129;
6476.999999999922;985.0576000000831;980.9704000000129;950.2686999999967;951.5889999999968;990.7952000000512;980.9704000000129;987.9264000000671;980.9704000000129;972.8916000000017;972.8916000000017;972.8916000000017;972.2755000000018;928.2636999999952;972.8916000000017;948.5082999999966;980.9704000000129;
6477.999999999922;985.0576000000831;980.9704000000129;950.2686999999967;951.5889999999968;990.7952000000512;980.9704000000129;987.9264000000671;980.9704000000129;972.8916000000017;972.8916000000017;972.8916000000017;972.2755000000018;928.2636999999952;972.8916000000017;948.5082999999966;980.9704000000129;
6478.999999999922;985.0576000000831;980.9704000000129;950.2686999999967;951.5889999999968;990.7952000000512;980.9704000000129;987.9264000000671;980.9704000000129;972.8916000000017;972.8916000000017;972.8916000000017;972.2755000000018;928.2636999999952;972.8916000000017;948.5082999999966;980.9704000000129;
6479.769371706052;985.0576000000831;980.9704000000129;950.2686999999967;951.5889999999968;990.7952000000512;980.9703000000129;987.9264000000671;980.9704000000129;972.8916000000017;972.8916000000017;972.8916000000017;972.2755000000018;928.2636999999952;972.8916000000017;948.5082999999966;980.9704000000129;
6479.769371706052;985.0576000000831;980.9704000000129;950.2686999999967;951.5889999999968;990.7952000000512;980.882300000013;987.9264000000671;980.9704000000129;972.8916000000017;972.8916000000017;972.8916000000017;972.2755000000018;928.2636999999952;972.8916000000017;948.5082999999966;980.9704000000129;
6479.774687706052;985.0488000000831;980.9704000000129;950.2686999999967;951.5889999999968;990.7952000000512;980.882300000013;987.9264000000671;980.9704000000129;972.8916000000017;972.8916000000017;972.8916000000017;972.2755000000018;928.2636999999952;972.8916000000017;948.5082999999966;980.9704000000129;
6479.774687706052;985.0400000000832;980.9704000000129;950.2686999999967;951.5889999999968;990.7952000000512;980.882300000013;987.9264000000671;980.9704000000129;972.8916000000017;972.8916000000017;972.8916000000017;972.2755000000018;928.2636999999952;972.8916000000017;948.5082999999966;980.9704000000129;
6479.7800037060515;985.0400000000832;980.9704000000129;950.2686999999967;951.5889999999968;990.7952000000512;980.882300000013;987.9176000000672;980.9704000000129;972.8916000000017;972.8916000000017;972.8916000000017;972.2755000000018;928.2636999999952;972.8916000000017;948.5082999999966;980.9704000000129;
6479.781004260225;985.0400000000832;980.9704000000129;950.2686999999967;951.5889999999968;990.7952000000512;980.882300000013;987.9176000000672;980.9704000000129;972.8916000000017;972.8916000000017;972.8916000000017;972.2755000000018;928.2635999999952;972.8916000000017;948.5082999999966;980.9704000000129;
6479.781004260225;985.0400000000832;980.9704000000129;950.2686999999967;951.5889999999968;990.7952000000512;980.882300000013;987.9176000000672;980.9704000000129;972.8916000000017;972.8916000000017;972.8916000000017;972.2755000000018;927.8235999999952;972.8916000000017;948.5082999999966;980.9704000000129;
6479.786320260225;985.0400000000832;980.9704000000129;950.2686999999967;951.5889999999968;990.7864000000512;980.882300000013;987.9176000000672;980.9704000000129;972.8916000000017;972.8916000000017;972.8916000000017;972.2755000000018;927.8235999999952;972.8916000000017;948.5082999999966;980.9704000000129;
6479.786320260225;985.0400000000832;980.9704000000129;950.2686999999967;951.5889999999968;990.7776000000513;980.882300000013;987.9176000000672;980.9704000000129;972.8916000000017;972.8916000000017;972.8916000000017;972.2755000000018;927.8235999999952;972.8916000000017;948.5082999999966;980.9704000000129;
6479.791636260225;985.0400000000832;980.9704000000129;950.2686999999967;951.5889999999968;990.7776000000513;980.882300000013;987.9088000000672;980.9704000000129;972.8916000000017;972.8916000000017;972.8916000000017;972.2755000000018;927.8235999999952;972.8916000000017;948.5082999999966;980.9704000000129;
6479.804256144868;985.0400000000832;980.9704000000129;950.2685999999967;951.5889999999968;990.7776000000513;980.882300000013;987.9088000000672;980.9704000000129;972.8916000000017;972.8916000000017;972.8916000000017;972.2755000000018;927.8235999999952;972.8916000000017;948.5082999999966;980.9704000000129;
6479.931996272754;985.0312000000832;980.9703000000129;949.8285999999966;951.5889999999968;990.7776000000513;980.882300000013;987.9088000000672;980.9704000000129;972.8916000000017;972.8916000000017;972.8916000000017;972.2755000000018;927.8235999999952;972.8916000000017;948.5082999999966;980.9704000000129;
6480.774692482387;985.0136000000833;980.882300000013;949.8285999999966;951.5889999999968;990.7688000000513;980.882300000013;987.9088000000672;980.882300000013;972.8916000000017;972.8916000000017;972.8916000000017;972.2755000000018;927.8235999999952;972.8916000000017;948.0681999999965;980.882300000013;
6481.774697258724;985.0048000000834;980.882300000013;949.8285999999966;951.5889999999968;990.7600000000514;980.882300000013;987.8912000000673;980.882300000013;972.8916000000017;972.8916000000017;972.8916000000017;972.2755000000018;927.8235999999952;972.8916000000017;948.0681999999965;980.882300000013;
6481.999999999919;984.9960000000834;980.882300000013;949.8285999999966;951.5889999999968;990.7600000000514;980.882300000013;987.8824000000674;980.882300000013;972.8916000000017;972.8916000000017;972.8916000000017;972.2755000000018;927.8235999999952;972.8916000000017;948.0681999999965;980.882300000013;
6482.774702035061;984.9960000000834;980.882300000013;949.8285999999966;951.5889999999968;990.7600000000514;980.882300000013;987.8824000000674;980.882300000013;972.8916000000017;972.8916000000017;972.8916000000017;972.2755000000018;927.8235999999952;972.8916000000017;948.0681999999965;980.882300000013;
6483.774706811399;984.9872000000835;980.882300000013;949.8285999999966;951.5889999999968;990.7600000000514;980.882300000013;987.8736000000674;980.882300000013;972.8916000000017;972.8916000000017;972.8916000000017;972.2755000000018;927.8235999999952;972.8916000000017;948.0681999999965;980.882300000013;
6484.999999999919;984.9872000000835;980.882300000013;949.8285999999966;951.5889999999968;990.7600000000514;980.882300000013;987.8736000000674;980.882300000013;972.8916000000017;972.8916000000017;972.8916000000017;972.2755000000018;927.8235999999952;972.8916000000017;948.0681999999965;980.882300000013;
6485.999999999919;984.9872000000835;980.882300000013;949.8285999999966;951.5889999999968;990.7600000000514;980.882300000013;987.8736000000674;980.882300000013;972.8916000000017;972.8916000000017;972.8916000000017;972.2755000000018;927.8235999999952;972.8916000000017;948.0681999999965;980.882300000013;
6486.999999999919;984.9872000000835;980.882300000013;949.8285999999966;951.5889999999968;990.7600000000514;980.882300000013;987.8736000000674;980.882300000013;972.8916000000017;972.8916000000017;972.8916000000017;972.2755000000018;927.8235999999952;972.8916000000017;948.0681999999965;980.882300000013;
6487.999999999919;984.9872000000835;980.882300000013;949.8285999999966;951.5889999999968;990.7600000000514;980.882300000013;987.8736000000674;980.882300000013;972.8916000000017;972.8916000000017;972.8916000000017;972.2755000000018;927.8235999999952;972.8916000000017;948.0681999999965;980.882300000013;
6488.999999999919;984.9872000000835;980.882300000013;949.8285999999966;951.5889999999968;990.7600000000514;980.882300000013;987.8736000000674;980.882300000013;972.8916000000017;972.8916000000017;972.8916000000017;972.2755000000018;927.8235999999952;972.8916000000017;948.0681999999965;980.882300000013;
6489.999999999919;984.9872000000835;980.882300000013;949.8285999999966;951.5889999999968;990.7600000000514;980.882300000013;987.8736000000674;980.882300000013;972.8916000000017;972.8916000000017;972.8916000000017;972.2755000000018;927.8235999999952;972.8916000000017;948.0681999999965;980.882300000013;
6490.999999999919;984.9872000000835;980.882300000013;949.8285999999966;951.5889999999968;990.7600000000514;980.882300000013;987.8736000000674;980.882300000013;972.8916000000017;972.8916000000017;972.8916000000017;972.2755000000018;927.8235999999952;972.8916000000017;948.0681999999965;980.882300000013;
6491.999999999919;984.9872000000835;980.882300000013;949.8285999999966;951.5889999999968;990.7600000000514;980.882300000013;987.8736000000674;980.882300000013;972.8916000000017;972.8916000000017;972.8916000000017;972.2755000000018;927.8235999999952;972.8916000000017;948.0681999999965;980.882300000013;
6492.999999999919;984.9872000000835;980.882300000013;949.8285999999966;951.5889999999968;990.7600000000514;980.882300000013;987.8736000000674;980.882300000013;972.8916000000017;972.8916000000017;972.8916000000017;972.2755000000018;927.8235999999952;972.8916000000017;948.0681999999965;980.882300000013;
6493.999999999919;984.9872000000835;980.882300000013;949.8285999999966;951.5889999999968;990.7600000000514;980.882300000013;987.8736000000674;980.882300000013;972.8916000000017;972.8916000000017;972.8916000000017;972.2755000000018;927.8235999999952;972.8916000000017;948.0681999999965;980.882300000013;
6494.999999999919;984.9872000000835;980.882300000013;949.8285999999966;951.5889999999968;990.7600000000514;980.882300000013;987.8736000000674;980.882300000013;972.8916000000017;972.8916000000017;972.8916000000017;972.2755000000018;927.8235999999952;972.8916000000017;948.0681999999965;980.882300000013;
6495.999999999919;984.9872000000835;980.882300000013;949.8285999999966;951.5889999999968;990.7600000000514;980.882300000013;987.8736000000674;980.882300000013;972.8916000000017;972.8916000000017;972.8916000000017;972.2755000000018;927.8235999999952;972.8916000000017;948.0681999999965;980.882300000013;
6496.999999999919;984.9872000000835;980.882300000013;949.8285999999966;951.5889999999968;990.7600000000514;980.882300000013;987.8736000000674;980.882300000013;972.8916000000017;972.8916000000017;972.8916000000017;972.2755000000018;927.8235999999952;972.8916000000017;948.0681999999965;980.882300000013;
6497.999999999919;984.9872000000835;980.882300000013;949.8285999999966;951.5889999999968;990.7600000000514;980.882300000013;987.8736000000674;980.882300000013;972.8916000000017;972.8916000000017;972.8916000000017;972.2755000000018;927.8235999999952;972.8916000000017;948.0681999999965;980.882300000013;
6498.999999999919;984.9872000000835;980.882300000013;949.8285999999966;951.5889999999968;990.7600000000514;980.882300000013;987.8736000000674;980.882300000013;972.8916000000017;972.8916000000017;972.8916000000017;972.2755000000018;927.8235999999952;972.8916000000017;948.0681999999965;980.882300000013;
6499.999999999919;984.9872000000835;980.882300000013;949.8285999999966;951.5889999999968;990.7600000000514;980.882300000013;987.8736000000674;980.882300000013;972.8916000000017;972.8916000000017;972.8916000000017;972.2755000000018;927.8235999999952;972.8916000000017;948.0681999999965;980.882300000013;
6500.999999999919;984.9872000000835;980.882300000013;949.8285999999966;951.5889999999968;990.7600000000514;980.882300000013;987.8736000000674;980.882300000013;972.8916000000017;972.8916000000017;972.8916000000017;972.2755000000018;927.8235999999952;972.8916000000017;948.0681999999965;980.882300000013;
6501.999999999919;984.9872000000835;980.882300000013;949.8285999999966;951.5889999999968;990.7600000000514;980.882300000013;987.8736000000674;980.882300000013;972.8916000000017;972.8916000000017;972.8916000000017;972.2755000000018;927.8235999999952;972.8916000000017;948.0681999999965;980.882300000013;
6502.999999999919;984.9872000000835;980.882300000013;949.8285999999966;951.5889999999968;990.7600000000514;980.882300000013;987.8736000000674;980.882300000013;972.8916000000017;972.8916000000017;972.8916000000017;972.2755000000018;927.8235999999952;972.8916000000017;948.0681999999965;980.882300000013;
6503.999999999919;984.9872000000835;980.882300000013;949.8285999999966;951.5889999999968;990.7600000000514;980.882300000013;987.8736000000674;980.882300000013;972.8916000000017;972.8916000000017;972.8916000000017;972.2755000000018;927.8235999999952;972.8916000000017;948.0681999999965;980.882300000013;
6504.999999999919;984.9872000000835;980.882300000013;949.8285999999966;951.5889999999968;990.7600000000514;980.882300000013;987.8736000000674;980.882300000013;972.8916000000017;972.8916000000017;972.8916000000017;972.2755000000018;927.8235999999952;972.8916000000017;948.0681999999965;980.882300000013;
6505.999999999919;984.9872000000835;980.882300000013;949.8285999999966;951.5889999999968;990.7600000000514;980.882300000013;987.8736000000674;980.882300000013;972.8916000000017;972.8916000000017;972.8916000000017;972.2755000000018;927.8235999999952;972.8916000000017;948.0681999999965;980.882300000013;
6506.999999999919;984.9872000000835;980.882300000013;949.8285999999966;951.5889999999968;990.7600000000514;980.882300000013;987.8736000000674;980.882300000013;972.8916000000017;972.8916000000017;972.8916000000017;972.2755000000018;927.8235999999952;972.8916000000017;948.0681999999965;980.882300000013;
6507.999999999919;984.9872000000835;980.882300000013;949.8285999999966;951.5889999999968;990.7600000000514;980.882300000013;987.8736000000674;980.882300000013;972.8916000000017;972.8916000000017;972.8916000000017;972.2755000000018;927.8235999999952;972.8916000000017;948.0681999999965;980.882300000013;
6508.999999999919;984.9872000000835;980.882300000013;949.8285999999966;951.5889999999968;990.7600000000514;980.882300000013;987.8736000000674;980.882300000013;972.8916000000017;972.8916000000017;972.8916000000017;972.2755000000018;927.8235999999952;972.8916000000017;948.0681999999965;980.882300000013;
6509.769344443783;984.9872000000835;980.882300000013;949.8285999999966;951.5889999999968;990.7600000000514;980.882200000013;987.8736000000674;980.882300000013;972.8916000000017;972.8916000000017;972.8916000000017;972.2755000000018;927.8235999999952;972.8916000000017;948.0681999999965;980.882300000013;
6509.769344443783;984.9872000000835;980.882300000013;949.8285999999966;951.5889999999968;990.7600000000514;980.794200000013;987.8736000000674;980.882300000013;972.8916000000017;972.8916000000017;972.8916000000017;972.2755000000018;927.8235999999952;972.8916000000017;948.0681999999965;980.882300000013;
6509.7746604437825;984.9784000000835;980.882300000013;949.8285999999966;951.5889999999968;990.7600000000514;980.794200000013;987.8736000000674;980.882300000013;972.8916000000017;972.8916000000017;972.8916000000017;972.2755000000018;927.8235999999952;972.8916000000017;948.0681999999965;980.882300000013;
6509.7746604437825;984.9696000000836;980.882300000013;949.8285999999966;951.5889999999968;990.7600000000514;980.794200000013;987.8736000000674;980.882300000013;972.8916000000017;972.8916000000017;972.8916000000017;972.2755000000018;927.8235999999952;972.8916000000017;948.0681999999965;980.882300000013;
6509.779276650093;984.9696000000836;980.882300000013;949.8285999999966;951.5889999999968;990.7600000000514;980.794200000013;987.8736000000674;980.882300000013;972.8916000000017;972.8916000000017;972.8916000000017;972.2755000000018;927.8234999999952;972.8916000000017;948.0681999999965;980.882300000013;
6509.779276650093;984.9696000000836;980.882300000013;949.8285999999966;951.5889999999968;990.7600000000514;980.794200000013;987.8736000000674;980.882300000013;972.8916000000017;972.8916000000017;972.8916000000017;972.2755000000018;927.3834999999951;972.8916000000017;948.0681999999965;980.882300000013;
6509.779976443782;984.9696000000836;980.882300000013;949.8285999999966;951.5889999999968;990.7600000000514;980.794200000013;987.8648000000675;980.882300000013;972.8916000000017;972.8916000000017;972.8916000000017;972.2755000000018;927.3834999999951;972.8916000000017;948.0681999999965;980.882300000013;
6509.784592650093;984.9696000000836;980.882300000013;949.8285999999966;951.5889999999968;990.7512000000514;980.794200000013;987.8648000000675;980.882300000013;972.8916000000017;972.8916000000017;972.8916000000017;972.2755000000018;927.3834999999951;972.8916000000017;948.0681999999965;980.882300000013;
6509.784592650093;984.9696000000836;980.882300000013;949.8285999999966;951.5889999999968;990.7424000000515;980.794200000013;987.8648000000675;980.882300000013;972.8916000000017;972.8916000000017;972.8916000000017;972.2755000000018;927.3834999999951;972.8916000000017;948.0681999999965;980.882300000013;
6509.789908650093;984.9696000000836;980.882300000013;949.8285999999966;951.5889999999968;990.7424000000515;980.794200000013;987.8560000000675;980.882300000013;972.8916000000017;972.8916000000017;972.8916000000017;972.2755000000018;927.3834999999951;972.8916000000017;948.0681999999965;980.882300000013;
6509.930479668984;984.9696000000836;980.882200000013;949.8285999999966;951.5889999999968;990.7424000000515;980.794200000013;987.8560000000675;980.882300000013;972.8916000000017;972.8916000000017;972.8916000000017;972.2755000000018;927.3834999999951;972.8916000000017;948.0681999999965;980.882300000013;
6509.930479668984;984.9696000000836;980.794200000013;949.8285999999966;951.5889999999968;990.7424000000515;980.794200000013;987.8560000000675;980.882300000013;972.8916000000017;972.8916000000017;972.8916000000017;972.2755000000018;927.3834999999951;972.8916000000017;948.0681999999965;980.882300000013;
6509.999999999918;984.9520000000837;980.794200000013;949.8285999999966;951.1488999999967;990.7336000000515;980.794200000013;987.8560000000675;980.794200000013;972.8916000000017;972.8916000000017;972.8916000000017;972.2755000000018;927.3834999999951;972.8916000000017;948.0681999999965;980.882300000013;
6510.774665220119;984.9520000000837;980.794200000013;949.8285999999966;951.1488999999967;990.7336000000515;980.794200000013;987.8560000000675;980.794200000013;972.8916000000017;972.8916000000017;972.8916000000017;972.2755000000018;927.3834999999951;972.8916000000017;948.0681999999965;980.794200000013;
6511.7746699964555;984.9432000000837;980.794200000013;949.8285999999966;951.1488999999967;990.7248000000516;980.794200000013;987.8384000000676;980.794200000013;972.8916000000017;972.8916000000017;972.8916000000017;972.2755000000018;927.3834999999951;972.8916000000017;948.0681999999965;980.794200000013;
6512.774674772792;984.9344000000838;980.794200000013;949.8285999999966;951.1488999999967;990.7248000000516;980.794200000013;987.8296000000677;980.794200000013;972.8916000000017;972.8916000000017;972.8916000000017;972.2755000000018;927.3834999999951;972.8916000000017;948.0681999999965;980.794200000013;
6512.999999999917;984.9344000000838;980.794200000013;949.8285999999966;951.1488999999967;990.7248000000516;980.794200000013;987.8296000000677;980.794200000013;972.8916000000017;972.8916000000017;972.8916000000017;972.2755000000018;927.3834999999951;972.8916000000017;948.0681999999965;980.794200000013;
6513.999999999917;984.9344000000838;980.794200000013;949.8285999999966;951.1488999999967;990.7248000000516;980.794200000013;987.8296000000677;980.794200000013;972.8916000000017;972.8916000000017;972.8916000000017;972.2755000000018;927.3834999999951;972.8916000000017;948.0681999999965;980.794200000013;
6514.999999999917;984.9344000000838;980.794200000013;949.8285999999966;951.1488999999967;990.7248000000516;980.794200000013;987.8296000000677;980.794200000013;972.8916000000017;972.8916000000017;972.8916000000017;972.2755000000018;927.3834999999951;972.8916000000017;948.0681999999965;980.794200000013;
6515.999999999917;984.9344000000838;980.794200000013;949.8285999999966;951.1488999999967;990.7248000000516;980.794200000013;987.8296000000677;980.794200000013;972.8916000000017;972.8916000000017;972.8916000000017;972.2755000000018;927.3834999999951;972.8916000000017;948.0681999999965;980.794200000013;
6516.999999999917;984.9344000000838;980.794200000013;949.8285999999966;951.1488999999967;990.7248000000516;980.794200000013;987.8296000000677;980.794200000013;972.8916000000017;972.8916000000017;972.8916000000017;972.2755000000018;927.3834999999951;972.8916000000017;948.0681999999965;980.794200000013;
6517.999999999917;984.9344000000838;980.794200000013;949.8285999999966;951.1488999999967;990.7248000000516;980.794200000013;987.8296000000677;980.794200000013;972.8916000000017;972.8916000000017;972.8916000000017;972.2755000000018;927.3834999999951;972.8916000000017;948.0681999999965;980.794200000013;
6518.999999999917;984.9344000000838;980.794200000013;949.8285999999966;951.1488999999967;990.7248000000516;980.794200000013;987.8296000000677;980.794200000013;972.8916000000017;972.8916000000017;972.8916000000017;972.2755000000018;927.3834999999951;972.8916000000017;948.0681999999965;980.794200000013;
6519.999999999917;984.9344000000838;980.794200000013;949.8285999999966;951.1488999999967;990.7248000000516;980.794200000013;987.8296000000677;980.794200000013;972.8916000000017;972.8916000000017;972.8916000000017;972.2755000000018;927.3834999999951;972.8916000000017;948.0681999999965;980.794200000013;
6520.999999999917;984.9344000000838;980.794200000013;949.8285999999966;951.1488999999967;990.7248000000516;980.794200000013;987.8296000000677;980.794200000013;972.8916000000017;972.8916000000017;972.8916000000017;972.2755000000018;927.3834999999951;972.8916000000017;948.0681999999965;980.794200000013;
6521.999999999917;984.9344000000838;980.794200000013;949.8285999999966;951.1488999999967;990.7248000000516;980.794200000013;987.8296000000677;980.794200000013;972.8916000000017;972.8916000000017;972.8916000000017;972.2755000000018;927.3834999999951;972.8916000000017;948.0681999999965;980.794200000013;
6522.999999999917;984.9344000000838;980.794200000013;949.8285999999966;951.1488999999967;990.7248000000516;980.794200000013;987.8296000000677;980.794200000013;972.8916000000017;972.8916000000017;972.8916000000017;972.2755000000018;927.3834999999951;972.8916000000017;948.0681999999965;980.794200000013;
6523.999999999917;984.9344000000838;980.794200000013;949.8285999999966;951.1488999999967;990.7248000000516;980.794200000013;987.8296000000677;980.794200000013;972.8916000000017;972.8916000000017;972.8916000000017;972.2755000000018;927.3834999999951;972.8916000000017;948.0681999999965;980.794200000013;
6524.999999999917;984.9344000000838;980.794200000013;949.8285999999966;951.1488999999967;990.7248000000516;980.794200000013;987.8296000000677;980.794200000013;972.8916000000017;972.8916000000017;972.8916000000017;972.2755000000018;927.3834999999951;972.8916000000017;948.0681999999965;980.794200000013;
6525.00884097394;984.9344000000838;980.794200000013;949.8285999999966;951.1488999999967;990.7248000000516;980.794200000013;987.8296000000677;980.794200000013;972.8916000000017;972.8916000000017;972.8916000000017;972.2754000000018;927.3834999999951;972.8916000000017;948.0681999999965;980.794200000013;
6525.00884097394;984.9344000000838;980.794200000013;949.8285999999966;951.1488999999967;990.7248000000516;980.794200000013;987.8296000000677;980.794200000013;972.8916000000017;972.8916000000017;972.8916000000017;971.6594000000018;927.3834999999951;972.8916000000017;948.0681999999965;980.794200000013;
6525.01415697394;984.9344000000838;980.794200000013;949.8285999999966;951.1488999999967;990.7160000000516;980.794200000013;987.8296000000677;980.794200000013;972.8916000000017;972.8916000000017;972.8916000000017;971.6594000000018;927.3834999999951;972.8916000000017;948.0681999999965;980.794200000013;
6525.01415697394;984.9344000000838;980.794200000013;949.8285999999966;951.1488999999967;990.7072000000517;980.794200000013;987.8296000000677;980.794200000013;972.8916000000017;972.8916000000017;972.8916000000017;971.6594000000018;927.3834999999951;972.8916000000017;948.0681999999965;980.794200000013;
6525.01947297394;984.9344000000838;980.794200000013;949.8285999999966;951.1488999999967;990.7072000000517;980.794200000013;987.8208000000677;980.794200000013;972.8916000000017;972.8916000000017;972.8916000000017;971.6594000000018;927.3834999999951;972.8916000000017;948.0681999999965;980.794200000013;
6525.999999999916;984.9344000000838;980.794200000013;949.8285999999966;951.1488999999967;990.7072000000517;980.794200000013;987.8208000000677;980.794200000013;972.8916000000017;972.8916000000017;972.8916000000017;971.6594000000018;927.3834999999951;972.8916000000017;948.0681999999965;980.794200000013;
6526.999999999916;984.9344000000838;980.794200000013;949.8285999999966;951.1488999999967;990.7072000000517;980.794200000013;987.8208000000677;980.794200000013;972.8916000000017;972.8916000000017;972.8916000000017;971.6594000000018;927.3834999999951;972.8916000000017;948.0681999999965;980.794200000013;
6527.999999999916;984.9344000000838;980.794200000013;949.8285999999966;951.1488999999967;990.7072000000517;980.794200000013;987.8208000000677;980.794200000013;972.8916000000017;972.8916000000017;972.8916000000017;971.6594000000018;927.3834999999951;972.8916000000017;948.0681999999965;980.794200000013;
6528.999999999916;984.9344000000838;980.794200000013;949.8285999999966;951.1488999999967;990.7072000000517;980.794200000013;987.8208000000677;980.794200000013;972.8916000000017;972.8916000000017;972.8916000000017;971.6594000000018;927.3834999999951;972.8916000000017;948.0681999999965;980.794200000013;
6529.999999999916;984.9344000000838;980.794200000013;949.8285999999966;951.1488999999967;990.7072000000517;980.794200000013;987.8208000000677;980.794200000013;972.8916000000017;972.8916000000017;972.8916000000017;971.6594000000018;927.3834999999951;972.8916000000017;948.0681999999965;980.794200000013;
6530.999999999916;984.9344000000838;980.794200000013;949.8285999999966;951.1488999999967;990.7072000000517;980.794200000013;987.8208000000677;980.794200000013;972.8916000000017;972.8916000000017;972.8916000000017;971.6594000000018;927.3834999999951;972.8916000000017;948.0681999999965;980.794200000013;
6531.999999999916;984.9344000000838;980.794200000013;949.8285999999966;951.1488999999967;990.7072000000517;980.794200000013;987.8208000000677;980.794200000013;972.8916000000017;972.8916000000017;972.8916000000017;971.6594000000018;927.3834999999951;972.8916000000017;948.0681999999965;980.794200000013;
6532.999999999916;984.9344000000838;980.794200000013;949.8285999999966;951.1488999999967;990.7072000000517;980.794200000013;987.8208000000677;980.794200000013;972.8916000000017;972.8916000000017;972.8916000000017;971.6594000000018;927.3834999999951;972.8916000000017;948.0681999999965;980.794200000013;
6533.999999999916;984.9344000000838;980.794200000013;949.8285999999966;951.1488999999967;990.7072000000517;980.794200000013;987.8208000000677;980.794200000013;972.8916000000017;972.8916000000017;972.8916000000017;971.6594000000018;927.3834999999951;972.8916000000017;948.0681999999965;980.794200000013;
6534.999999999916;984.9344000000838;980.794200000013;949.8285999999966;951.1488999999967;990.7072000000517;980.794200000013;987.8208000000677;980.794200000013;972.8916000000017;972.8916000000017;972.8916000000017;971.6594000000018;927.3834999999951;972.8916000000017;948.0681999999965;980.794200000013;
6535.999999999916;984.9344000000838;980.794200000013;949.8285999999966;951.1488999999967;990.7072000000517;980.794200000013;987.8208000000677;980.794200000013;972.8916000000017;972.8916000000017;972.8916000000017;971.6594000000018;927.3834999999951;972.8916000000017;948.0681999999965;980.794200000013;
6536.999999999916;984.9344000000838;980.794200000013;949.8285999999966;951.1488999999967;990.7072000000517;980.794200000013;987.8208000000677;980.794200000013;972.8916000000017;972.8916000000017;972.8916000000017;971.6594000000018;927.3834999999951;972.8916000000017;948.0681999999965;980.794200000013;
6537.999999999916;984.9344000000838;980.794200000013;949.8285999999966;951.1488999999967;990.7072000000517;980.794200000013;987.8208000000677;980.794200000013;972.8916000000017;972.8916000000017;972.8916000000017;971.6594000000018;927.3834999999951;972.8916000000017;948.0681999999965;980.794200000013;
6538.999999999916;984.9344000000838;980.794200000013;949.8285999999966;951.1488999999967;990.7072000000517;980.794200000013;987.8208000000677;980.794200000013;972.8916000000017;972.8916000000017;972.8916000000017;971.6594000000018;927.3834999999951;972.8916000000017;948.0681999999965;980.794200000013;
6539.7693171815135;984.9344000000838;980.794200000013;949.8285999999966;951.1488999999967;990.7072000000517;980.794100000013;987.8208000000677;980.794200000013;972.8916000000017;972.8916000000017;972.8916000000017;971.6594000000018;927.3834999999951;972.8916000000017;948.0681999999965;980.794200000013;
6539.7693171815135;984.9344000000838;980.794200000013;949.8285999999966;951.1488999999967;990.7072000000517;980.7061000000131;987.8208000000677;980.794200000013;972.8916000000017;972.8916000000017;972.8916000000017;971.6594000000018;927.3834999999951;972.8916000000017;948.0681999999965;980.794200000013;
6539.774633181513;984.9256000000838;980.794200000013;949.8285999999966;951.1488999999967;990.7072000000517;980.7061000000131;987.8208000000677;980.794200000013;972.8916000000017;972.8916000000017;972.8916000000017;971.6594000000018;927.3834999999951;972.8916000000017;948.0681999999965;980.794200000013;
6539.774633181513;984.9168000000839;980.794200000013;949.8285999999966;951.1488999999967;990.7072000000517;980.7061000000131;987.8208000000677;980.794200000013;972.8916000000017;972.8916000000017;972.8916000000017;971.6594000000018;927.3834999999951;972.8916000000017;948.0681999999965;980.794200000013;
6539.777549039962;984.9168000000839;980.794200000013;949.8285999999966;951.1488999999967;990.7072000000517;980.7061000000131;987.8208000000677;980.794200000013;972.8916000000017;972.8916000000017;972.8916000000017;971.6594000000018;927.3833999999952;972.8916000000017;948.0681999999965;980.794200000013;
6539.777549039962;984.9168000000839;980.794200000013;949.8285999999966;951.1488999999967;990.7072000000517;980.7061000000131;987.8208000000677;980.794200000013;972.8916000000017;972.8916000000017;972.8916000000017;971.6594000000018;926.9433999999951;972.8916000000017;948.0681999999965;980.794200000013;
6539.779949181513;984.9168000000839;980.794200000013;949.8285999999966;951.1488999999967;990.7072000000517;980.7061000000131;987.8120000000678;980.794200000013;972.8916000000017;972.8916000000017;972.8916000000017;971.6594000000018;926.9433999999951;972.8916000000017;948.0681999999965;980.794200000013;
6540.239731530279;984.890400000084;980.7061000000131;949.3884999999966;951.1488999999967;990.6896000000518;980.7061000000131;987.8032000000678;980.7061000000131;972.8916000000017;972.8916000000017;972.8916000000017;971.6594000000018;926.9433999999951;972.8916000000017;948.0680999999965;980.7061000000131;
6540.9999999999145;984.8816000000841;980.7061000000131;949.3884999999966;951.1488999999967;990.6720000000519;980.7061000000131;987.7856000000679;980.7061000000131;972.8916000000017;972.8916000000017;972.8916000000017;971.6594000000018;926.9433999999951;972.8916000000017;947.6280999999965;980.7061000000131;
6541.774642734186;984.8816000000841;980.7061000000131;949.3884999999966;951.1488999999967;990.6720000000519;980.7061000000131;987.7856000000679;980.7061000000131;972.8916000000017;972.8916000000017;972.8916000000017;971.6594000000018;926.9433999999951;972.8916000000017;947.6280999999965;980.7061000000131;
6542.774647510523;984.8728000000841;980.7061000000131;949.3884999999966;951.1488999999967;990.6720000000519;980.7061000000131;987.776800000068;980.7061000000131;972.8916000000017;972.8916000000017;972.8916000000017;971.6594000000018;926.9433999999951;972.8916000000017;947.6280999999965;980.7061000000131;
6542.999999999914;984.8640000000842;980.7061000000131;949.3884999999966;951.1488999999967;990.6720000000519;980.7061000000131;987.768000000068;980.7061000000131;972.8916000000017;972.8916000000017;972.8916000000017;971.6594000000018;926.9433999999951;972.8916000000017;947.6280999999965;980.7061000000131;
6543.77465228686;984.8640000000842;980.7061000000131;949.3884999999966;951.1488999999967;990.6720000000519;980.7061000000131;987.768000000068;980.7061000000131;972.8916000000017;972.8916000000017;972.8916000000017;971.6594000000018;926.9433999999951;972.8916000000017;947.6280999999965;980.7061000000131;
6544.999999999914;984.8640000000842;980.7061000000131;949.3884999999966;951.1488999999967;990.6720000000519;980.7061000000131;987.768000000068;980.7061000000131;972.8916000000017;972.8916000000017;972.8916000000017;971.6594000000018;926.9433999999951;972.8916000000017;947.6280999999965;980.7061000000131;
6545.999999999914;984.8640000000842;980.7061000000131;949.3884999999966;951.1488999999967;990.6720000000519;980.7061000000131;987.768000000068;980.7061000000131;972.8916000000017;972.8916000000017;972.8916000000017;971.6594000000018;926.9433999999951;972.8916000000017;947.6280999999965;980.7061000000131;
6546.999999999914;984.8640000000842;980.7061000000131;949.3884999999966;951.1488999999967;990.6720000000519;980.7061000000131;987.768000000068;980.7061000000131;972.8916000000017;972.8916000000017;972.8916000000017;971.6594000000018;926.9433999999951;972.8916000000017;947.6280999999965;980.7061000000131;
6547.999999999914;984.8640000000842;980.7061000000131;949.3884999999966;951.1488999999967;990.6720000000519;980.7061000000131;987.768000000068;980.7061000000131;972.8916000000017;972.8916000000017;972.8916000000017;971.6594000000018;926.9433999999951;972.8916000000017;947.6280999999965;980.7061000000131;
6548.999999999914;984.8640000000842;980.7061000000131;949.3884999999966;951.1488999999967;990.6720000000519;980.7061000000131;987.768000000068;980.7061000000131;972.8916000000017;972.8916000000017;972.8916000000017;971.6594000000018;926.9433999999951;972.8916000000017;947.6280999999965;980.7061000000131;
6549.999999999914;984.8640000000842;980.7061000000131;949.3884999999966;951.1488999999967;990.6720000000519;980.7061000000131;987.768000000068;980.7061000000131;972.8916000000017;972.8916000000017;972.8916000000017;971.6594000000018;926.9433999999951;972.8916000000017;947.6280999999965;980.7061000000131;
6550.999999999914;984.8640000000842;980.7061000000131;949.3884999999966;951.1488999999967;990.6720000000519;980.7061000000131;987.768000000068;980.7061000000131;972.8916000000017;972.8916000000017;972.8916000000017;971.6594000000018;926.9433999999951;972.8916000000017;947.6280999999965;980.7061000000131;
6551.999999999914;984.8640000000842;980.7061000000131;949.3884999999966;951.1488999999967;990.6720000000519;980.7061000000131;987.768000000068;980.7061000000131;972.8916000000017;972.8916000000017;972.8916000000017;971.6594000000018;926.9433999999951;972.8916000000017;947.6280999999965;980.7061000000131;
6552.999999999914;984.8640000000842;980.7061000000131;949.3884999999966;951.1488999999967;990.6720000000519;980.7061000000131;987.768000000068;980.7061000000131;972.8916000000017;972.8916000000017;972.8916000000017;971.6594000000018;926.9433999999951;972.8916000000017;947.6280999999965;980.7061000000131;
6553.999999999914;984.8640000000842;980.7061000000131;949.3884999999966;951.1488999999967;990.6720000000519;980.7061000000131;987.768000000068;980.7061000000131;972.8916000000017;972.8916000000017;972.8916000000017;971.6594000000018;926.9433999999951;972.8916000000017;947.6280999999965;980.7061000000131;
6554.999999999914;984.8640000000842;980.7061000000131;949.3884999999966;951.1488999999967;990.6720000000519;980.7061000000131;987.768000000068;980.7061000000131;972.8916000000017;972.8916000000017;972.8916000000017;971.6594000000018;926.9433999999951;972.8916000000017;947.6280999999965;980.7061000000131;
6555.999999999914;984.8640000000842;980.7061000000131;949.3884999999966;951.1488999999967;990.6720000000519;980.7061000000131;987.768000000068;980.7061000000131;972.8916000000017;972.8916000000017;972.8916000000017;971.6594000000018;926.9433999999951;972.8916000000017;947.6280999999965;980.7061000000131;
6556.999999999914;984.8640000000842;980.7061000000131;949.3884999999966;951.1488999999967;990.6720000000519;980.7061000000131;987.768000000068;980.7061000000131;972.8916000000017;972.8916000000017;972.8916000000017;971.6594000000018;926.9433999999951;972.8916000000017;947.6280999999965;980.7061000000131;
6557.999999999914;984.8640000000842;980.7061000000131;949.3884999999966;951.1488999999967;990.6720000000519;980.7061000000131;987.768000000068;980.7061000000131;972.8916000000017;972.8916000000017;972.8916000000017;971.6594000000018;926.9433999999951;972.8916000000017;947.6280999999965;980.7061000000131;
6558.999999999914;984.8640000000842;980.7061000000131;949.3884999999966;951.1488999999967;990.6720000000519;980.7061000000131;987.768000000068;980.7061000000131;972.8916000000017;972.8916000000017;972.8916000000017;971.6594000000018;926.9433999999951;972.8916000000017;947.6280999999965;980.7061000000131;
6559.999999999914;984.8640000000842;980.7061000000131;949.3884999999966;951.1488999999967;990.6720000000519;980.7061000000131;987.768000000068;980.7061000000131;972.8916000000017;972.8916000000017;972.8916000000017;971.6594000000018;926.9433999999951;972.8916000000017;947.6280999999965;980.7061000000131;
6560.999999999914;984.8640000000842;980.7061000000131;949.3884999999966;951.1488999999967;990.6720000000519;980.7061000000131;987.768000000068;980.7061000000131;972.8916000000017;972.8916000000017;972.8916000000017;971.6594000000018;926.9433999999951;972.8916000000017;947.6280999999965;980.7061000000131;
6561.999999999914;984.8640000000842;980.7061000000131;949.3884999999966;951.1488999999967;990.6720000000519;980.7061000000131;987.768000000068;980.7061000000131;972.8916000000017;972.8916000000017;972.8916000000017;971.6594000000018;926.9433999999951;972.8916000000017;947.6280999999965;980.7061000000131;
6562.999999999914;984.8640000000842;980.7061000000131;949.3884999999966;951.1488999999967;990.6720000000519;980.7061000000131;987.768000000068;980.7061000000131;972.8916000000017;972.8916000000017;972.8916000000017;971.6594000000018;926.9433999999951;972.8916000000017;947.6280999999965;980.7061000000131;
6563.999999999914;984.8640000000842;980.7061000000131;949.3884999999966;951.1488999999967;990.6720000000519;980.7061000000131;987.768000000068;980.7061000000131;972.8916000000017;972.8916000000017;972.8916000000017;971.6594000000018;926.9433999999951;972.8916000000017;947.6280999999965;980.7061000000131;
6564.999999999914;984.8640000000842;980.7061000000131;949.3884999999966;951.1488999999967;990.6720000000519;980.7061000000131;987.768000000068;980.7061000000131;972.8916000000017;972.8916000000017;972.8916000000017;971.6594000000018;926.9433999999951;972.8916000000017;947.6280999999965;980.7061000000131;
6565.999999999914;984.8640000000842;980.7061000000131;949.3884999999966;951.1488999999967;990.6720000000519;980.7061000000131;987.768000000068;980.7061000000131;972.8916000000017;972.8916000000017;972.8916000000017;971.6594000000018;926.9433999999951;972.8916000000017;947.6280999999965;980.7061000000131;
6566.999999999914;984.8640000000842;980.7061000000131;949.3884999999966;951.1488999999967;990.6720000000519;980.7061000000131;987.768000000068;980.7061000000131;972.8916000000017;972.8916000000017;972.8916000000017;971.6594000000018;926.9433999999951;972.8916000000017;947.6280999999965;980.7061000000131;
6567.999999999914;984.8640000000842;980.7061000000131;949.3884999999966;951.1488999999967;990.6720000000519;980.7061000000131;987.768000000068;980.7061000000131;972.8916000000017;972.8916000000017;972.8916000000017;971.6594000000018;926.9433999999951;972.8916000000017;947.6280999999965;980.7061000000131;
6568.999999999914;984.8640000000842;980.7061000000131;949.3884999999966;951.1488999999967;990.6720000000519;980.7061000000131;987.768000000068;980.7061000000131;972.8916000000017;972.8916000000017;972.8916000000017;971.6594000000018;926.9433999999951;972.8916000000017;947.6280999999965;980.7061000000131;
6569.769289919244;984.8640000000842;980.7061000000131;949.3884999999966;951.1488999999967;990.6720000000519;980.7060000000131;987.768000000068;980.7061000000131;972.8916000000017;972.8916000000017;972.8916000000017;971.6594000000018;926.9433999999951;972.8916000000017;947.6280999999965;980.7061000000131;
6569.769289919244;984.8640000000842;980.7061000000131;949.3884999999966;951.1488999999967;990.6720000000519;980.6180000000131;987.768000000068;980.7061000000131;972.8916000000017;972.8916000000017;972.8916000000017;971.6594000000018;926.9433999999951;972.8916000000017;947.6280999999965;980.7061000000131;
6569.774605919244;984.8552000000842;980.7061000000131;949.3884999999966;951.1488999999967;990.6720000000519;980.6180000000131;987.768000000068;980.7061000000131;972.8916000000017;972.8916000000017;972.8916000000017;971.6594000000018;926.9433999999951;972.8916000000017;947.6280999999965;980.7061000000131;
6569.774605919244;984.8464000000843;980.7061000000131;949.3884999999966;951.1488999999967;990.6720000000519;980.6180000000131;987.768000000068;980.7061000000131;972.8916000000017;972.8916000000017;972.8916000000017;971.6594000000018;926.9433999999951;972.8916000000017;947.6280999999965;980.7061000000131;
6569.77582142983;984.8464000000843;980.7061000000131;949.3884999999966;951.1488999999967;990.6720000000519;980.6180000000131;987.768000000068;980.7061000000131;972.8916000000017;972.8916000000017;972.8916000000017;971.6594000000018;926.9432999999951;972.8916000000017;947.6280999999965;980.7061000000131;
6569.77582142983;984.8464000000843;980.7061000000131;949.3884999999966;951.1488999999967;990.6720000000519;980.6180000000131;987.768000000068;980.7061000000131;972.8916000000017;972.8916000000017;972.8916000000017;971.6594000000018;926.5032999999951;972.8916000000017;947.6280999999965;980.7061000000131;
6569.779921919245;984.8464000000843;980.7061000000131;949.3884999999966;951.1488999999967;990.6720000000519;980.6180000000131;987.7592000000681;980.7061000000131;972.8916000000017;972.8916000000017;972.8916000000017;971.6594000000018;926.5032999999951;972.8916000000017;947.6280999999965;980.7061000000131;
6569.781137429831;984.8464000000843;980.7061000000131;949.3884999999966;951.1488999999967;990.6632000000519;980.6180000000131;987.7592000000681;980.7061000000131;972.8916000000017;972.8916000000017;972.8916000000017;971.6594000000018;926.5032999999951;972.8916000000017;947.6280999999965;980.7061000000131;
6569.781137429831;984.8464000000843;980.7061000000131;949.3884999999966;951.1488999999967;990.654400000052;980.6180000000131;987.7592000000681;980.7061000000131;972.8916000000017;972.8916000000017;972.8916000000017;971.6594000000018;926.5032999999951;972.8916000000017;947.6280999999965;980.7061000000131;
6569.7864534298305;984.8464000000843;980.7061000000131;949.3884999999966;951.1488999999967;990.654400000052;980.6180000000131;987.7504000000681;980.7061000000131;972.8916000000017;972.8916000000017;972.8916000000017;971.6594000000018;926.5032999999951;972.8916000000017;947.6280999999965;980.7061000000131;
6569.927446461442;984.8464000000843;980.7060000000131;949.3884999999966;951.1488999999967;990.654400000052;980.6180000000131;987.7504000000681;980.7061000000131;972.8916000000017;972.8916000000017;972.8916000000017;971.6594000000018;926.5032999999951;972.8916000000017;947.6280999999965;980.7061000000131;
6569.927446461442;984.8464000000843;980.6180000000131;949.3884999999966;951.1488999999967;990.654400000052;980.6180000000131;987.7504000000681;980.7061000000131;972.8916000000017;972.8916000000017;972.8916000000017;971.6594000000018;926.5032999999951;972.8916000000017;947.6280999999965;980.7061000000131;
6570.774610695581;984.8288000000844;980.6180000000131;949.3884999999966;950.7087999999967;990.645600000052;980.6180000000131;987.7504000000681;980.6180000000131;972.8916000000017;972.8916000000017;972.8916000000017;971.6594000000018;926.5032999999951;972.8916000000017;947.6280999999965;980.6180000000131;
6570.999999999913;984.8200000000844;980.6180000000131;949.3884999999966;950.7087999999967;990.6368000000521;980.6180000000131;987.7328000000682;980.6180000000131;972.8916000000017;972.8916000000017;972.8916000000017;971.6594000000018;926.5032999999951;972.8916000000017;947.6280999999965;980.6180000000131;
6571.774615471918;984.8200000000844;980.6180000000131;949.3884999999966;950.7087999999967;990.6368000000521;980.6180000000131;987.7328000000682;980.6180000000131;972.8916000000017;972.8916000000017;972.8916000000017;971.6594000000018;926.5032999999951;972.8916000000017;947.6280999999965;980.6180000000131;
6572.774620248254;984.8112000000845;980.6180000000131;949.3884999999966;950.7087999999967;990.6368000000521;980.6180000000131;987.7240000000683;980.6180000000131;972.8916000000017;972.8916000000017;972.8916000000017;971.6594000000018;926.5032999999951;972.8916000000017;947.6280999999965;980.6180000000131;
6572.999999999912;984.8112000000845;980.6180000000131;949.3884999999966;950.7087999999967;990.6368000000521;980.6180000000131;987.7240000000683;980.6180000000131;972.8916000000017;972.8916000000017;972.8916000000017;971.6594000000018;926.5032999999951;972.8916000000017;947.6280999999965;980.6180000000131;
6573.999999999912;984.8112000000845;980.6180000000131;949.3884999999966;950.7087999999967;990.6368000000521;980.6180000000131;987.7240000000683;980.6180000000131;972.8916000000017;972.8916000000017;972.8916000000017;971.6594000000018;926.5032999999951;972.8916000000017;947.6280999999965;980.6180000000131;
6574.999999999912;984.8112000000845;980.6180000000131;949.3884999999966;950.7087999999967;990.6368000000521;980.6180000000131;987.7240000000683;980.6180000000131;972.8916000000017;972.8916000000017;972.8916000000017;971.6594000000018;926.5032999999951;972.8916000000017;947.6280999999965;980.6180000000131;
6575.999999999912;984.8112000000845;980.6180000000131;949.3884999999966;950.7087999999967;990.6368000000521;980.6180000000131;987.7240000000683;980.6180000000131;972.8916000000017;972.8916000000017;972.8916000000017;971.6594000000018;926.5032999999951;972.8916000000017;947.6280999999965;980.6180000000131;
6576.999999999912;984.8112000000845;980.6180000000131;949.3884999999966;950.7087999999967;990.6368000000521;980.6180000000131;987.7240000000683;980.6180000000131;972.8916000000017;972.8916000000017;972.8916000000017;971.6594000000018;926.5032999999951;972.8916000000017;947.6280999999965;980.6180000000131;
6577.999999999912;984.8112000000845;980.6180000000131;949.3884999999966;950.7087999999967;990.6368000000521;980.6180000000131;987.7240000000683;980.6180000000131;972.8916000000017;972.8916000000017;972.8916000000017;971.6594000000018;926.5032999999951;972.8916000000017;947.6280999999965;980.6180000000131;
6578.999999999912;984.8112000000845;980.6180000000131;949.3884999999966;950.7087999999967;990.6368000000521;980.6180000000131;987.7240000000683;980.6180000000131;972.8916000000017;972.8916000000017;972.8916000000017;971.6594000000018;926.5032999999951;972.8916000000017;947.6280999999965;980.6180000000131;
6579.999999999912;984.8112000000845;980.6180000000131;949.3884999999966;950.7087999999967;990.6368000000521;980.6180000000131;987.7240000000683;980.6180000000131;972.8916000000017;972.8916000000017;972.8916000000017;971.6594000000018;926.5032999999951;972.8916000000017;947.6280999999965;980.6180000000131;
6580.999999999912;984.8112000000845;980.6180000000131;949.3884999999966;950.7087999999967;990.6368000000521;980.6180000000131;987.7240000000683;980.6180000000131;972.8916000000017;972.8916000000017;972.8916000000017;971.6594000000018;926.5032999999951;972.8916000000017;947.6280999999965;980.6180000000131;
6581.999999999912;984.8112000000845;980.6180000000131;949.3884999999966;950.7087999999967;990.6368000000521;980.6180000000131;987.7240000000683;980.6180000000131;972.8916000000017;972.8916000000017;972.8916000000017;971.6594000000018;926.5032999999951;972.8916000000017;947.6280999999965;980.6180000000131;
6582.999999999912;984.8112000000845;980.6180000000131;949.3884999999966;950.7087999999967;990.6368000000521;980.6180000000131;987.7240000000683;980.6180000000131;972.8916000000017;972.8916000000017;972.8916000000017;971.6594000000018;926.5032999999951;972.8916000000017;947.6280999999965;980.6180000000131;
6583.999999999912;984.8112000000845;980.6180000000131;949.3884999999966;950.7087999999967;990.6368000000521;980.6180000000131;987.7240000000683;980.6180000000131;972.8916000000017;972.8916000000017;972.8916000000017;971.6594000000018;926.5032999999951;972.8916000000017;947.6280999999965;980.6180000000131;
6584.999999999912;984.8112000000845;980.6180000000131;949.3884999999966;950.7087999999967;990.6368000000521;980.6180000000131;987.7240000000683;980.6180000000131;972.8916000000017;972.8916000000017;972.8916000000017;971.6594000000018;926.5032999999951;972.8916000000017;947.6280999999965;980.6180000000131;
6585.999999999912;984.8112000000845;980.6180000000131;949.3884999999966;950.7087999999967;990.6368000000521;980.6180000000131;987.7240000000683;980.6180000000131;972.8916000000017;972.8916000000017;972.8916000000017;971.6594000000018;926.5032999999951;972.8916000000017;947.6280999999965;980.6180000000131;
6586.999999999912;984.8112000000845;980.6180000000131;949.3884999999966;950.7087999999967;990.6368000000521;980.6180000000131;987.7240000000683;980.6180000000131;972.8916000000017;972.8916000000017;972.8916000000017;971.6594000000018;926.5032999999951;972.8916000000017;947.6280999999965;980.6180000000131;
6587.999999999912;984.8112000000845;980.6180000000131;949.3884999999966;950.7087999999967;990.6368000000521;980.6180000000131;987.7240000000683;980.6180000000131;972.8916000000017;972.8916000000017;972.8916000000017;971.6594000000018;926.5032999999951;972.8916000000017;947.6280999999965;980.6180000000131;
6588.999999999912;984.8112000000845;980.6180000000131;949.3884999999966;950.7087999999967;990.6368000000521;980.6180000000131;987.7240000000683;980.6180000000131;972.8916000000017;972.8916000000017;972.8916000000017;971.6594000000018;926.5032999999951;972.8916000000017;947.6280999999965;980.6180000000131;
6589.999999999912;984.8112000000845;980.6180000000131;949.3884999999966;950.7087999999967;990.6368000000521;980.6180000000131;987.7240000000683;980.6180000000131;972.8916000000017;972.8916000000017;972.8916000000017;971.6594000000018;926.5032999999951;972.8916000000017;947.6280999999965;980.6180000000131;
6590.999999999912;984.8112000000845;980.6180000000131;949.3884999999966;950.7087999999967;990.6368000000521;980.6180000000131;987.7240000000683;980.6180000000131;972.8916000000017;972.8916000000017;972.8916000000017;971.6594000000018;926.5032999999951;972.8916000000017;947.6280999999965;980.6180000000131;
6591.999999999912;984.8112000000845;980.6180000000131;949.3884999999966;950.7087999999967;990.6368000000521;980.6180000000131;987.7240000000683;980.6180000000131;972.8916000000017;972.8916000000017;972.8916000000017;971.6594000000018;926.5032999999951;972.8916000000017;947.6280999999965;980.6180000000131;
6592.999999999912;984.8112000000845;980.6180000000131;949.3884999999966;950.7087999999967;990.6368000000521;980.6180000000131;987.7240000000683;980.6180000000131;972.8916000000017;972.8916000000017;972.8916000000017;971.6594000000018;926.5032999999951;972.8916000000017;947.6280999999965;980.6180000000131;
6593.999999999912;984.8112000000845;980.6180000000131;949.3884999999966;950.7087999999967;990.6368000000521;980.6180000000131;987.7240000000683;980.6180000000131;972.8916000000017;972.8916000000017;972.8916000000017;971.6594000000018;926.5032999999951;972.8916000000017;947.6280999999965;980.6180000000131;
6594.999999999912;984.8112000000845;980.6180000000131;949.3884999999966;950.7087999999967;990.6368000000521;980.6180000000131;987.7240000000683;980.6180000000131;972.8916000000017;972.8916000000017;972.8916000000017;971.6594000000018;926.5032999999951;972.8916000000017;947.6280999999965;980.6180000000131;
6595.999999999912;984.8112000000845;980.6180000000131;949.3884999999966;950.7087999999967;990.6368000000521;980.6180000000131;987.7240000000683;980.6180000000131;972.8916000000017;972.8916000000017;972.8916000000017;971.6594000000018;926.5032999999951;972.8916000000017;947.6280999999965;980.6180000000131;
6596.999999999912;984.8112000000845;980.6180000000131;949.3884999999966;950.7087999999967;990.6368000000521;980.6180000000131;987.7240000000683;980.6180000000131;972.8916000000017;972.8916000000017;972.8916000000017;971.6594000000018;926.5032999999951;972.8916000000017;947.6280999999965;980.6180000000131;
6597.999999999912;984.8112000000845;980.6180000000131;949.3884999999966;950.7087999999967;990.6368000000521;980.6180000000131;987.7240000000683;980.6180000000131;972.8916000000017;972.8916000000017;972.8916000000017;971.6594000000018;926.5032999999951;972.8916000000017;947.6280999999965;980.6180000000131;
6598.999999999912;984.8112000000845;980.6180000000131;949.3884999999966;950.7087999999967;990.6368000000521;980.6180000000131;987.7240000000683;980.6180000000131;972.8916000000017;972.8916000000017;972.8916000000017;971.6594000000018;926.5032999999951;972.8916000000017;947.6280999999965;980.6180000000131;
6599.769262656976;984.8112000000845;980.6180000000131;949.3884999999966;950.7087999999967;990.6368000000521;980.6179000000132;987.7240000000683;980.6180000000131;972.8916000000017;972.8916000000017;972.8916000000017;971.6594000000018;926.5032999999951;972.8916000000017;947.6280999999965;980.6180000000131;
6599.769262656976;984.8112000000845;980.6180000000131;949.3884999999966;950.7087999999967;990.6368000000521;980.5299000000132;987.7240000000683;980.6180000000131;972.8916000000017;972.8916000000017;972.8916000000017;971.6594000000018;926.5032999999951;972.8916000000017;947.6280999999965;980.6180000000131;
6599.774093819699;984.8112000000845;980.6180000000131;949.3884999999966;950.7087999999967;990.6368000000521;980.5299000000132;987.7240000000683;980.6180000000131;972.8916000000017;972.8916000000017;972.8916000000017;971.6594000000018;926.5031999999951;972.8916000000017;947.6280999999965;980.6180000000131;
6599.774093819699;984.8112000000845;980.6180000000131;949.3884999999966;950.7087999999967;990.6368000000521;980.5299000000132;987.7240000000683;980.6180000000131;972.8916000000017;972.8916000000017;972.8916000000017;971.6594000000018;926.063199999995;972.8916000000017;947.6280999999965;980.6180000000131;
6599.774578656977;984.8024000000845;980.6180000000131;949.3884999999966;950.7087999999967;990.6368000000521;980.5299000000132;987.7240000000683;980.6180000000131;972.8916000000017;972.8916000000017;972.8916000000017;971.6594000000018;926.063199999995;972.8916000000017;947.6280999999965;980.6180000000131;
6599.774578656977;984.7936000000846;980.6180000000131;949.3884999999966;950.7087999999967;990.6368000000521;980.5299000000132;987.7240000000683;980.6180000000131;972.8916000000017;972.8916000000017;972.8916000000017;971.6594000000018;926.063199999995;972.8916000000017;947.6280999999965;980.6180000000131;
6599.775629687097;984.7936000000846;980.6180000000131;949.3884999999966;950.7087999999967;990.6368000000521;980.5299000000132;987.7240000000683;980.6180000000131;972.8915000000018;972.8916000000017;972.8916000000017;971.6594000000018;926.063199999995;972.8916000000017;947.6280999999965;980.6180000000131;
6599.775629687097;984.7936000000846;980.6180000000131;949.3884999999966;950.7087999999967;990.6368000000521;980.5299000000132;987.7240000000683;980.6180000000131;972.2755000000018;972.8916000000017;972.8916000000017;971.6594000000018;926.063199999995;972.8916000000017;947.6280999999965;980.6180000000131;
6599.7794098197;984.7936000000846;980.6180000000131;949.3884999999966;950.7087999999967;990.6280000000521;980.5299000000132;987.7240000000683;980.6180000000131;972.2755000000018;972.8916000000017;972.8916000000017;971.6594000000018;926.063199999995;972.8916000000017;947.6280999999965;980.6180000000131;
6599.7794098197;984.7936000000846;980.6180000000131;949.3884999999966;950.7087999999967;990.6192000000522;980.5299000000132;987.7240000000683;980.6180000000131;972.2755000000018;972.8916000000017;972.8916000000017;971.6594000000018;926.063199999995;972.8916000000017;947.6280999999965;980.6180000000131;
6599.779894656977;984.7936000000846;980.6180000000131;949.3884999999966;950.7087999999967;990.6192000000522;980.5299000000132;987.7152000000683;980.6180000000131;972.2755000000018;972.8916000000017;972.8916000000017;971.6594000000018;926.063199999995;972.8916000000017;947.6280999999965;980.6180000000131;
6599.780945687097;984.7848000000846;980.6180000000131;949.3884999999966;950.7087999999967;990.6192000000522;980.5299000000132;987.7152000000683;980.6180000000131;972.2755000000018;972.8916000000017;972.8916000000017;971.6594000000018;926.063199999995;972.8916000000017;947.6280999999965;980.6180000000131;
6600.774583433313;984.7496000000848;980.5299000000132;948.9483999999966;950.7087999999967;990.5928000000523;980.5299000000132;987.7064000000684;980.5299000000132;972.2755000000018;972.2755000000018;972.2755000000018;971.6594000000018;926.063199999995;972.2755000000018;947.1879999999965;980.5299000000132;
6600.999999999911;984.7408000000848;980.5299000000132;948.9483999999966;950.7087999999967;990.5840000000524;980.5299000000132;987.6888000000685;980.5299000000132;972.2755000000018;972.2755000000018;972.2755000000018;971.6594000000018;926.063199999995;972.2755000000018;947.1879999999965;980.5299000000132;
6601.77458820965;984.7408000000848;980.5299000000132;948.9483999999966;950.7087999999967;990.5840000000524;980.5299000000132;987.6888000000685;980.5299000000132;972.2755000000018;972.2755000000018;972.2755000000018;971.6594000000018;926.063199999995;972.2755000000018;947.1879999999965;980.5299000000132;
6602.774592985986;984.7320000000849;980.5299000000132;948.9483999999966;950.7087999999967;990.5752000000524;980.5299000000132;987.6712000000686;980.5299000000132;972.2755000000018;972.2755000000018;972.2755000000018;971.6594000000018;926.063199999995;972.2755000000018;947.1879999999965;980.5299000000132;
6603.774597762323;984.723200000085;980.5299000000132;948.9483999999966;950.7087999999967;990.5664000000525;980.5299000000132;987.6536000000686;980.5299000000132;972.2755000000018;972.2755000000018;972.2755000000018;971.6594000000018;926.063199999995;972.2755000000018;947.1879999999965;980.5299000000132;
6603.999999999909;984.714400000085;980.5299000000132;948.9483999999966;950.7087999999967;990.5664000000525;980.5299000000132;987.6448000000687;980.5299000000132;972.2755000000018;972.2755000000018;972.2755000000018;971.6594000000018;926.063199999995;972.2755000000018;947.1879999999965;980.5299000000132;
6604.77460253866;984.714400000085;980.5299000000132;948.9483999999966;950.7087999999967;990.5664000000525;980.5299000000132;987.6448000000687;980.5299000000132;972.2755000000018;972.2755000000018;972.2755000000018;971.6594000000018;926.063199999995;972.2755000000018;947.1879999999965;980.5299000000132;
6605.774607314997;984.705600000085;980.5299000000132;948.9483999999966;950.7087999999967;990.5664000000525;980.5299000000132;987.6360000000687;980.5299000000132;972.2755000000018;972.2755000000018;972.2755000000018;971.6594000000018;926.063199999995;972.2755000000018;947.1879999999965;980.5299000000132;
6605.999999999909;984.705600000085;980.5299000000132;948.9483999999966;950.7087999999967;990.5664000000525;980.5299000000132;987.6360000000687;980.5299000000132;972.2755000000018;972.2755000000018;972.2755000000018;971.6594000000018;926.063199999995;972.2755000000018;947.1879999999965;980.5299000000132;
6606.999999999909;984.705600000085;980.5299000000132;948.9483999999966;950.7087999999967;990.5664000000525;980.5299000000132;987.6360000000687;980.5299000000132;972.2755000000018;972.2755000000018;972.2755000000018;971.6594000000018;926.063199999995;972.2755000000018;947.1879999999965;980.5299000000132;
6607.999999999909;984.705600000085;980.5299000000132;948.9483999999966;950.7087999999967;990.5664000000525;980.5299000000132;987.6360000000687;980.5299000000132;972.2755000000018;972.2755000000018;972.2755000000018;971.6594000000018;926.063199999995;972.2755000000018;947.1879999999965;980.5299000000132;
6608.999999999909;984.705600000085;980.5299000000132;948.9483999999966;950.7087999999967;990.5664000000525;980.5299000000132;987.6360000000687;980.5299000000132;972.2755000000018;972.2755000000018;972.2755000000018;971.6594000000018;926.063199999995;972.2755000000018;947.1879999999965;980.5299000000132;
6609.999999999909;984.705600000085;980.5299000000132;948.9483999999966;950.7087999999967;990.5664000000525;980.5299000000132;987.6360000000687;980.5299000000132;972.2755000000018;972.2755000000018;972.2755000000018;971.6594000000018;926.063199999995;972.2755000000018;947.1879999999965;980.5299000000132;
6610.999999999909;984.705600000085;980.5299000000132;948.9483999999966;950.7087999999967;990.5664000000525;980.5299000000132;987.6360000000687;980.5299000000132;972.2755000000018;972.2755000000018;972.2755000000018;971.6594000000018;926.063199999995;972.2755000000018;947.1879999999965;980.5299000000132;
6611.999999999909;984.705600000085;980.5299000000132;948.9483999999966;950.7087999999967;990.5664000000525;980.5299000000132;987.6360000000687;980.5299000000132;972.2755000000018;972.2755000000018;972.2755000000018;971.6594000000018;926.063199999995;972.2755000000018;947.1879999999965;980.5299000000132;
6612.999999999909;984.705600000085;980.5299000000132;948.9483999999966;950.7087999999967;990.5664000000525;980.5299000000132;987.6360000000687;980.5299000000132;972.2755000000018;972.2755000000018;972.2755000000018;971.6594000000018;926.063199999995;972.2755000000018;947.1879999999965;980.5299000000132;
6613.999999999909;984.705600000085;980.5299000000132;948.9483999999966;950.7087999999967;990.5664000000525;980.5299000000132;987.6360000000687;980.5299000000132;972.2755000000018;972.2755000000018;972.2755000000018;971.6594000000018;926.063199999995;972.2755000000018;947.1879999999965;980.5299000000132;
6614.999999999909;984.705600000085;980.5299000000132;948.9483999999966;950.7087999999967;990.5664000000525;980.5299000000132;987.6360000000687;980.5299000000132;972.2755000000018;972.2755000000018;972.2755000000018;971.6594000000018;926.063199999995;972.2755000000018;947.1879999999965;980.5299000000132;
6615.999999999909;984.705600000085;980.5299000000132;948.9483999999966;950.7087999999967;990.5664000000525;980.5299000000132;987.6360000000687;980.5299000000132;972.2755000000018;972.2755000000018;972.2755000000018;971.6594000000018;926.063199999995;972.2755000000018;947.1879999999965;980.5299000000132;
6616.999999999909;984.705600000085;980.5299000000132;948.9483999999966;950.7087999999967;990.5664000000525;980.5299000000132;987.6360000000687;980.5299000000132;972.2755000000018;972.2755000000018;972.2755000000018;971.6594000000018;926.063199999995;972.2755000000018;947.1879999999965;980.5299000000132;
6617.999999999909;984.705600000085;980.5299000000132;948.9483999999966;950.7087999999967;990.5664000000525;980.5299000000132;987.6360000000687;980.5299000000132;972.2755000000018;972.2755000000018;972.2755000000018;971.6594000000018;926.063199999995;972.2755000000018;947.1879999999965;980.5299000000132;
6618.999999999909;984.705600000085;980.5299000000132;948.9483999999966;950.7087999999967;990.5664000000525;980.5299000000132;987.6360000000687;980.5299000000132;972.2755000000018;972.2755000000018;972.2755000000018;971.6594000000018;926.063199999995;972.2755000000018;947.1879999999965;980.5299000000132;
6619.999999999909;984.705600000085;980.5299000000132;948.9483999999966;950.7087999999967;990.5664000000525;980.5299000000132;987.6360000000687;980.5299000000132;972.2755000000018;972.2755000000018;972.2755000000018;971.6594000000018;926.063199999995;972.2755000000018;947.1879999999965;980.5299000000132;
6620.999999999909;984.705600000085;980.5299000000132;948.9483999999966;950.7087999999967;990.5664000000525;980.5299000000132;987.6360000000687;980.5299000000132;972.2755000000018;972.2755000000018;972.2755000000018;971.6594000000018;926.063199999995;972.2755000000018;947.1879999999965;980.5299000000132;
6621.999999999909;984.705600000085;980.5299000000132;948.9483999999966;950.7087999999967;990.5664000000525;980.5299000000132;987.6360000000687;980.5299000000132;972.2755000000018;972.2755000000018;972.2755000000018;971.6594000000018;926.063199999995;972.2755000000018;947.1879999999965;980.5299000000132;
6622.999999999909;984.705600000085;980.5299000000132;948.9483999999966;950.7087999999967;990.5664000000525;980.5299000000132;987.6360000000687;980.5299000000132;972.2755000000018;972.2755000000018;972.2755000000018;971.6594000000018;926.063199999995;972.2755000000018;947.1879999999965;980.5299000000132;
6623.999999999909;984.705600000085;980.5299000000132;948.9483999999966;950.7087999999967;990.5664000000525;980.5299000000132;987.6360000000687;980.5299000000132;972.2755000000018;972.2755000000018;972.2755000000018;971.6594000000018;926.063199999995;972.2755000000018;947.1879999999965;980.5299000000132;
6624.999999999909;984.705600000085;980.5299000000132;948.9483999999966;950.7087999999967;990.5664000000525;980.5299000000132;987.6360000000687;980.5299000000132;972.2755000000018;972.2755000000018;972.2755000000018;971.6594000000018;926.063199999995;972.2755000000018;947.1879999999965;980.5299000000132;
6625.999999999909;984.705600000085;980.5299000000132;948.9483999999966;950.7087999999967;990.5664000000525;980.5299000000132;987.6360000000687;980.5299000000132;972.2755000000018;972.2755000000018;972.2755000000018;971.6594000000018;926.063199999995;972.2755000000018;947.1879999999965;980.5299000000132;
6626.999999999909;984.705600000085;980.5299000000132;948.9483999999966;950.7087999999967;990.5664000000525;980.5299000000132;987.6360000000687;980.5299000000132;972.2755000000018;972.2755000000018;972.2755000000018;971.6594000000018;926.063199999995;972.2755000000018;947.1879999999965;980.5299000000132;
6627.999999999909;984.705600000085;980.5299000000132;948.9483999999966;950.7087999999967;990.5664000000525;980.5299000000132;987.6360000000687;980.5299000000132;972.2755000000018;972.2755000000018;972.2755000000018;971.6594000000018;926.063199999995;972.2755000000018;947.1879999999965;980.5299000000132;
6628.999999999909;984.705600000085;980.5299000000132;948.9483999999966;950.7087999999967;990.5664000000525;980.5299000000132;987.6360000000687;980.5299000000132;972.2755000000018;972.2755000000018;972.2755000000018;971.6594000000018;926.063199999995;972.2755000000018;947.1879999999965;980.5299000000132;
6629.769235394707;984.705600000085;980.5299000000132;948.9483999999966;950.7087999999967;990.5664000000525;980.5298000000132;987.6360000000687;980.5299000000132;972.2755000000018;972.2755000000018;972.2755000000018;971.6594000000018;926.063199999995;972.2755000000018;947.1879999999965;980.5299000000132;
6629.769235394707;984.705600000085;980.5299000000132;948.9483999999966;950.7087999999967;990.5664000000525;980.4418000000132;987.6360000000687;980.5299000000132;972.2755000000018;972.2755000000018;972.2755000000018;971.6594000000018;926.063199999995;972.2755000000018;947.1879999999965;980.5299000000132;
6629.772366209567;984.705600000085;980.5299000000132;948.9483999999966;950.7087999999967;990.5664000000525;980.4418000000132;987.6360000000687;980.5299000000132;972.2755000000018;972.2755000000018;972.2755000000018;971.6594000000018;926.0630999999951;972.2755000000018;947.1879999999965;980.5299000000132;
6629.772366209567;984.705600000085;980.5299000000132;948.9483999999966;950.7087999999967;990.5664000000525;980.4418000000132;987.6360000000687;980.5299000000132;972.2755000000018;972.2755000000018;972.2755000000018;971.6594000000018;925.623099999995;972.2755000000018;947.1879999999965;980.5299000000132;
6629.774551394707;984.6968000000851;980.5299000000132;948.9483999999966;950.7087999999967;990.5664000000525;980.4418000000132;987.6360000000687;980.5299000000132;972.2755000000018;972.2755000000018;972.2755000000018;971.6594000000018;925.623099999995;972.2755000000018;947.1879999999965;980.5299000000132;
6629.774551394707;984.6880000000851;980.5299000000132;948.9483999999966;950.7087999999967;990.5664000000525;980.4418000000132;987.6360000000687;980.5299000000132;972.2755000000018;972.2755000000018;972.2755000000018;971.6594000000018;925.623099999995;972.2755000000018;947.1879999999965;980.5299000000132;
6629.777682209567;984.6880000000851;980.5299000000132;948.9483999999966;950.7087999999967;990.5576000000525;980.4418000000132;987.6360000000687;980.5299000000132;972.2755000000018;972.2755000000018;972.2755000000018;971.6594000000018;925.623099999995;972.2755000000018;947.1879999999965;980.5299000000132;
6629.777682209567;984.6880000000851;980.5299000000132;948.9483999999966;950.7087999999967;990.5488000000526;980.4418000000132;987.6360000000687;980.5299000000132;972.2755000000018;972.2755000000018;972.2755000000018;971.6594000000018;925.623099999995;972.2755000000018;947.1879999999965;980.5299000000132;
6629.779867394706;984.6880000000851;980.5299000000132;948.9483999999966;950.7087999999967;990.5488000000526;980.4418000000132;987.6272000000688;980.5299000000132;972.2755000000018;972.2755000000018;972.2755000000018;971.6594000000018;925.623099999995;972.2755000000018;947.1879999999965;980.5299000000132;
6629.782998209566;984.6880000000851;980.5299000000132;948.9483999999966;950.7087999999967;990.5488000000526;980.4418000000132;987.6184000000688;980.5299000000132;972.2755000000018;972.2755000000018;972.2755000000018;971.6594000000018;925.623099999995;972.2755000000018;947.1879999999965;980.5299000000132;
6629.924413253899;984.6880000000851;980.5298000000132;948.9483999999966;950.7087999999967;990.5488000000526;980.4418000000132;987.6184000000688;980.5299000000132;972.2755000000018;972.2755000000018;972.2755000000018;971.6594000000018;925.623099999995;972.2755000000018;947.1879999999965;980.5299000000132;
6630.7745561710435;984.6704000000852;980.4418000000132;948.9483999999966;950.2686999999967;990.5312000000526;980.4418000000132;987.6184000000688;980.4418000000132;972.2755000000018;972.2755000000018;972.2755000000018;971.6594000000018;925.623099999995;972.2755000000018;946.7478999999964;980.4418000000132;
6631.77456094738;984.6616000000853;980.4418000000132;948.9483999999966;950.2686999999967;990.5224000000527;980.4418000000132;987.600800000069;980.4418000000132;972.2755000000018;972.2755000000018;972.2755000000018;971.6594000000018;925.623099999995;972.2755000000018;946.7478999999964;980.4418000000132;
6631.999999999908;984.6528000000853;980.4418000000132;948.9483999999966;950.2686999999967;990.5136000000527;980.4418000000132;987.583200000069;980.4418000000132;972.2755000000018;972.2755000000018;972.2755000000018;971.6594000000018;925.623099999995;972.2755000000018;946.7478999999964;980.4418000000132;
6632.774565723717;984.6528000000853;980.4418000000132;948.9483999999966;950.2686999999967;990.5136000000527;980.4418000000132;987.583200000069;980.4418000000132;972.2755000000018;972.2755000000018;972.2755000000018;971.6594000000018;925.623099999995;972.2755000000018;946.7478999999964;980.4418000000132;
6633.999999999908;984.6528000000853;980.4418000000132;948.9483999999966;950.2686999999967;990.5136000000527;980.4418000000132;987.583200000069;980.4418000000132;972.2755000000018;972.2755000000018;972.2755000000018;971.6594000000018;925.623099999995;972.2755000000018;946.7478999999964;980.4418000000132;
6634.999999999908;984.6528000000853;980.4418000000132;948.9483999999966;950.2686999999967;990.5136000000527;980.4418000000132;987.583200000069;980.4418000000132;972.2755000000018;972.2755000000018;972.2755000000018;971.6594000000018;925.623099999995;972.2755000000018;946.7478999999964;980.4418000000132;
6635.999999999908;984.6528000000853;980.4418000000132;948.9483999999966;950.2686999999967;990.5136000000527;980.4418000000132;987.583200000069;980.4418000000132;972.2755000000018;972.2755000000018;972.2755000000018;971.6594000000018;925.623099999995;972.2755000000018;946.7478999999964;980.4418000000132;
6636.999999999908;984.6528000000853;980.4418000000132;948.9483999999966;950.2686999999967;990.5136000000527;980.4418000000132;987.583200000069;980.4418000000132;972.2755000000018;972.2755000000018;972.2755000000018;971.6594000000018;925.623099999995;972.2755000000018;946.7478999999964;980.4418000000132;
6637.999999999908;984.6528000000853;980.4418000000132;948.9483999999966;950.2686999999967;990.5136000000527;980.4418000000132;987.583200000069;980.4418000000132;972.2755000000018;972.2755000000018;972.2755000000018;971.6594000000018;925.623099999995;972.2755000000018;946.7478999999964;980.4418000000132;
6638.999999999908;984.6528000000853;980.4418000000132;948.9483999999966;950.2686999999967;990.5136000000527;980.4418000000132;987.583200000069;980.4418000000132;972.2755000000018;972.2755000000018;972.2755000000018;971.6594000000018;925.623099999995;972.2755000000018;946.7478999999964;980.4418000000132;
6639.999999999908;984.6528000000853;980.4418000000132;948.9483999999966;950.2686999999967;990.5136000000527;980.4418000000132;987.583200000069;980.4418000000132;972.2755000000018;972.2755000000018;972.2755000000018;971.6594000000018;925.623099999995;972.2755000000018;946.7478999999964;980.4418000000132;
6640.999999999908;984.6528000000853;980.4418000000132;948.9483999999966;950.2686999999967;990.5136000000527;980.4418000000132;987.583200000069;980.4418000000132;972.2755000000018;972.2755000000018;972.2755000000018;971.6594000000018;925.623099999995;972.2755000000018;946.7478999999964;980.4418000000132;
6641.999999999908;984.6528000000853;980.4418000000132;948.9483999999966;950.2686999999967;990.5136000000527;980.4418000000132;987.583200000069;980.4418000000132;972.2755000000018;972.2755000000018;972.2755000000018;971.6594000000018;925.623099999995;972.2755000000018;946.7478999999964;980.4418000000132;
6642.999999999908;984.6528000000853;980.4418000000132;948.9483999999966;950.2686999999967;990.5136000000527;980.4418000000132;987.583200000069;980.4418000000132;972.2755000000018;972.2755000000018;972.2755000000018;971.6594000000018;925.623099999995;972.2755000000018;946.7478999999964;980.4418000000132;
6643.999999999908;984.6528000000853;980.4418000000132;948.9483999999966;950.2686999999967;990.5136000000527;980.4418000000132;987.583200000069;980.4418000000132;972.2755000000018;972.2755000000018;972.2755000000018;971.6594000000018;925.623099999995;972.2755000000018;946.7478999999964;980.4418000000132;
6644.999999999908;984.6528000000853;980.4418000000132;948.9483999999966;950.2686999999967;990.5136000000527;980.4418000000132;987.583200000069;980.4418000000132;972.2755000000018;972.2755000000018;972.2755000000018;971.6594000000018;925.623099999995;972.2755000000018;946.7478999999964;980.4418000000132;
6645.999999999908;984.6528000000853;980.4418000000132;948.9483999999966;950.2686999999967;990.5136000000527;980.4418000000132;987.583200000069;980.4418000000132;972.2755000000018;972.2755000000018;972.2755000000018;971.6594000000018;925.623099999995;972.2755000000018;946.7478999999964;980.4418000000132;
6646.999999999908;984.6528000000853;980.4418000000132;948.9483999999966;950.2686999999967;990.5136000000527;980.4418000000132;987.583200000069;980.4418000000132;972.2755000000018;972.2755000000018;972.2755000000018;971.6594000000018;925.623099999995;972.2755000000018;946.7478999999964;980.4418000000132;
6647.999999999908;984.6528000000853;980.4418000000132;948.9483999999966;950.2686999999967;990.5136000000527;980.4418000000132;987.583200000069;980.4418000000132;972.2755000000018;972.2755000000018;972.2755000000018;971.6594000000018;925.623099999995;972.2755000000018;946.7478999999964;980.4418000000132;
6648.999999999908;984.6528000000853;980.4418000000132;948.9483999999966;950.2686999999967;990.5136000000527;980.4418000000132;987.583200000069;980.4418000000132;972.2755000000018;972.2755000000018;972.2755000000018;971.6594000000018;925.623099999995;972.2755000000018;946.7478999999964;980.4418000000132;
6649.999999999908;984.6528000000853;980.4418000000132;948.9483999999966;950.2686999999967;990.5136000000527;980.4418000000132;987.583200000069;980.4418000000132;972.2755000000018;972.2755000000018;972.2755000000018;971.6594000000018;925.623099999995;972.2755000000018;946.7478999999964;980.4418000000132;
6650.999999999908;984.6528000000853;980.4418000000132;948.9483999999966;950.2686999999967;990.5136000000527;980.4418000000132;987.583200000069;980.4418000000132;972.2755000000018;972.2755000000018;972.2755000000018;971.6594000000018;925.623099999995;972.2755000000018;946.7478999999964;980.4418000000132;
6651.999999999908;984.6528000000853;980.4418000000132;948.9483999999966;950.2686999999967;990.5136000000527;980.4418000000132;987.583200000069;980.4418000000132;972.2755000000018;972.2755000000018;972.2755000000018;971.6594000000018;925.623099999995;972.2755000000018;946.7478999999964;980.4418000000132;
6652.999999999908;984.6528000000853;980.4418000000132;948.9483999999966;950.2686999999967;990.5136000000527;980.4418000000132;987.583200000069;980.4418000000132;972.2755000000018;972.2755000000018;972.2755000000018;971.6594000000018;925.623099999995;972.2755000000018;946.7478999999964;980.4418000000132;
6653.999999999908;984.6528000000853;980.4418000000132;948.9483999999966;950.2686999999967;990.5136000000527;980.4418000000132;987.583200000069;980.4418000000132;972.2755000000018;972.2755000000018;972.2755000000018;971.6594000000018;925.623099999995;972.2755000000018;946.7478999999964;980.4418000000132;
6654.999999999908;984.6528000000853;980.4418000000132;948.9483999999966;950.2686999999967;990.5136000000527;980.4418000000132;987.583200000069;980.4418000000132;972.2755000000018;972.2755000000018;972.2755000000018;971.6594000000018;925.623099999995;972.2755000000018;946.7478999999964;980.4418000000132;
6655.999999999908;984.6528000000853;980.4418000000132;948.9483999999966;950.2686999999967;990.5136000000527;980.4418000000132;987.583200000069;980.4418000000132;972.2755000000018;972.2755000000018;972.2755000000018;971.6594000000018;925.623099999995;972.2755000000018;946.7478999999964;980.4418000000132;
6656.999999999908;984.6528000000853;980.4418000000132;948.9483999999966;950.2686999999967;990.5136000000527;980.4418000000132;987.583200000069;980.4418000000132;972.2755000000018;972.2755000000018;972.2755000000018;971.6594000000018;925.623099999995;972.2755000000018;946.7478999999964;980.4418000000132;
6657.999999999908;984.6528000000853;980.4418000000132;948.9483999999966;950.2686999999967;990.5136000000527;980.4418000000132;987.583200000069;980.4418000000132;972.2755000000018;972.2755000000018;972.2755000000018;971.6594000000018;925.623099999995;972.2755000000018;946.7478999999964;980.4418000000132;
6658.999999999908;984.6528000000853;980.4418000000132;948.9483999999966;950.2686999999967;990.5136000000527;980.4418000000132;987.583200000069;980.4418000000132;972.2755000000018;972.2755000000018;972.2755000000018;971.6594000000018;925.623099999995;972.2755000000018;946.7478999999964;980.4418000000132;
6659.769208132439;984.6528000000853;980.4418000000132;948.9483999999966;950.2686999999967;990.5136000000527;980.4417000000133;987.583200000069;980.4418000000132;972.2755000000018;972.2755000000018;972.2755000000018;971.6594000000018;925.623099999995;972.2755000000018;946.7478999999964;980.4418000000132;
6659.769208132439;984.6528000000853;980.4418000000132;948.9483999999966;950.2686999999967;990.5136000000527;980.3537000000133;987.583200000069;980.4418000000132;972.2755000000018;972.2755000000018;972.2755000000018;971.6594000000018;925.623099999995;972.2755000000018;946.7478999999964;980.4418000000132;
6659.770638599437;984.6528000000853;980.4418000000132;948.9483999999966;950.2686999999967;990.5136000000527;980.3537000000133;987.583200000069;980.4418000000132;972.2755000000018;972.2755000000018;972.2755000000018;971.6594000000018;925.622999999995;972.2755000000018;946.7478999999964;980.4418000000132;
6659.770638599437;984.6528000000853;980.4418000000132;948.9483999999966;950.2686999999967;990.5136000000527;980.3537000000133;987.583200000069;980.4418000000132;972.2755000000018;972.2755000000018;972.2755000000018;971.6594000000018;925.182999999995;972.2755000000018;946.7478999999964;980.4418000000132;
6659.774524132439;984.6440000000854;980.4418000000132;948.9483999999966;950.2686999999967;990.5136000000527;980.3537000000133;987.583200000069;980.4418000000132;972.2755000000018;972.2755000000018;972.2755000000018;971.6594000000018;925.182999999995;972.2755000000018;946.7478999999964;980.4418000000132;
6659.774524132439;984.6352000000854;980.4418000000132;948.9483999999966;950.2686999999967;990.5136000000527;980.3537000000133;987.583200000069;980.4418000000132;972.2755000000018;972.2755000000018;972.2755000000018;971.6594000000018;925.182999999995;972.2755000000018;946.7478999999964;980.4418000000132;
6659.775954599437;984.6352000000854;980.4418000000132;948.9483999999966;950.2686999999967;990.5048000000528;980.3537000000133;987.583200000069;980.4418000000132;972.2755000000018;972.2755000000018;972.2755000000018;971.6594000000018;925.182999999995;972.2755000000018;946.7478999999964;980.4418000000132;
6659.775954599437;984.6352000000854;980.4418000000132;948.9483999999966;950.2686999999967;990.4960000000528;980.3537000000133;987.583200000069;980.4418000000132;972.2755000000018;972.2755000000018;972.2755000000018;971.6594000000018;925.182999999995;972.2755000000018;946.7478999999964;980.4418000000132;
6659.779840132439;984.6352000000854;980.4418000000132;948.9483999999966;950.2686999999967;990.4960000000528;980.3537000000133;987.5744000000691;980.4418000000132;972.2755000000018;972.2755000000018;972.2755000000018;971.6594000000018;925.182999999995;972.2755000000018;946.7478999999964;980.4418000000132;
6659.7812705994365;984.6352000000854;980.4418000000132;948.9483999999966;950.2686999999967;990.4960000000528;980.3537000000133;987.5656000000691;980.4418000000132;972.2755000000018;972.2755000000018;972.2755000000018;971.6594000000018;925.182999999995;972.2755000000018;946.7478999999964;980.4418000000132;
6659.804278447293;984.6352000000854;980.4418000000132;948.9482999999966;950.2686999999967;990.4960000000528;980.3537000000133;987.5656000000691;980.4418000000132;972.2755000000018;972.2755000000018;972.2755000000018;971.6594000000018;925.182999999995;972.2755000000018;946.7478999999964;980.4418000000132;
6659.804278447293;984.6352000000854;980.4418000000132;948.5082999999966;950.2686999999967;990.4960000000528;980.3537000000133;987.5656000000691;980.4418000000132;972.2755000000018;972.2755000000018;972.2755000000018;971.6594000000018;925.182999999995;972.2755000000018;946.7478999999964;980.4418000000132;
6659.8095944472925;984.6264000000855;980.4418000000132;948.5082999999966;950.2686999999967;990.4960000000528;980.3537000000133;987.5656000000691;980.4418000000132;972.2755000000018;972.2755000000018;972.2755000000018;971.6594000000018;925.182999999995;972.2755000000018;946.7478999999964;980.4418000000132;
6660.774528908776;984.6088000000856;980.3537000000133;948.5082999999966;950.2686999999967;990.4960000000528;980.3537000000133;987.5656000000691;980.3537000000133;972.2755000000018;972.2755000000018;972.2755000000018;971.6594000000018;925.182999999995;972.2755000000018;946.7478999999964;980.3537000000133;
6661.774533685113;984.6000000000856;980.3537000000133;948.5082999999966;950.2686999999967;990.4960000000528;980.3537000000133;987.5568000000692;980.3537000000133;972.2755000000018;972.2755000000018;972.2755000000018;971.6594000000018;925.182999999995;972.2755000000018;946.7478999999964;980.3537000000133;
6661.999999999907;984.5912000000857;980.3537000000133;948.5082999999966;950.2686999999967;990.4960000000528;980.3537000000133;987.5480000000692;980.3537000000133;972.2755000000018;972.2755000000018;972.2755000000018;971.6594000000018;925.182999999995;972.2755000000018;946.7478999999964;980.3537000000133;
6662.774538461451;984.5912000000857;980.3537000000133;948.5082999999966;950.2686999999967;990.4960000000528;980.3537000000133;987.5480000000692;980.3537000000133;972.2755000000018;972.2755000000018;972.2755000000018;971.6594000000018;925.182999999995;972.2755000000018;946.7478999999964;980.3537000000133;
6663.774543237788;984.5824000000857;980.3537000000133;948.5082999999966;950.2686999999967;990.4960000000528;980.3537000000133;987.5392000000693;980.3537000000133;972.2755000000018;972.2755000000018;972.2755000000018;971.6594000000018;925.182999999995;972.2755000000018;946.7478999999964;980.3537000000133;
6663.999999999907;984.5824000000857;980.3537000000133;948.5082999999966;950.2686999999967;990.4960000000528;980.3537000000133;987.5392000000693;980.3537000000133;972.2755000000018;972.2755000000018;972.2755000000018;971.6594000000018;925.182999999995;972.2755000000018;946.7478999999964;980.3537000000133;
6664.999999999907;984.5824000000857;980.3537000000133;948.5082999999966;950.2686999999967;990.4960000000528;980.3537000000133;987.5392000000693;980.3537000000133;972.2755000000018;972.2755000000018;972.2755000000018;971.6594000000018;925.182999999995;972.2755000000018;946.7478999999964;980.3537000000133;
6665.999999999907;984.5824000000857;980.3537000000133;948.5082999999966;950.2686999999967;990.4960000000528;980.3537000000133;987.5392000000693;980.3537000000133;972.2755000000018;972.2755000000018;972.2755000000018;971.6594000000018;925.182999999995;972.2755000000018;946.7478999999964;980.3537000000133;
6666.999999999907;984.5824000000857;980.3537000000133;948.5082999999966;950.2686999999967;990.4960000000528;980.3537000000133;987.5392000000693;980.3537000000133;972.2755000000018;972.2755000000018;972.2755000000018;971.6594000000018;925.182999999995;972.2755000000018;946.7478999999964;980.3537000000133;
6667.999999999907;984.5824000000857;980.3537000000133;948.5082999999966;950.2686999999967;990.4960000000528;980.3537000000133;987.5392000000693;980.3537000000133;972.2755000000018;972.2755000000018;972.2755000000018;971.6594000000018;925.182999999995;972.2755000000018;946.7478999999964;980.3537000000133;
6668.999999999907;984.5824000000857;980.3537000000133;948.5082999999966;950.2686999999967;990.4960000000528;980.3537000000133;987.5392000000693;980.3537000000133;972.2755000000018;972.2755000000018;972.2755000000018;971.6594000000018;925.182999999995;972.2755000000018;946.7478999999964;980.3537000000133;
6669.999999999907;984.5824000000857;980.3537000000133;948.5082999999966;950.2686999999967;990.4960000000528;980.3537000000133;987.5392000000693;980.3537000000133;972.2755000000018;972.2755000000018;972.2755000000018;971.6594000000018;925.182999999995;972.2755000000018;946.7478999999964;980.3537000000133;
6670.999999999907;984.5824000000857;980.3537000000133;948.5082999999966;950.2686999999967;990.4960000000528;980.3537000000133;987.5392000000693;980.3537000000133;972.2755000000018;972.2755000000018;972.2755000000018;971.6594000000018;925.182999999995;972.2755000000018;946.7478999999964;980.3537000000133;
6671.999999999907;984.5824000000857;980.3537000000133;948.5082999999966;950.2686999999967;990.4960000000528;980.3537000000133;987.5392000000693;980.3537000000133;972.2755000000018;972.2755000000018;972.2755000000018;971.6594000000018;925.182999999995;972.2755000000018;946.7478999999964;980.3537000000133;
6672.999999999907;984.5824000000857;980.3537000000133;948.5082999999966;950.2686999999967;990.4960000000528;980.3537000000133;987.5392000000693;980.3537000000133;972.2755000000018;972.2755000000018;972.2755000000018;971.6594000000018;925.182999999995;972.2755000000018;946.7478999999964;980.3537000000133;
6673.999999999907;984.5824000000857;980.3537000000133;948.5082999999966;950.2686999999967;990.4960000000528;980.3537000000133;987.5392000000693;980.3537000000133;972.2755000000018;972.2755000000018;972.2755000000018;971.6594000000018;925.182999999995;972.2755000000018;946.7478999999964;980.3537000000133;
6674.999999999907;984.5824000000857;980.3537000000133;948.5082999999966;950.2686999999967;990.4960000000528;980.3537000000133;987.5392000000693;980.3537000000133;972.2755000000018;972.2755000000018;972.2755000000018;971.6594000000018;925.182999999995;972.2755000000018;946.7478999999964;980.3537000000133;
6675.007298428964;984.5824000000857;980.3537000000133;948.5082999999966;950.2686999999967;990.4960000000528;980.3537000000133;987.5392000000693;980.3537000000133;972.2755000000018;972.2755000000018;972.2755000000018;971.6593000000018;925.182999999995;972.2755000000018;946.7478999999964;980.3537000000133;
6675.007298428964;984.5824000000857;980.3537000000133;948.5082999999966;950.2686999999967;990.4960000000528;980.3537000000133;987.5392000000693;980.3537000000133;972.2755000000018;972.2755000000018;972.2755000000018;971.0433000000019;925.182999999995;972.2755000000018;946.7478999999964;980.3537000000133;
6675.012614428963;984.5824000000857;980.3537000000133;948.5082999999966;950.2686999999967;990.4872000000529;980.3537000000133;987.5392000000693;980.3537000000133;972.2755000000018;972.2755000000018;972.2755000000018;971.0433000000019;925.182999999995;972.2755000000018;946.7478999999964;980.3537000000133;
6675.012614428963;984.5824000000857;980.3537000000133;948.5082999999966;950.2686999999967;990.4784000000529;980.3537000000133;987.5392000000693;980.3537000000133;972.2755000000018;972.2755000000018;972.2755000000018;971.0433000000019;925.182999999995;972.2755000000018;946.7478999999964;980.3537000000133;
6675.999999999907;984.5824000000857;980.3537000000133;948.5082999999966;950.2686999999967;990.4784000000529;980.3537000000133;987.5304000000693;980.3537000000133;972.2755000000018;972.2755000000018;972.2755000000018;971.0433000000019;925.182999999995;972.2755000000018;946.7478999999964;980.3537000000133;
6676.012604281941;984.5824000000857;980.3537000000133;948.5082999999966;950.2686999999967;990.4784000000529;980.3537000000133;987.5304000000693;980.3537000000133;972.2755000000018;972.2755000000018;972.2755000000018;971.0433000000019;925.182999999995;972.2755000000018;946.7478999999964;980.3537000000133;
6676.999999999907;984.5824000000857;980.3537000000133;948.5082999999966;950.2686999999967;990.4784000000529;980.3537000000133;987.5304000000693;980.3537000000133;972.2755000000018;972.2755000000018;972.2755000000018;971.0433000000019;925.182999999995;972.2755000000018;946.7478999999964;980.3537000000133;
6677.999999999907;984.5824000000857;980.3537000000133;948.5082999999966;950.2686999999967;990.4784000000529;980.3537000000133;987.5304000000693;980.3537000000133;972.2755000000018;972.2755000000018;972.2755000000018;971.0433000000019;925.182999999995;972.2755000000018;946.7478999999964;980.3537000000133;
6678.999999999907;984.5824000000857;980.3537000000133;948.5082999999966;950.2686999999967;990.4784000000529;980.3537000000133;987.5304000000693;980.3537000000133;972.2755000000018;972.2755000000018;972.2755000000018;971.0433000000019;925.182999999995;972.2755000000018;946.7478999999964;980.3537000000133;
6679.999999999907;984.5824000000857;980.3537000000133;948.5082999999966;950.2686999999967;990.4784000000529;980.3537000000133;987.5304000000693;980.3537000000133;972.2755000000018;972.2755000000018;972.2755000000018;971.0433000000019;925.182999999995;972.2755000000018;946.7478999999964;980.3537000000133;
6680.999999999907;984.5824000000857;980.3537000000133;948.5082999999966;950.2686999999967;990.4784000000529;980.3537000000133;987.5304000000693;980.3537000000133;972.2755000000018;972.2755000000018;972.2755000000018;971.0433000000019;925.182999999995;972.2755000000018;946.7478999999964;980.3537000000133;
6681.999999999907;984.5824000000857;980.3537000000133;948.5082999999966;950.2686999999967;990.4784000000529;980.3537000000133;987.5304000000693;980.3537000000133;972.2755000000018;972.2755000000018;972.2755000000018;971.0433000000019;925.182999999995;972.2755000000018;946.7478999999964;980.3537000000133;
6682.999999999907;984.5824000000857;980.3537000000133;948.5082999999966;950.2686999999967;990.4784000000529;980.3537000000133;987.5304000000693;980.3537000000133;972.2755000000018;972.2755000000018;972.2755000000018;971.0433000000019;925.182999999995;972.2755000000018;946.7478999999964;980.3537000000133;
6683.999999999907;984.5824000000857;980.3537000000133;948.5082999999966;950.2686999999967;990.4784000000529;980.3537000000133;987.5304000000693;980.3537000000133;972.2755000000018;972.2755000000018;972.2755000000018;971.0433000000019;925.182999999995;972.2755000000018;946.7478999999964;980.3537000000133;
6684.999999999907;984.5824000000857;980.3537000000133;948.5082999999966;950.2686999999967;990.4784000000529;980.3537000000133;987.5304000000693;980.3537000000133;972.2755000000018;972.2755000000018;972.2755000000018;971.0433000000019;925.182999999995;972.2755000000018;946.7478999999964;980.3537000000133;
6685.999999999907;984.5824000000857;980.3537000000133;948.5082999999966;950.2686999999967;990.4784000000529;980.3537000000133;987.5304000000693;980.3537000000133;972.2755000000018;972.2755000000018;972.2755000000018;971.0433000000019;925.182999999995;972.2755000000018;946.7478999999964;980.3537000000133;
6686.999999999907;984.5824000000857;980.3537000000133;948.5082999999966;950.2686999999967;990.4784000000529;980.3537000000133;987.5304000000693;980.3537000000133;972.2755000000018;972.2755000000018;972.2755000000018;971.0433000000019;925.182999999995;972.2755000000018;946.7478999999964;980.3537000000133;
6687.999999999907;984.5824000000857;980.3537000000133;948.5082999999966;950.2686999999967;990.4784000000529;980.3537000000133;987.5304000000693;980.3537000000133;972.2755000000018;972.2755000000018;972.2755000000018;971.0433000000019;925.182999999995;972.2755000000018;946.7478999999964;980.3537000000133;
6688.999999999907;984.5824000000857;980.3537000000133;948.5082999999966;950.2686999999967;990.4784000000529;980.3537000000133;987.5304000000693;980.3537000000133;972.2755000000018;972.2755000000018;972.2755000000018;971.0433000000019;925.182999999995;972.2755000000018;946.7478999999964;980.3537000000133;
6689.768910989307;984.5824000000857;980.3537000000133;948.5082999999966;950.2686999999967;990.4784000000529;980.3537000000133;987.5304000000693;980.3537000000133;972.2755000000018;972.2755000000018;972.2755000000018;971.0433000000019;925.182899999995;972.2755000000018;946.7478999999964;980.3537000000133;
6689.768910989307;984.5824000000857;980.3537000000133;948.5082999999966;950.2686999999967;990.4784000000529;980.3537000000133;987.5304000000693;980.3537000000133;972.2755000000018;972.2755000000018;972.2755000000018;971.0433000000019;924.742899999995;972.2755000000018;946.7478999999964;980.3537000000133;
6689.769180870172;984.5824000000857;980.3537000000133;948.5082999999966;950.2686999999967;990.4784000000529;980.3536000000133;987.5304000000693;980.3537000000133;972.2755000000018;972.2755000000018;972.2755000000018;971.0433000000019;924.742899999995;972.2755000000018;946.7478999999964;980.3537000000133;
6689.769180870172;984.5824000000857;980.3537000000133;948.5082999999966;950.2686999999967;990.4784000000529;980.2656000000134;987.5304000000693;980.3537000000133;972.2755000000018;972.2755000000018;972.2755000000018;971.0433000000019;924.742899999995;972.2755000000018;946.7478999999964;980.3537000000133;
6689.774226989307;984.5824000000857;980.3537000000133;948.5082999999966;950.2686999999967;990.469600000053;980.2656000000134;987.5304000000693;980.3537000000133;972.2755000000018;972.2755000000018;972.2755000000018;971.0433000000019;924.742899999995;972.2755000000018;946.7478999999964;980.3537000000133;
6689.774226989307;984.5824000000857;980.3537000000133;948.5082999999966;950.2686999999967;990.460800000053;980.2656000000134;987.5304000000693;980.3537000000133;972.2755000000018;972.2755000000018;972.2755000000018;971.0433000000019;924.742899999995;972.2755000000018;946.7478999999964;980.3537000000133;
6689.921380046359;984.5648000000858;980.3536000000133;948.5082999999966;950.2686999999967;990.460800000053;980.2656000000134;987.5128000000694;980.3537000000133;972.2755000000018;972.2755000000018;972.2755000000018;971.0433000000019;924.742899999995;972.2755000000018;946.7478999999964;980.3537000000133;
6690.774216842283;984.5472000000859;980.2656000000134;948.5082999999966;949.8285999999966;990.4432000000531;980.2656000000134;987.5128000000694;980.2656000000134;972.2755000000018;972.2755000000018;972.2755000000018;971.0433000000019;924.742899999995;972.2755000000018;946.3077999999964;980.2656000000134;
6691.774206695261;984.538400000086;980.2656000000134;948.5082999999966;949.8285999999966;990.4344000000532;980.2656000000134;987.4952000000695;980.2656000000134;972.2755000000018;972.2755000000018;972.2755000000018;971.0433000000019;924.742899999995;972.2755000000018;946.3077999999964;980.2656000000134;
6691.9999999999045;984.529600000086;980.2656000000134;948.5082999999966;949.8285999999966;990.4256000000532;980.2656000000134;987.4776000000696;980.2656000000134;972.2755000000018;972.2755000000018;972.2755000000018;971.0433000000019;924.742899999995;972.2755000000018;946.3077999999964;980.2656000000134;
6692.774196548238;984.529600000086;980.2656000000134;948.5082999999966;949.8285999999966;990.4256000000532;980.2656000000134;987.4776000000696;980.2656000000134;972.2755000000018;972.2755000000018;972.2755000000018;971.0433000000019;924.742899999995;972.2755000000018;946.3077999999964;980.2656000000134;
6693.999999999904;984.529600000086;980.2656000000134;948.5082999999966;949.8285999999966;990.4256000000532;980.2656000000134;987.4776000000696;980.2656000000134;972.2755000000018;972.2755000000018;972.2755000000018;971.0433000000019;924.742899999995;972.2755000000018;946.3077999999964;980.2656000000134;
6694.999999999904;984.529600000086;980.2656000000134;948.5082999999966;949.8285999999966;990.4256000000532;980.2656000000134;987.4776000000696;980.2656000000134;972.2755000000018;972.2755000000018;972.2755000000018;971.0433000000019;924.742899999995;972.2755000000018;946.3077999999964;980.2656000000134;
6695.999999999904;984.529600000086;980.2656000000134;948.5082999999966;949.8285999999966;990.4256000000532;980.2656000000134;987.4776000000696;980.2656000000134;972.2755000000018;972.2755000000018;972.2755000000018;971.0433000000019;924.742899999995;972.2755000000018;946.3077999999964;980.2656000000134;
6696.999999999904;984.529600000086;980.2656000000134;948.5082999999966;949.8285999999966;990.4256000000532;980.2656000000134;987.4776000000696;980.2656000000134;972.2755000000018;972.2755000000018;972.2755000000018;971.0433000000019;924.742899999995;972.2755000000018;946.3077999999964;980.2656000000134;
6697.999999999904;984.529600000086;980.2656000000134;948.5082999999966;949.8285999999966;990.4256000000532;980.2656000000134;987.4776000000696;980.2656000000134;972.2755000000018;972.2755000000018;972.2755000000018;971.0433000000019;924.742899999995;972.2755000000018;946.3077999999964;980.2656000000134;
6698.999999999904;984.529600000086;980.2656000000134;948.5082999999966;949.8285999999966;990.4256000000532;980.2656000000134;987.4776000000696;980.2656000000134;972.2755000000018;972.2755000000018;972.2755000000018;971.0433000000019;924.742899999995;972.2755000000018;946.3077999999964;980.2656000000134;
6699.999999999904;984.529600000086;980.2656000000134;948.5082999999966;949.8285999999966;990.4256000000532;980.2656000000134;987.4776000000696;980.2656000000134;972.2755000000018;972.2755000000018;972.2755000000018;971.0433000000019;924.742899999995;972.2755000000018;946.3077999999964;980.2656000000134;
6700.999999999904;984.529600000086;980.2656000000134;948.5082999999966;949.8285999999966;990.4256000000532;980.2656000000134;987.4776000000696;980.2656000000134;972.2755000000018;972.2755000000018;972.2755000000018;971.0433000000019;924.742899999995;972.2755000000018;946.3077999999964;980.2656000000134;
6701.999999999904;984.529600000086;980.2656000000134;948.5082999999966;949.8285999999966;990.4256000000532;980.2656000000134;987.4776000000696;980.2656000000134;972.2755000000018;972.2755000000018;972.2755000000018;971.0433000000019;924.742899999995;972.2755000000018;946.3077999999964;980.2656000000134;
6702.999999999904;984.529600000086;980.2656000000134;948.5082999999966;949.8285999999966;990.4256000000532;980.2656000000134;987.4776000000696;980.2656000000134;972.2755000000018;972.2755000000018;972.2755000000018;971.0433000000019;924.742899999995;972.2755000000018;946.3077999999964;980.2656000000134;
6703.999999999904;984.529600000086;980.2656000000134;948.5082999999966;949.8285999999966;990.4256000000532;980.2656000000134;987.4776000000696;980.2656000000134;972.2755000000018;972.2755000000018;972.2755000000018;971.0433000000019;924.742899999995;972.2755000000018;946.3077999999964;980.2656000000134;
6704.999999999904;984.529600000086;980.2656000000134;948.5082999999966;949.8285999999966;990.4256000000532;980.2656000000134;987.4776000000696;980.2656000000134;972.2755000000018;972.2755000000018;972.2755000000018;971.0433000000019;924.742899999995;972.2755000000018;946.3077999999964;980.2656000000134;
6705.999999999904;984.529600000086;980.2656000000134;948.5082999999966;949.8285999999966;990.4256000000532;980.2656000000134;987.4776000000696;980.2656000000134;972.2755000000018;972.2755000000018;972.2755000000018;971.0433000000019;924.742899999995;972.2755000000018;946.3077999999964;980.2656000000134;
6706.999999999904;984.529600000086;980.2656000000134;948.5082999999966;949.8285999999966;990.4256000000532;980.2656000000134;987.4776000000696;980.2656000000134;972.2755000000018;972.2755000000018;972.2755000000018;971.0433000000019;924.742899999995;972.2755000000018;946.3077999999964;980.2656000000134;
6707.999999999904;984.529600000086;980.2656000000134;948.5082999999966;949.8285999999966;990.4256000000532;980.2656000000134;987.4776000000696;980.2656000000134;972.2755000000018;972.2755000000018;972.2755000000018;971.0433000000019;924.742899999995;972.2755000000018;946.3077999999964;980.2656000000134;
6708.999999999904;984.529600000086;980.2656000000134;948.5082999999966;949.8285999999966;990.4256000000532;980.2656000000134;987.4776000000696;980.2656000000134;972.2755000000018;972.2755000000018;972.2755000000018;971.0433000000019;924.742899999995;972.2755000000018;946.3077999999964;980.2656000000134;
6709.999999999904;984.529600000086;980.2656000000134;948.5082999999966;949.8285999999966;990.4256000000532;980.2656000000134;987.4776000000696;980.2656000000134;972.2755000000018;972.2755000000018;972.2755000000018;971.0433000000019;924.742899999995;972.2755000000018;946.3077999999964;980.2656000000134;
6710.999999999904;984.529600000086;980.2656000000134;948.5082999999966;949.8285999999966;990.4256000000532;980.2656000000134;987.4776000000696;980.2656000000134;972.2755000000018;972.2755000000018;972.2755000000018;971.0433000000019;924.742899999995;972.2755000000018;946.3077999999964;980.2656000000134;
6711.999999999904;984.529600000086;980.2656000000134;948.5082999999966;949.8285999999966;990.4256000000532;980.2656000000134;987.4776000000696;980.2656000000134;972.2755000000018;972.2755000000018;972.2755000000018;971.0433000000019;924.742899999995;972.2755000000018;946.3077999999964;980.2656000000134;
6712.999999999904;984.529600000086;980.2656000000134;948.5082999999966;949.8285999999966;990.4256000000532;980.2656000000134;987.4776000000696;980.2656000000134;972.2755000000018;972.2755000000018;972.2755000000018;971.0433000000019;924.742899999995;972.2755000000018;946.3077999999964;980.2656000000134;
6713.999999999904;984.529600000086;980.2656000000134;948.5082999999966;949.8285999999966;990.4256000000532;980.2656000000134;987.4776000000696;980.2656000000134;972.2755000000018;972.2755000000018;972.2755000000018;971.0433000000019;924.742899999995;972.2755000000018;946.3077999999964;980.2656000000134;
6714.999999999904;984.529600000086;980.2656000000134;948.5082999999966;949.8285999999966;990.4256000000532;980.2656000000134;987.4776000000696;980.2656000000134;972.2755000000018;972.2755000000018;972.2755000000018;971.0433000000019;924.742899999995;972.2755000000018;946.3077999999964;980.2656000000134;
6715.999999999904;984.529600000086;980.2656000000134;948.5082999999966;949.8285999999966;990.4256000000532;980.2656000000134;987.4776000000696;980.2656000000134;972.2755000000018;972.2755000000018;972.2755000000018;971.0433000000019;924.742899999995;972.2755000000018;946.3077999999964;980.2656000000134;
6716.999999999904;984.529600000086;980.2656000000134;948.5082999999966;949.8285999999966;990.4256000000532;980.2656000000134;987.4776000000696;980.2656000000134;972.2755000000018;972.2755000000018;972.2755000000018;971.0433000000019;924.742899999995;972.2755000000018;946.3077999999964;980.2656000000134;
6717.999999999904;984.529600000086;980.2656000000134;948.5082999999966;949.8285999999966;990.4256000000532;980.2656000000134;987.4776000000696;980.2656000000134;972.2755000000018;972.2755000000018;972.2755000000018;971.0433000000019;924.742899999995;972.2755000000018;946.3077999999964;980.2656000000134;
6718.999999999904;984.529600000086;980.2656000000134;948.5082999999966;949.8285999999966;990.4256000000532;980.2656000000134;987.4776000000696;980.2656000000134;972.2755000000018;972.2755000000018;972.2755000000018;971.0433000000019;924.742899999995;972.2755000000018;946.3077999999964;980.2656000000134;
6719.767183379175;984.529600000086;980.2656000000134;948.5082999999966;949.8285999999966;990.4256000000532;980.2656000000134;987.4776000000696;980.2656000000134;972.2755000000018;972.2755000000018;972.2755000000018;971.0433000000019;924.742799999995;972.2755000000018;946.3077999999964;980.2656000000134;
6719.767183379175;984.529600000086;980.2656000000134;948.5082999999966;949.8285999999966;990.4256000000532;980.2656000000134;987.4776000000696;980.2656000000134;972.2755000000018;972.2755000000018;972.2755000000018;971.0433000000019;924.3027999999949;972.2755000000018;946.3077999999964;980.2656000000134;
6719.769153607902;984.529600000086;980.2656000000134;948.5082999999966;949.8285999999966;990.4256000000532;980.2655000000134;987.4776000000696;980.2656000000134;972.2755000000018;972.2755000000018;972.2755000000018;971.0433000000019;924.3027999999949;972.2755000000018;946.3077999999964;980.2656000000134;
6719.769153607902;984.529600000086;980.2656000000134;948.5082999999966;949.8285999999966;990.4256000000532;980.1775000000134;987.4776000000696;980.2656000000134;972.2755000000018;972.2755000000018;972.2755000000018;971.0433000000019;924.3027999999949;972.2755000000018;946.3077999999964;980.2656000000134;
6719.772499379174;984.529600000086;980.2656000000134;948.5082999999966;949.8285999999966;990.4168000000533;980.1775000000134;987.4776000000696;980.2656000000134;972.2755000000018;972.2755000000018;972.2755000000018;971.0433000000019;924.3027999999949;972.2755000000018;946.3077999999964;980.2656000000134;
6719.772499379174;984.529600000086;980.2656000000134;948.5082999999966;949.8285999999966;990.4080000000533;980.1775000000134;987.4776000000696;980.2656000000134;972.2755000000018;972.2755000000018;972.2755000000018;971.0433000000019;924.3027999999949;972.2755000000018;946.3077999999964;980.2656000000134;
6719.774469607902;984.5208000000861;980.2656000000134;948.5082999999966;949.8285999999966;990.4080000000533;980.1775000000134;987.4776000000696;980.2656000000134;972.2755000000018;972.2755000000018;972.2755000000018;971.0433000000019;924.3027999999949;972.2755000000018;946.3077999999964;980.2656000000134;
6719.774469607902;984.5120000000861;980.2656000000134;948.5082999999966;949.8285999999966;990.4080000000533;980.1775000000134;987.4776000000696;980.2656000000134;972.2755000000018;972.2755000000018;972.2755000000018;971.0433000000019;924.3027999999949;972.2755000000018;946.3077999999964;980.2656000000134;
6719.777815379174;984.5120000000861;980.2656000000134;948.5082999999966;949.8285999999966;990.4080000000533;980.1775000000134;987.4688000000697;980.2656000000134;972.2755000000018;972.2755000000018;972.2755000000018;971.0433000000019;924.3027999999949;972.2755000000018;946.3077999999964;980.2656000000134;
6719.779785607901;984.5120000000861;980.2656000000134;948.5082999999966;949.8285999999966;990.4080000000533;980.1775000000134;987.4600000000697;980.2656000000134;972.2755000000018;972.2755000000018;972.2755000000018;971.0433000000019;924.3027999999949;972.2755000000018;946.3077999999964;980.2656000000134;
6719.804285881433;984.5120000000861;980.2656000000134;948.5081999999966;949.8285999999966;990.4080000000533;980.1775000000134;987.4600000000697;980.2656000000134;972.2755000000018;972.2755000000018;972.2755000000018;971.0433000000019;924.3027999999949;972.2755000000018;946.3077999999964;980.2656000000134;
6719.804285881433;984.5120000000861;980.2656000000134;948.0681999999965;949.8285999999966;990.4080000000533;980.1775000000134;987.4600000000697;980.2656000000134;972.2755000000018;972.2755000000018;972.2755000000018;971.0433000000019;924.3027999999949;972.2755000000018;946.3077999999964;980.2656000000134;
6719.999999999902;984.4856000000863;980.1775000000134;948.0681999999965;949.8285999999966;990.4080000000533;980.1775000000134;987.4600000000697;980.1775000000134;972.2755000000018;972.2755000000018;972.2755000000018;971.0433000000019;924.3027999999949;972.2755000000018;946.3077999999964;980.2656000000134;
6720.77248923215;984.4856000000863;980.1775000000134;948.0681999999965;949.8285999999966;990.4080000000533;980.1775000000134;987.4600000000697;980.1775000000134;972.2755000000018;972.2755000000018;972.2755000000018;971.0433000000019;924.3027999999949;972.2755000000018;946.3077999999964;980.1775000000134;
6721.774479160575;984.4768000000863;980.1775000000134;948.0681999999965;949.8285999999966;990.4080000000533;980.1775000000134;987.4512000000698;980.1775000000134;972.2755000000018;972.2755000000018;972.2755000000018;971.0433000000019;924.3027999999949;972.2755000000018;946.3077999999964;980.1775000000134;
6722.7744839369125;984.4680000000864;980.1775000000134;948.0681999999965;949.8285999999966;990.4080000000533;980.1775000000134;987.4424000000698;980.1775000000134;972.2755000000018;972.2755000000018;972.2755000000018;971.0433000000019;924.3027999999949;972.2755000000018;946.3077999999964;980.1775000000134;
6722.999999999902;984.4592000000864;980.1775000000134;948.0681999999965;949.8285999999966;990.4080000000533;980.1775000000134;987.4336000000699;980.1775000000134;972.2755000000018;972.2755000000018;972.2755000000018;971.0433000000019;924.3027999999949;972.2755000000018;946.3077999999964;980.1775000000134;
6723.774488713249;984.4592000000864;980.1775000000134;948.0681999999965;949.8285999999966;990.4080000000533;980.1775000000134;987.4336000000699;980.1775000000134;972.2755000000018;972.2755000000018;972.2755000000018;971.0433000000019;924.3027999999949;972.2755000000018;946.3077999999964;980.1775000000134;
6724.999999999902;984.4592000000864;980.1775000000134;948.0681999999965;949.8285999999966;990.4080000000533;980.1775000000134;987.4336000000699;980.1775000000134;972.2755000000018;972.2755000000018;972.2755000000018;971.0433000000019;924.3027999999949;972.2755000000018;946.3077999999964;980.1775000000134;
6725.999999999902;984.4592000000864;980.1775000000134;948.0681999999965;949.8285999999966;990.4080000000533;980.1775000000134;987.4336000000699;980.1775000000134;972.2755000000018;972.2755000000018;972.2755000000018;971.0433000000019;924.3027999999949;972.2755000000018;946.3077999999964;980.1775000000134;
6726.999999999902;984.4592000000864;980.1775000000134;948.0681999999965;949.8285999999966;990.4080000000533;980.1775000000134;987.4336000000699;980.1775000000134;972.2755000000018;972.2755000000018;972.2755000000018;971.0433000000019;924.3027999999949;972.2755000000018;946.3077999999964;980.1775000000134;
6727.999999999902;984.4592000000864;980.1775000000134;948.0681999999965;949.8285999999966;990.4080000000533;980.1775000000134;987.4336000000699;980.1775000000134;972.2755000000018;972.2755000000018;972.2755000000018;971.0433000000019;924.3027999999949;972.2755000000018;946.3077999999964;980.1775000000134;
6728.999999999902;984.4592000000864;980.1775000000134;948.0681999999965;949.8285999999966;990.4080000000533;980.1775000000134;987.4336000000699;980.1775000000134;972.2755000000018;972.2755000000018;972.2755000000018;971.0433000000019;924.3027999999949;972.2755000000018;946.3077999999964;980.1775000000134;
6729.999999999902;984.4592000000864;980.1775000000134;948.0681999999965;949.8285999999966;990.4080000000533;980.1775000000134;987.4336000000699;980.1775000000134;972.2755000000018;972.2755000000018;972.2755000000018;971.0433000000019;924.3027999999949;972.2755000000018;946.3077999999964;980.1775000000134;
6730.999999999902;984.4592000000864;980.1775000000134;948.0681999999965;949.8285999999966;990.4080000000533;980.1775000000134;987.4336000000699;980.1775000000134;972.2755000000018;972.2755000000018;972.2755000000018;971.0433000000019;924.3027999999949;972.2755000000018;946.3077999999964;980.1775000000134;
6731.999999999902;984.4592000000864;980.1775000000134;948.0681999999965;949.8285999999966;990.4080000000533;980.1775000000134;987.4336000000699;980.1775000000134;972.2755000000018;972.2755000000018;972.2755000000018;971.0433000000019;924.3027999999949;972.2755000000018;946.3077999999964;980.1775000000134;
6732.999999999902;984.4592000000864;980.1775000000134;948.0681999999965;949.8285999999966;990.4080000000533;980.1775000000134;987.4336000000699;980.1775000000134;972.2755000000018;972.2755000000018;972.2755000000018;971.0433000000019;924.3027999999949;972.2755000000018;946.3077999999964;980.1775000000134;
6733.999999999902;984.4592000000864;980.1775000000134;948.0681999999965;949.8285999999966;990.4080000000533;980.1775000000134;987.4336000000699;980.1775000000134;972.2755000000018;972.2755000000018;972.2755000000018;971.0433000000019;924.3027999999949;972.2755000000018;946.3077999999964;980.1775000000134;
6734.999999999902;984.4592000000864;980.1775000000134;948.0681999999965;949.8285999999966;990.4080000000533;980.1775000000134;987.4336000000699;980.1775000000134;972.2755000000018;972.2755000000018;972.2755000000018;971.0433000000019;924.3027999999949;972.2755000000018;946.3077999999964;980.1775000000134;
6735.999999999902;984.4592000000864;980.1775000000134;948.0681999999965;949.8285999999966;990.4080000000533;980.1775000000134;987.4336000000699;980.1775000000134;972.2755000000018;972.2755000000018;972.2755000000018;971.0433000000019;924.3027999999949;972.2755000000018;946.3077999999964;980.1775000000134;
6736.999999999902;984.4592000000864;980.1775000000134;948.0681999999965;949.8285999999966;990.4080000000533;980.1775000000134;987.4336000000699;980.1775000000134;972.2755000000018;972.2755000000018;972.2755000000018;971.0433000000019;924.3027999999949;972.2755000000018;946.3077999999964;980.1775000000134;
6737.999999999902;984.4592000000864;980.1775000000134;948.0681999999965;949.8285999999966;990.4080000000533;980.1775000000134;987.4336000000699;980.1775000000134;972.2755000000018;972.2755000000018;972.2755000000018;971.0433000000019;924.3027999999949;972.2755000000018;946.3077999999964;980.1775000000134;
6738.999999999902;984.4592000000864;980.1775000000134;948.0681999999965;949.8285999999966;990.4080000000533;980.1775000000134;987.4336000000699;980.1775000000134;972.2755000000018;972.2755000000018;972.2755000000018;971.0433000000019;924.3027999999949;972.2755000000018;946.3077999999964;980.1775000000134;
6739.999999999902;984.4592000000864;980.1775000000134;948.0681999999965;949.8285999999966;990.4080000000533;980.1775000000134;987.4336000000699;980.1775000000134;972.2755000000018;972.2755000000018;972.2755000000018;971.0433000000019;924.3027999999949;972.2755000000018;946.3077999999964;980.1775000000134;
6740.999999999902;984.4592000000864;980.1775000000134;948.0681999999965;949.8285999999966;990.4080000000533;980.1775000000134;987.4336000000699;980.1775000000134;972.2755000000018;972.2755000000018;972.2755000000018;971.0433000000019;924.3027999999949;972.2755000000018;946.3077999999964;980.1775000000134;
6741.999999999902;984.4592000000864;980.1775000000134;948.0681999999965;949.8285999999966;990.4080000000533;980.1775000000134;987.4336000000699;980.1775000000134;972.2755000000018;972.2755000000018;972.2755000000018;971.0433000000019;924.3027999999949;972.2755000000018;946.3077999999964;980.1775000000134;
6742.999999999902;984.4592000000864;980.1775000000134;948.0681999999965;949.8285999999966;990.4080000000533;980.1775000000134;987.4336000000699;980.1775000000134;972.2755000000018;972.2755000000018;972.2755000000018;971.0433000000019;924.3027999999949;972.2755000000018;946.3077999999964;980.1775000000134;
6743.999999999902;984.4592000000864;980.1775000000134;948.0681999999965;949.8285999999966;990.4080000000533;980.1775000000134;987.4336000000699;980.1775000000134;972.2755000000018;972.2755000000018;972.2755000000018;971.0433000000019;924.3027999999949;972.2755000000018;946.3077999999964;980.1775000000134;
6744.999999999902;984.4592000000864;980.1775000000134;948.0681999999965;949.8285999999966;990.4080000000533;980.1775000000134;987.4336000000699;980.1775000000134;972.2755000000018;972.2755000000018;972.2755000000018;971.0433000000019;924.3027999999949;972.2755000000018;946.3077999999964;980.1775000000134;
6745.999999999902;984.4592000000864;980.1775000000134;948.0681999999965;949.8285999999966;990.4080000000533;980.1775000000134;987.4336000000699;980.1775000000134;972.2755000000018;972.2755000000018;972.2755000000018;971.0433000000019;924.3027999999949;972.2755000000018;946.3077999999964;980.1775000000134;
6746.999999999902;984.4592000000864;980.1775000000134;948.0681999999965;949.8285999999966;990.4080000000533;980.1775000000134;987.4336000000699;980.1775000000134;972.2755000000018;972.2755000000018;972.2755000000018;971.0433000000019;924.3027999999949;972.2755000000018;946.3077999999964;980.1775000000134;
6747.999999999902;984.4592000000864;980.1775000000134;948.0681999999965;949.8285999999966;990.4080000000533;980.1775000000134;987.4336000000699;980.1775000000134;972.2755000000018;972.2755000000018;972.2755000000018;971.0433000000019;924.3027999999949;972.2755000000018;946.3077999999964;980.1775000000134;
6748.999999999902;984.4592000000864;980.1775000000134;948.0681999999965;949.8285999999966;990.4080000000533;980.1775000000134;987.4336000000699;980.1775000000134;972.2755000000018;972.2755000000018;972.2755000000018;971.0433000000019;924.3027999999949;972.2755000000018;946.3077999999964;980.1775000000134;
6749.767732597563;984.4592000000864;980.1775000000134;948.0681999999965;949.8285999999966;990.4080000000533;980.1775000000134;987.4336000000699;980.1775000000134;972.2754000000018;972.2755000000018;972.2755000000018;971.0433000000019;924.3027999999949;972.2755000000018;946.3077999999964;980.1775000000134;
6749.767732597563;984.4592000000864;980.1775000000134;948.0681999999965;949.8285999999966;990.4080000000533;980.1775000000134;987.4336000000699;980.1775000000134;971.6594000000018;972.2755000000018;972.2755000000018;971.0433000000019;924.3027999999949;972.2755000000018;946.3077999999964;980.1775000000134;
6749.769126345634;984.4592000000864;980.1775000000134;948.0681999999965;949.8285999999966;990.4080000000533;980.1774000000134;987.4336000000699;980.1775000000134;971.6594000000018;972.2755000000018;972.2755000000018;971.0433000000019;924.3027999999949;972.2755000000018;946.3077999999964;980.1775000000134;
6749.769126345634;984.4592000000864;980.1775000000134;948.0681999999965;949.8285999999966;990.4080000000533;980.0894000000135;987.4336000000699;980.1775000000134;971.6594000000018;972.2755000000018;972.2755000000018;971.0433000000019;924.3027999999949;972.2755000000018;946.3077999999964;980.1775000000134;
6749.773048597563;984.4504000000865;980.1775000000134;948.0681999999965;949.8285999999966;990.4080000000533;980.0894000000135;987.4336000000699;980.1775000000134;971.6594000000018;972.2755000000018;972.2755000000018;971.0433000000019;924.3027999999949;972.2755000000018;946.3077999999964;980.1775000000134;
6749.773048597563;984.4416000000865;980.1775000000134;948.0681999999965;949.8285999999966;990.4080000000533;980.0894000000135;987.4336000000699;980.1775000000134;971.6594000000018;972.2755000000018;972.2755000000018;971.0433000000019;924.3027999999949;972.2755000000018;946.3077999999964;980.1775000000134;
6749.774442345633;984.4328000000866;980.1775000000134;948.0681999999965;949.8285999999966;990.4080000000533;980.0894000000135;987.4336000000699;980.1775000000134;971.6594000000018;972.2755000000018;972.2755000000018;971.0433000000019;924.3027999999949;972.2755000000018;946.3077999999964;980.1775000000134;
6749.778364597562;984.4328000000866;980.1775000000134;948.0681999999965;949.8285999999966;990.4080000000533;980.0894000000135;987.4248000000699;980.1775000000134;971.6594000000018;972.2755000000018;972.2755000000018;971.0433000000019;924.3027999999949;972.2755000000018;946.3077999999964;980.1775000000134;
6749.918346838816;984.4328000000866;980.1774000000134;948.0681999999965;949.8285999999966;990.4080000000533;980.0894000000135;987.4248000000699;980.1775000000134;971.6594000000018;972.2755000000018;972.2755000000018;971.0433000000019;924.3027999999949;972.2755000000018;946.3077999999964;980.1775000000134;
6749.918346838816;984.4328000000866;980.0894000000135;948.0681999999965;949.8285999999966;990.4080000000533;980.0894000000135;987.4248000000699;980.1775000000134;971.6594000000018;972.2755000000018;972.2755000000018;971.0433000000019;924.3027999999949;972.2755000000018;946.3077999999964;980.1775000000134;
6749.923662838816;984.4240000000866;980.0894000000135;948.0681999999965;949.8285999999966;990.4080000000533;980.0894000000135;987.4248000000699;980.1775000000134;971.6594000000018;972.2755000000018;972.2755000000018;971.0433000000019;924.3027999999949;972.2755000000018;946.3077999999964;980.1775000000134;
6749.942815672767;984.4240000000866;980.0894000000135;948.0681999999965;949.8285999999966;990.4080000000533;980.0894000000135;987.4248000000699;980.1774000000134;971.6594000000018;972.2755000000018;972.2755000000018;971.0433000000019;924.3027999999949;972.2755000000018;946.3077999999964;980.1775000000134;
6750.177799226003;984.4064000000867;980.0894000000135;948.0681999999965;949.3884999999966;990.3816000000535;980.0894000000135;987.41600000007;980.0894000000135;971.6594000000018;971.6594000000018;972.2754000000018;971.0433000000019;924.3027999999949;971.6594000000018;946.3077999999964;980.0894000000135;
6750.962043929686;984.3976000000868;980.0894000000135;948.0681999999965;949.3884999999966;990.3640000000536;980.0894000000135;987.40720000007;980.0894000000135;971.6594000000018;971.6594000000018;971.6594000000018;971.0433000000019;924.3027999999949;971.6594000000018;945.8676999999964;980.0894000000135;
6751.773058150235;984.3976000000868;980.0894000000135;948.0681999999965;949.3884999999966;990.3552000000536;980.0894000000135;987.3984000000701;980.0894000000135;971.6594000000018;971.6594000000018;971.6594000000018;971.0433000000019;924.3027999999949;971.6594000000018;945.8676999999964;980.0894000000135;
6752.773062926571;984.3888000000868;980.0894000000135;948.0681999999965;949.3884999999966;990.3464000000537;980.0894000000135;987.3808000000702;980.0894000000135;971.6594000000018;971.6594000000018;971.6594000000018;971.0433000000019;924.3027999999949;971.6594000000018;945.8676999999964;980.0894000000135;
6752.9620236356395;984.3800000000869;980.0894000000135;948.0681999999965;949.3884999999966;990.3464000000537;980.0894000000135;987.3720000000702;980.0894000000135;971.6594000000018;971.6594000000018;971.6594000000018;971.0433000000019;924.3027999999949;971.6594000000018;945.8676999999964;980.0894000000135;
6753.773067702908;984.3800000000869;980.0894000000135;948.0681999999965;949.3884999999966;990.3376000000537;980.0894000000135;987.3632000000703;980.0894000000135;971.6594000000018;971.6594000000018;971.6594000000018;971.0433000000019;924.3027999999949;971.6594000000018;945.8676999999964;980.0894000000135;
6754.773072479245;984.3712000000869;980.0894000000135;948.0681999999965;949.3884999999966;990.3376000000537;980.0894000000135;987.3544000000703;980.0894000000135;971.6594000000018;971.6594000000018;971.6594000000018;971.0433000000019;924.3027999999949;971.6594000000018;945.8676999999964;980.0894000000135;
6754.999999999897;984.3712000000869;980.0894000000135;948.0681999999965;949.3884999999966;990.3376000000537;980.0894000000135;987.3544000000703;980.0894000000135;971.6594000000018;971.6594000000018;971.6594000000018;971.0433000000019;924.3027999999949;971.6594000000018;945.8676999999964;980.0894000000135;
6755.999999999897;984.3712000000869;980.0894000000135;948.0681999999965;949.3884999999966;990.3376000000537;980.0894000000135;987.3544000000703;980.0894000000135;971.6594000000018;971.6594000000018;971.6594000000018;971.0433000000019;924.3027999999949;971.6594000000018;945.8676999999964;980.0894000000135;
6756.999999999897;984.3712000000869;980.0894000000135;948.0681999999965;949.3884999999966;990.3376000000537;980.0894000000135;987.3544000000703;980.0894000000135;971.6594000000018;971.6594000000018;971.6594000000018;971.0433000000019;924.3027999999949;971.6594000000018;945.8676999999964;980.0894000000135;
6757.999999999897;984.3712000000869;980.0894000000135;948.0681999999965;949.3884999999966;990.3376000000537;980.0894000000135;987.3544000000703;980.0894000000135;971.6594000000018;971.6594000000018;971.6594000000018;971.0433000000019;924.3027999999949;971.6594000000018;945.8676999999964;980.0894000000135;
6758.999999999897;984.3712000000869;980.0894000000135;948.0681999999965;949.3884999999966;990.3376000000537;980.0894000000135;987.3544000000703;980.0894000000135;971.6594000000018;971.6594000000018;971.6594000000018;971.0433000000019;924.3027999999949;971.6594000000018;945.8676999999964;980.0894000000135;
6759.999999999897;984.3712000000869;980.0894000000135;948.0681999999965;949.3884999999966;990.3376000000537;980.0894000000135;987.3544000000703;980.0894000000135;971.6594000000018;971.6594000000018;971.6594000000018;971.0433000000019;924.3027999999949;971.6594000000018;945.8676999999964;980.0894000000135;
6760.999999999897;984.3712000000869;980.0894000000135;948.0681999999965;949.3884999999966;990.3376000000537;980.0894000000135;987.3544000000703;980.0894000000135;971.6594000000018;971.6594000000018;971.6594000000018;971.0433000000019;924.3027999999949;971.6594000000018;945.8676999999964;980.0894000000135;
6761.999999999897;984.3712000000869;980.0894000000135;948.0681999999965;949.3884999999966;990.3376000000537;980.0894000000135;987.3544000000703;980.0894000000135;971.6594000000018;971.6594000000018;971.6594000000018;971.0433000000019;924.3027999999949;971.6594000000018;945.8676999999964;980.0894000000135;
6762.999999999897;984.3712000000869;980.0894000000135;948.0681999999965;949.3884999999966;990.3376000000537;980.0894000000135;987.3544000000703;980.0894000000135;971.6594000000018;971.6594000000018;971.6594000000018;971.0433000000019;924.3027999999949;971.6594000000018;945.8676999999964;980.0894000000135;
6763.999999999897;984.3712000000869;980.0894000000135;948.0681999999965;949.3884999999966;990.3376000000537;980.0894000000135;987.3544000000703;980.0894000000135;971.6594000000018;971.6594000000018;971.6594000000018;971.0433000000019;924.3027999999949;971.6594000000018;945.8676999999964;980.0894000000135;
6764.999999999897;984.3712000000869;980.0894000000135;948.0681999999965;949.3884999999966;990.3376000000537;980.0894000000135;987.3544000000703;980.0894000000135;971.6594000000018;971.6594000000018;971.6594000000018;971.0433000000019;924.3027999999949;971.6594000000018;945.8676999999964;980.0894000000135;
6765.999999999897;984.3712000000869;980.0894000000135;948.0681999999965;949.3884999999966;990.3376000000537;980.0894000000135;987.3544000000703;980.0894000000135;971.6594000000018;971.6594000000018;971.6594000000018;971.0433000000019;924.3027999999949;971.6594000000018;945.8676999999964;980.0894000000135;
6766.999999999897;984.3712000000869;980.0894000000135;948.0681999999965;949.3884999999966;990.3376000000537;980.0894000000135;987.3544000000703;980.0894000000135;971.6594000000018;971.6594000000018;971.6594000000018;971.0433000000019;924.3027999999949;971.6594000000018;945.8676999999964;980.0894000000135;
6767.999999999897;984.3712000000869;980.0894000000135;948.0681999999965;949.3884999999966;990.3376000000537;980.0894000000135;987.3544000000703;980.0894000000135;971.6594000000018;971.6594000000018;971.6594000000018;971.0433000000019;924.3027999999949;971.6594000000018;945.8676999999964;980.0894000000135;
6768.999999999897;984.3712000000869;980.0894000000135;948.0681999999965;949.3884999999966;990.3376000000537;980.0894000000135;987.3544000000703;980.0894000000135;971.6594000000018;971.6594000000018;971.6594000000018;971.0433000000019;924.3027999999949;971.6594000000018;945.8676999999964;980.0894000000135;
6769.999999999897;984.3712000000869;980.0894000000135;948.0681999999965;949.3884999999966;990.3376000000537;980.0894000000135;987.3544000000703;980.0894000000135;971.6594000000018;971.6594000000018;971.6594000000018;971.0433000000019;924.3027999999949;971.6594000000018;945.8676999999964;980.0894000000135;
6770.999999999897;984.3712000000869;980.0894000000135;948.0681999999965;949.3884999999966;990.3376000000537;980.0894000000135;987.3544000000703;980.0894000000135;971.6594000000018;971.6594000000018;971.6594000000018;971.0433000000019;924.3027999999949;971.6594000000018;945.8676999999964;980.0894000000135;
6771.999999999897;984.3712000000869;980.0894000000135;948.0681999999965;949.3884999999966;990.3376000000537;980.0894000000135;987.3544000000703;980.0894000000135;971.6594000000018;971.6594000000018;971.6594000000018;971.0433000000019;924.3027999999949;971.6594000000018;945.8676999999964;980.0894000000135;
6772.999999999897;984.3712000000869;980.0894000000135;948.0681999999965;949.3884999999966;990.3376000000537;980.0894000000135;987.3544000000703;980.0894000000135;971.6594000000018;971.6594000000018;971.6594000000018;971.0433000000019;924.3027999999949;971.6594000000018;945.8676999999964;980.0894000000135;
6773.999999999897;984.3712000000869;980.0894000000135;948.0681999999965;949.3884999999966;990.3376000000537;980.0894000000135;987.3544000000703;980.0894000000135;971.6594000000018;971.6594000000018;971.6594000000018;971.0433000000019;924.3027999999949;971.6594000000018;945.8676999999964;980.0894000000135;
6774.999999999897;984.3712000000869;980.0894000000135;948.0681999999965;949.3884999999966;990.3376000000537;980.0894000000135;987.3544000000703;980.0894000000135;971.6594000000018;971.6594000000018;971.6594000000018;971.0433000000019;924.3027999999949;971.6594000000018;945.8676999999964;980.0894000000135;
6775.999999999897;984.3712000000869;980.0894000000135;948.0681999999965;949.3884999999966;990.3376000000537;980.0894000000135;987.3544000000703;980.0894000000135;971.6594000000018;971.6594000000018;971.6594000000018;971.0433000000019;924.3027999999949;971.6594000000018;945.8676999999964;980.0894000000135;
6776.999999999897;984.3712000000869;980.0894000000135;948.0681999999965;949.3884999999966;990.3376000000537;980.0894000000135;987.3544000000703;980.0894000000135;971.6594000000018;971.6594000000018;971.6594000000018;971.0433000000019;924.3027999999949;971.6594000000018;945.8676999999964;980.0894000000135;
6777.999999999897;984.3712000000869;980.0894000000135;948.0681999999965;949.3884999999966;990.3376000000537;980.0894000000135;987.3544000000703;980.0894000000135;971.6594000000018;971.6594000000018;971.6594000000018;971.0433000000019;924.3027999999949;971.6594000000018;945.8676999999964;980.0894000000135;
6778.999999999897;984.3712000000869;980.0894000000135;948.0681999999965;949.3884999999966;990.3376000000537;980.0894000000135;987.3544000000703;980.0894000000135;971.6594000000018;971.6594000000018;971.6594000000018;971.0433000000019;924.3027999999949;971.6594000000018;945.8676999999964;980.0894000000135;
6779.7637281589095;984.3712000000869;980.0894000000135;948.0681999999965;949.3884999999966;990.3376000000537;980.0894000000135;987.3544000000703;980.0894000000135;971.6594000000018;971.6594000000018;971.6594000000018;971.0433000000019;924.302699999995;971.6594000000018;945.8676999999964;980.0894000000135;
6779.7637281589095;984.3712000000869;980.0894000000135;948.0681999999965;949.3884999999966;990.3376000000537;980.0894000000135;987.3544000000703;980.0894000000135;971.6594000000018;971.6594000000018;971.6594000000018;971.0433000000019;923.8626999999949;971.6594000000018;945.8676999999964;980.0894000000135;
6779.769044158909;984.3712000000869;980.0894000000135;948.0681999999965;949.3884999999966;990.3288000000538;980.0894000000135;987.3544000000703;980.0894000000135;971.6594000000018;971.6594000000018;971.6594000000018;971.0433000000019;923.8626999999949;971.6594000000018;945.8676999999964;980.0894000000135;
6779.769044158909;984.3712000000869;980.0894000000135;948.0681999999965;949.3884999999966;990.3200000000538;980.0894000000135;987.3544000000703;980.0894000000135;971.6594000000018;971.6594000000018;971.6594000000018;971.0433000000019;923.8626999999949;971.6594000000018;945.8676999999964;980.0894000000135;
6779.769099083363;984.3712000000869;980.0894000000135;948.0681999999965;949.3884999999966;990.3200000000538;980.0893000000135;987.3544000000703;980.0894000000135;971.6594000000018;971.6594000000018;971.6594000000018;971.0433000000019;923.8626999999949;971.6594000000018;945.8676999999964;980.0894000000135;
6779.769099083363;984.3712000000869;980.0894000000135;948.0681999999965;949.3884999999966;990.3200000000538;980.0013000000135;987.3544000000703;980.0894000000135;971.6594000000018;971.6594000000018;971.6594000000018;971.0433000000019;923.8626999999949;971.6594000000018;945.8676999999964;980.0894000000135;
6779.77436015891;984.3712000000869;980.0894000000135;948.0681999999965;949.3884999999966;990.3200000000538;980.0013000000135;987.3456000000704;980.0894000000135;971.6594000000018;971.6594000000018;971.6594000000018;971.0433000000019;923.8626999999949;971.6594000000018;945.8676999999964;980.0894000000135;
6779.774415083363;984.362400000087;980.0894000000135;948.0681999999965;949.3884999999966;990.3200000000538;980.0013000000135;987.3456000000704;980.0894000000135;971.6594000000018;971.6594000000018;971.6594000000018;971.0433000000019;923.8626999999949;971.6594000000018;945.8676999999964;980.0894000000135;
6779.774415083363;984.353600000087;980.0894000000135;948.0681999999965;949.3884999999966;990.3200000000538;980.0013000000135;987.3456000000704;980.0894000000135;971.6594000000018;971.6594000000018;971.6594000000018;971.0433000000019;923.8626999999949;971.6594000000018;945.8676999999964;980.0894000000135;
6779.779731083363;984.353600000087;980.0894000000135;948.0681999999965;949.3884999999966;990.3200000000538;980.0013000000135;987.3368000000704;980.0894000000135;971.6594000000018;971.6594000000018;971.6594000000018;971.0433000000019;923.8626999999949;971.6594000000018;945.8676999999964;980.0894000000135;
6779.804293315574;984.353600000087;980.0894000000135;948.0680999999965;949.3884999999966;990.3200000000538;980.0013000000135;987.3368000000704;980.0894000000135;971.6594000000018;971.6594000000018;971.6594000000018;971.0433000000019;923.8626999999949;971.6594000000018;945.8676999999964;980.0894000000135;
6780.769034011888;984.3272000000871;980.0013000000135;947.6280999999965;949.3884999999966;990.3200000000538;980.0013000000135;987.3368000000704;980.0013000000135;971.6594000000018;971.6594000000018;971.6594000000018;971.0433000000019;923.8626999999949;971.6594000000018;945.8676999999964;980.0013000000135;
6780.999999999897;984.3184000000872;980.0013000000135;947.6280999999965;949.3884999999966;990.3200000000538;980.0013000000135;987.3280000000705;980.0013000000135;971.6594000000018;971.6594000000018;971.6594000000018;971.0433000000019;923.8626999999949;971.6594000000018;945.8676999999964;980.0013000000135;
6781.774424636037;984.3184000000872;980.0013000000135;947.6280999999965;949.3884999999966;990.3200000000538;980.0013000000135;987.3280000000705;980.0013000000135;971.6594000000018;971.6594000000018;971.6594000000018;971.0433000000019;923.8626999999949;971.6594000000018;945.8676999999964;980.0013000000135;
6782.774429412374;984.3096000000872;980.0013000000135;947.6280999999965;949.3884999999966;990.3200000000538;980.0013000000135;987.3192000000705;980.0013000000135;971.6594000000018;971.6594000000018;971.6594000000018;971.0433000000019;923.8626999999949;971.6594000000018;945.8676999999964;980.0013000000135;
6782.999999999896;984.3008000000873;980.0013000000135;947.6280999999965;949.3884999999966;990.3200000000538;980.0013000000135;987.3104000000706;980.0013000000135;971.6594000000018;971.6594000000018;971.6594000000018;971.0433000000019;923.8626999999949;971.6594000000018;945.8676999999964;980.0013000000135;
6783.774434188711;984.3008000000873;980.0013000000135;947.6280999999965;949.3884999999966;990.3200000000538;980.0013000000135;987.3104000000706;980.0013000000135;971.6594000000018;971.6594000000018;971.6594000000018;971.0433000000019;923.8626999999949;971.6594000000018;945.8676999999964;980.0013000000135;
6784.999999999896;984.3008000000873;980.0013000000135;947.6280999999965;949.3884999999966;990.3200000000538;980.0013000000135;987.3104000000706;980.0013000000135;971.6594000000018;971.6594000000018;971.6594000000018;971.0433000000019;923.8626999999949;971.6594000000018;945.8676999999964;980.0013000000135;
6785.999999999896;984.3008000000873;980.0013000000135;947.6280999999965;949.3884999999966;990.3200000000538;980.0013000000135;987.3104000000706;980.0013000000135;971.6594000000018;971.6594000000018;971.6594000000018;971.0433000000019;923.8626999999949;971.6594000000018;945.8676999999964;980.0013000000135;
6786.999999999896;984.3008000000873;980.0013000000135;947.6280999999965;949.3884999999966;990.3200000000538;980.0013000000135;987.3104000000706;980.0013000000135;971.6594000000018;971.6594000000018;971.6594000000018;971.0433000000019;923.8626999999949;971.6594000000018;945.8676999999964;980.0013000000135;
6787.999999999896;984.3008000000873;980.0013000000135;947.6280999999965;949.3884999999966;990.3200000000538;980.0013000000135;987.3104000000706;980.0013000000135;971.6594000000018;971.6594000000018;971.6594000000018;971.0433000000019;923.8626999999949;971.6594000000018;945.8676999999964;980.0013000000135;
6788.999999999896;984.3008000000873;980.0013000000135;947.6280999999965;949.3884999999966;990.3200000000538;980.0013000000135;987.3104000000706;980.0013000000135;971.6594000000018;971.6594000000018;971.6594000000018;971.0433000000019;923.8626999999949;971.6594000000018;945.8676999999964;980.0013000000135;
6789.999999999896;984.3008000000873;980.0013000000135;947.6280999999965;949.3884999999966;990.3200000000538;980.0013000000135;987.3104000000706;980.0013000000135;971.6594000000018;971.6594000000018;971.6594000000018;971.0433000000019;923.8626999999949;971.6594000000018;945.8676999999964;980.0013000000135;
6790.999999999896;984.3008000000873;980.0013000000135;947.6280999999965;949.3884999999966;990.3200000000538;980.0013000000135;987.3104000000706;980.0013000000135;971.6594000000018;971.6594000000018;971.6594000000018;971.0433000000019;923.8626999999949;971.6594000000018;945.8676999999964;980.0013000000135;
6791.999999999896;984.3008000000873;980.0013000000135;947.6280999999965;949.3884999999966;990.3200000000538;980.0013000000135;987.3104000000706;980.0013000000135;971.6594000000018;971.6594000000018;971.6594000000018;971.0433000000019;923.8626999999949;971.6594000000018;945.8676999999964;980.0013000000135;
6792.999999999896;984.3008000000873;980.0013000000135;947.6280999999965;949.3884999999966;990.3200000000538;980.0013000000135;987.3104000000706;980.0013000000135;971.6594000000018;971.6594000000018;971.6594000000018;971.0433000000019;923.8626999999949;971.6594000000018;945.8676999999964;980.0013000000135;
6793.999999999896;984.3008000000873;980.0013000000135;947.6280999999965;949.3884999999966;990.3200000000538;980.0013000000135;987.3104000000706;980.0013000000135;971.6594000000018;971.6594000000018;971.6594000000018;971.0433000000019;923.8626999999949;971.6594000000018;945.8676999999964;980.0013000000135;
6794.999999999896;984.3008000000873;980.0013000000135;947.6280999999965;949.3884999999966;990.3200000000538;980.0013000000135;987.3104000000706;980.0013000000135;971.6594000000018;971.6594000000018;971.6594000000018;971.0433000000019;923.8626999999949;971.6594000000018;945.8676999999964;980.0013000000135;
6795.999999999896;984.3008000000873;980.0013000000135;947.6280999999965;949.3884999999966;990.3200000000538;980.0013000000135;987.3104000000706;980.0013000000135;971.6594000000018;971.6594000000018;971.6594000000018;971.0433000000019;923.8626999999949;971.6594000000018;945.8676999999964;980.0013000000135;
6796.999999999896;984.3008000000873;980.0013000000135;947.6280999999965;949.3884999999966;990.3200000000538;980.0013000000135;987.3104000000706;980.0013000000135;971.6594000000018;971.6594000000018;971.6594000000018;971.0433000000019;923.8626999999949;971.6594000000018;945.8676999999964;980.0013000000135;
6797.999999999896;984.3008000000873;980.0013000000135;947.6280999999965;949.3884999999966;990.3200000000538;980.0013000000135;987.3104000000706;980.0013000000135;971.6594000000018;971.6594000000018;971.6594000000018;971.0433000000019;923.8626999999949;971.6594000000018;945.8676999999964;980.0013000000135;
6798.999999999896;984.3008000000873;980.0013000000135;947.6280999999965;949.3884999999966;990.3200000000538;980.0013000000135;987.3104000000706;980.0013000000135;971.6594000000018;971.6594000000018;971.6594000000018;971.0433000000019;923.8626999999949;971.6594000000018;945.8676999999964;980.0013000000135;
6799.999999999896;984.3008000000873;980.0013000000135;947.6280999999965;949.3884999999966;990.3200000000538;980.0013000000135;987.3104000000706;980.0013000000135;971.6594000000018;971.6594000000018;971.6594000000018;971.0433000000019;923.8626999999949;971.6594000000018;945.8676999999964;980.0013000000135;
6800.999999999896;984.3008000000873;980.0013000000135;947.6280999999965;949.3884999999966;990.3200000000538;980.0013000000135;987.3104000000706;980.0013000000135;971.6594000000018;971.6594000000018;971.6594000000018;971.0433000000019;923.8626999999949;971.6594000000018;945.8676999999964;980.0013000000135;
6801.999999999896;984.3008000000873;980.0013000000135;947.6280999999965;949.3884999999966;990.3200000000538;980.0013000000135;987.3104000000706;980.0013000000135;971.6594000000018;971.6594000000018;971.6594000000018;971.0433000000019;923.8626999999949;971.6594000000018;945.8676999999964;980.0013000000135;
6802.999999999896;984.3008000000873;980.0013000000135;947.6280999999965;949.3884999999966;990.3200000000538;980.0013000000135;987.3104000000706;980.0013000000135;971.6594000000018;971.6594000000018;971.6594000000018;971.0433000000019;923.8626999999949;971.6594000000018;945.8676999999964;980.0013000000135;
6803.999999999896;984.3008000000873;980.0013000000135;947.6280999999965;949.3884999999966;990.3200000000538;980.0013000000135;987.3104000000706;980.0013000000135;971.6594000000018;971.6594000000018;971.6594000000018;971.0433000000019;923.8626999999949;971.6594000000018;945.8676999999964;980.0013000000135;
6804.999999999896;984.3008000000873;980.0013000000135;947.6280999999965;949.3884999999966;990.3200000000538;980.0013000000135;987.3104000000706;980.0013000000135;971.6594000000018;971.6594000000018;971.6594000000018;971.0433000000019;923.8626999999949;971.6594000000018;945.8676999999964;980.0013000000135;
6805.999999999896;984.3008000000873;980.0013000000135;947.6280999999965;949.3884999999966;990.3200000000538;980.0013000000135;987.3104000000706;980.0013000000135;971.6594000000018;971.6594000000018;971.6594000000018;971.0433000000019;923.8626999999949;971.6594000000018;945.8676999999964;980.0013000000135;
6806.999999999896;984.3008000000873;980.0013000000135;947.6280999999965;949.3884999999966;990.3200000000538;980.0013000000135;987.3104000000706;980.0013000000135;971.6594000000018;971.6594000000018;971.6594000000018;971.0433000000019;923.8626999999949;971.6594000000018;945.8676999999964;980.0013000000135;
6807.999999999896;984.3008000000873;980.0013000000135;947.6280999999965;949.3884999999966;990.3200000000538;980.0013000000135;987.3104000000706;980.0013000000135;971.6594000000018;971.6594000000018;971.6594000000018;971.0433000000019;923.8626999999949;971.6594000000018;945.8676999999964;980.0013000000135;
6808.999999999896;984.3008000000873;980.0013000000135;947.6280999999965;949.3884999999966;990.3200000000538;980.0013000000135;987.3104000000706;980.0013000000135;971.6594000000018;971.6594000000018;971.6594000000018;971.0433000000019;923.8626999999949;971.6594000000018;945.8676999999964;980.0013000000135;
6809.76200054878;984.3008000000873;980.0013000000135;947.6280999999965;949.3884999999966;990.3200000000538;980.0013000000135;987.3104000000706;980.0013000000135;971.6594000000018;971.6594000000018;971.6594000000018;971.0433000000019;923.8625999999949;971.6594000000018;945.8676999999964;980.0013000000135;
6809.76200054878;984.3008000000873;980.0013000000135;947.6280999999965;949.3884999999966;990.3200000000538;980.0013000000135;987.3104000000706;980.0013000000135;971.6594000000018;971.6594000000018;971.6594000000018;971.0433000000019;923.4225999999949;971.6594000000018;945.8676999999964;980.0013000000135;
6809.7673165487795;984.3008000000873;980.0013000000135;947.6280999999965;949.3884999999966;990.3112000000539;980.0013000000135;987.3104000000706;980.0013000000135;971.6594000000018;971.6594000000018;971.6594000000018;971.0433000000019;923.4225999999949;971.6594000000018;945.8676999999964;980.0013000000135;
6809.7673165487795;984.3008000000873;980.0013000000135;947.6280999999965;949.3884999999966;990.3024000000539;980.0013000000135;987.3104000000706;980.0013000000135;971.6594000000018;971.6594000000018;971.6594000000018;971.0433000000019;923.4225999999949;971.6594000000018;945.8676999999964;980.0013000000135;
6809.769071821095;984.3008000000873;980.0013000000135;947.6280999999965;949.3884999999966;990.3024000000539;980.0012000000136;987.3104000000706;980.0013000000135;971.6594000000018;971.6594000000018;971.6594000000018;971.0433000000019;923.4225999999949;971.6594000000018;945.8676999999964;980.0013000000135;
6809.769071821095;984.3008000000873;980.0013000000135;947.6280999999965;949.3884999999966;990.3024000000539;979.9132000000136;987.3104000000706;980.0013000000135;971.6594000000018;971.6594000000018;971.6594000000018;971.0433000000019;923.4225999999949;971.6594000000018;945.8676999999964;980.0013000000135;
6809.772632548779;984.3008000000873;980.0013000000135;947.6280999999965;949.3884999999966;990.3024000000539;979.9132000000136;987.3016000000706;980.0013000000135;971.6594000000018;971.6594000000018;971.6594000000018;971.0433000000019;923.4225999999949;971.6594000000018;945.8676999999964;980.0013000000135;
6809.774387821095;984.2920000000873;980.0013000000135;947.6280999999965;949.3884999999966;990.3024000000539;979.9132000000136;987.3016000000706;980.0013000000135;971.6594000000018;971.6594000000018;971.6594000000018;971.0433000000019;923.4225999999949;971.6594000000018;945.8676999999964;980.0013000000135;
6809.774387821095;984.2832000000874;980.0013000000135;947.6280999999965;949.3884999999966;990.3024000000539;979.9132000000136;987.3016000000706;980.0013000000135;971.6594000000018;971.6594000000018;971.6594000000018;971.0433000000019;923.4225999999949;971.6594000000018;945.8676999999964;980.0013000000135;
6809.779703821095;984.2832000000874;980.0013000000135;947.6280999999965;949.3884999999966;990.3024000000539;979.9132000000136;987.2928000000707;980.0013000000135;971.6594000000018;971.6594000000018;971.6594000000018;971.0433000000019;923.4225999999949;971.6594000000018;945.8676999999964;980.0013000000135;
6809.804297032644;984.2832000000874;980.0013000000135;947.6279999999965;949.3884999999966;990.3024000000539;979.9132000000136;987.2928000000707;980.0013000000135;971.6594000000018;971.6594000000018;971.6594000000018;971.0433000000019;923.4225999999949;971.6594000000018;945.8676999999964;980.0013000000135;
6809.804297032644;984.2832000000874;980.0013000000135;947.1879999999965;949.3884999999966;990.3024000000539;979.9132000000136;987.2928000000707;980.0013000000135;971.6594000000018;971.6594000000018;971.6594000000018;971.0433000000019;923.4225999999949;971.6594000000018;945.8676999999964;980.0013000000135;
6810.767306401755;984.2568000000875;979.9132000000136;947.1879999999965;948.9483999999966;990.284800000054;979.9132000000136;987.2928000000707;979.9132000000136;971.6594000000018;971.6594000000018;971.6594000000018;971.0433000000019;923.4225999999949;971.6594000000018;945.4275999999963;979.9132000000136;
6810.999999999894;984.2480000000876;979.9132000000136;947.1879999999965;948.9483999999966;990.2760000000541;979.9132000000136;987.2752000000708;979.9132000000136;971.6594000000018;971.6594000000018;971.6594000000018;971.0433000000019;923.4225999999949;971.6594000000018;945.4275999999963;979.9132000000136;
6811.767296254733;984.2480000000876;979.9132000000136;947.1879999999965;948.9483999999966;990.2760000000541;979.9132000000136;987.2752000000708;979.9132000000136;971.6594000000018;971.6594000000018;971.6594000000018;971.0433000000019;923.4225999999949;971.6594000000018;945.4275999999963;979.9132000000136;
6812.76728610771;984.2392000000876;979.9132000000136;947.1879999999965;948.9483999999966;990.2672000000541;979.9132000000136;987.2576000000709;979.9132000000136;971.6594000000018;971.6594000000018;971.6594000000018;971.0433000000019;923.4225999999949;971.6594000000018;945.4275999999963;979.9132000000136;
6813.77440692644;984.2304000000877;979.9132000000136;947.1879999999965;948.9483999999966;990.2672000000541;979.9132000000136;987.2488000000709;979.9132000000136;971.6594000000018;971.6594000000018;971.6594000000018;971.0433000000019;923.4225999999949;971.6594000000018;945.4275999999963;979.9132000000136;
6813.999999999892;984.2304000000877;979.9132000000136;947.1879999999965;948.9483999999966;990.2672000000541;979.9132000000136;987.2488000000709;979.9132000000136;971.6594000000018;971.6594000000018;971.6594000000018;971.0433000000019;923.4225999999949;971.6594000000018;945.4275999999963;979.9132000000136;
6814.999999999892;984.2304000000877;979.9132000000136;947.1879999999965;948.9483999999966;990.2672000000541;979.9132000000136;987.2488000000709;979.9132000000136;971.6594000000018;971.6594000000018;971.6594000000018;971.0433000000019;923.4225999999949;971.6594000000018;945.4275999999963;979.9132000000136;
6815.999999999892;984.2304000000877;979.9132000000136;947.1879999999965;948.9483999999966;990.2672000000541;979.9132000000136;987.2488000000709;979.9132000000136;971.6594000000018;971.6594000000018;971.6594000000018;971.0433000000019;923.4225999999949;971.6594000000018;945.4275999999963;979.9132000000136;
6816.999999999892;984.2304000000877;979.9132000000136;947.1879999999965;948.9483999999966;990.2672000000541;979.9132000000136;987.2488000000709;979.9132000000136;971.6594000000018;971.6594000000018;971.6594000000018;971.0433000000019;923.4225999999949;971.6594000000018;945.4275999999963;979.9132000000136;
6817.999999999892;984.2304000000877;979.9132000000136;947.1879999999965;948.9483999999966;990.2672000000541;979.9132000000136;987.2488000000709;979.9132000000136;971.6594000000018;971.6594000000018;971.6594000000018;971.0433000000019;923.4225999999949;971.6594000000018;945.4275999999963;979.9132000000136;
6818.999999999892;984.2304000000877;979.9132000000136;947.1879999999965;948.9483999999966;990.2672000000541;979.9132000000136;987.2488000000709;979.9132000000136;971.6594000000018;971.6594000000018;971.6594000000018;971.0433000000019;923.4225999999949;971.6594000000018;945.4275999999963;979.9132000000136;
6819.999999999892;984.2304000000877;979.9132000000136;947.1879999999965;948.9483999999966;990.2672000000541;979.9132000000136;987.2488000000709;979.9132000000136;971.6594000000018;971.6594000000018;971.6594000000018;971.0433000000019;923.4225999999949;971.6594000000018;945.4275999999963;979.9132000000136;
6820.999999999892;984.2304000000877;979.9132000000136;947.1879999999965;948.9483999999966;990.2672000000541;979.9132000000136;987.2488000000709;979.9132000000136;971.6594000000018;971.6594000000018;971.6594000000018;971.0433000000019;923.4225999999949;971.6594000000018;945.4275999999963;979.9132000000136;
6821.999999999892;984.2304000000877;979.9132000000136;947.1879999999965;948.9483999999966;990.2672000000541;979.9132000000136;987.2488000000709;979.9132000000136;971.6594000000018;971.6594000000018;971.6594000000018;971.0433000000019;923.4225999999949;971.6594000000018;945.4275999999963;979.9132000000136;
6822.999999999892;984.2304000000877;979.9132000000136;947.1879999999965;948.9483999999966;990.2672000000541;979.9132000000136;987.2488000000709;979.9132000000136;971.6594000000018;971.6594000000018;971.6594000000018;971.0433000000019;923.4225999999949;971.6594000000018;945.4275999999963;979.9132000000136;
6823.999999999892;984.2304000000877;979.9132000000136;947.1879999999965;948.9483999999966;990.2672000000541;979.9132000000136;987.2488000000709;979.9132000000136;971.6594000000018;971.6594000000018;971.6594000000018;971.0433000000019;923.4225999999949;971.6594000000018;945.4275999999963;979.9132000000136;
6824.987793566165;984.2304000000877;979.9132000000136;947.1879999999965;948.9483999999966;990.2672000000541;979.9132000000136;987.2488000000709;979.9132000000136;971.6594000000018;971.6594000000018;971.6594000000018;971.0433000000019;923.4225999999949;971.6593000000018;945.4275999999963;979.9132000000136;
6824.987793566165;984.2304000000877;979.9132000000136;947.1879999999965;948.9483999999966;990.2672000000541;979.9132000000136;987.2488000000709;979.9132000000136;971.6594000000018;971.6594000000018;971.6594000000018;971.0433000000019;923.4225999999949;971.0433000000019;945.4275999999963;979.9132000000136;
6824.993109566165;984.2304000000877;979.9132000000136;947.1879999999965;948.9483999999966;990.2584000000542;979.9132000000136;987.2488000000709;979.9132000000136;971.6594000000018;971.6594000000018;971.6594000000018;971.0433000000019;923.4225999999949;971.0433000000019;945.4275999999963;979.9132000000136;
6824.993109566165;984.2304000000877;979.9132000000136;947.1879999999965;948.9483999999966;990.2496000000542;979.9132000000136;987.2488000000709;979.9132000000136;971.6594000000018;971.6594000000018;971.6594000000018;971.0433000000019;923.4225999999949;971.0433000000019;945.4275999999963;979.9132000000136;
6824.998425566165;984.2304000000877;979.9132000000136;947.1879999999965;948.9483999999966;990.2496000000542;979.9132000000136;987.240000000071;979.9132000000136;971.6594000000018;971.6594000000018;971.6594000000018;971.0433000000019;923.4225999999949;971.0433000000019;945.4275999999963;979.9132000000136;
6824.999999999892;984.2304000000877;979.9132000000136;947.1879999999965;948.9483999999966;990.2496000000542;979.9132000000136;987.240000000071;979.9132000000136;971.6594000000018;971.6594000000018;971.6594000000018;971.0433000000019;923.4225999999949;971.0433000000019;945.4275999999963;979.9132000000136;
6825.993099419143;984.2304000000877;979.9132000000136;947.1879999999965;948.9483999999966;990.2408000000543;979.9132000000136;987.240000000071;979.9132000000136;971.6594000000018;971.6594000000018;971.6594000000018;970.4272000000019;923.4225999999949;971.0433000000019;945.4275999999963;979.9132000000136;
6826.99308927212;984.2304000000877;979.9132000000136;947.1879999999965;948.9483999999966;990.2320000000543;979.9132000000136;987.231200000071;979.9132000000136;971.6594000000018;971.6594000000018;971.6594000000018;970.4272000000019;923.4225999999949;971.0433000000019;945.4275999999963;979.9132000000136;
6827.999999999891;984.2304000000877;979.9132000000136;947.1879999999965;948.9483999999966;990.2320000000543;979.9132000000136;987.231200000071;979.9132000000136;971.6594000000018;971.6594000000018;971.6594000000018;970.4272000000019;923.4225999999949;971.0433000000019;945.4275999999963;979.9132000000136;
6828.999999999891;984.2304000000877;979.9132000000136;947.1879999999965;948.9483999999966;990.2320000000543;979.9132000000136;987.231200000071;979.9132000000136;971.6594000000018;971.6594000000018;971.6594000000018;970.4272000000019;923.4225999999949;971.0433000000019;945.4275999999963;979.9132000000136;
6829.999999999891;984.2304000000877;979.9132000000136;947.1879999999965;948.9483999999966;990.2320000000543;979.9132000000136;987.231200000071;979.9132000000136;971.6594000000018;971.6594000000018;971.6594000000018;970.4272000000019;923.4225999999949;971.0433000000019;945.4275999999963;979.9132000000136;
6830.999999999891;984.2304000000877;979.9132000000136;947.1879999999965;948.9483999999966;990.2320000000543;979.9132000000136;987.231200000071;979.9132000000136;971.6594000000018;971.6594000000018;971.6594000000018;970.4272000000019;923.4225999999949;971.0433000000019;945.4275999999963;979.9132000000136;
6831.999999999891;984.2304000000877;979.9132000000136;947.1879999999965;948.9483999999966;990.2320000000543;979.9132000000136;987.231200000071;979.9132000000136;971.6594000000018;971.6594000000018;971.6594000000018;970.4272000000019;923.4225999999949;971.0433000000019;945.4275999999963;979.9132000000136;
6832.999999999891;984.2304000000877;979.9132000000136;947.1879999999965;948.9483999999966;990.2320000000543;979.9132000000136;987.231200000071;979.9132000000136;971.6594000000018;971.6594000000018;971.6594000000018;970.4272000000019;923.4225999999949;971.0433000000019;945.4275999999963;979.9132000000136;
6833.999999999891;984.2304000000877;979.9132000000136;947.1879999999965;948.9483999999966;990.2320000000543;979.9132000000136;987.231200000071;979.9132000000136;971.6594000000018;971.6594000000018;971.6594000000018;970.4272000000019;923.4225999999949;971.0433000000019;945.4275999999963;979.9132000000136;
6834.999999999891;984.2304000000877;979.9132000000136;947.1879999999965;948.9483999999966;990.2320000000543;979.9132000000136;987.231200000071;979.9132000000136;971.6594000000018;971.6594000000018;971.6594000000018;970.4272000000019;923.4225999999949;971.0433000000019;945.4275999999963;979.9132000000136;
6835.999999999891;984.2304000000877;979.9132000000136;947.1879999999965;948.9483999999966;990.2320000000543;979.9132000000136;987.231200000071;979.9132000000136;971.6594000000018;971.6594000000018;971.6594000000018;970.4272000000019;923.4225999999949;971.0433000000019;945.4275999999963;979.9132000000136;
6836.999999999891;984.2304000000877;979.9132000000136;947.1879999999965;948.9483999999966;990.2320000000543;979.9132000000136;987.231200000071;979.9132000000136;971.6594000000018;971.6594000000018;971.6594000000018;970.4272000000019;923.4225999999949;971.0433000000019;945.4275999999963;979.9132000000136;
6837.999999999891;984.2304000000877;979.9132000000136;947.1879999999965;948.9483999999966;990.2320000000543;979.9132000000136;987.231200000071;979.9132000000136;971.6594000000018;971.6594000000018;971.6594000000018;970.4272000000019;923.4225999999949;971.0433000000019;945.4275999999963;979.9132000000136;
6838.999999999891;984.2304000000877;979.9132000000136;947.1879999999965;948.9483999999966;990.2320000000543;979.9132000000136;987.231200000071;979.9132000000136;971.6594000000018;971.6594000000018;971.6594000000018;970.4272000000019;923.4225999999949;971.0433000000019;945.4275999999963;979.9132000000136;
6839.760272938645;984.2304000000877;979.9132000000136;947.1879999999965;948.9483999999966;990.2320000000543;979.9132000000136;987.231200000071;979.9132000000136;971.6594000000018;971.6594000000018;971.6594000000018;970.4272000000019;923.4224999999949;971.0433000000019;945.4275999999963;979.9132000000136;
6839.760272938645;984.2304000000877;979.9132000000136;947.1879999999965;948.9483999999966;990.2320000000543;979.9132000000136;987.231200000071;979.9132000000136;971.6594000000018;971.6594000000018;971.6594000000018;970.4272000000019;922.9824999999948;971.0433000000019;945.4275999999963;979.9132000000136;
6839.765588938645;984.2304000000877;979.9132000000136;947.1879999999965;948.9483999999966;990.2232000000544;979.9132000000136;987.231200000071;979.9132000000136;971.6594000000018;971.6594000000018;971.6594000000018;970.4272000000019;922.9824999999948;971.0433000000019;945.4275999999963;979.9132000000136;
6839.765588938645;984.2304000000877;979.9132000000136;947.1879999999965;948.9483999999966;990.2144000000544;979.9132000000136;987.231200000071;979.9132000000136;971.6594000000018;971.6594000000018;971.6594000000018;970.4272000000019;922.9824999999948;971.0433000000019;945.4275999999963;979.9132000000136;
6839.769044558823;984.2304000000877;979.9132000000136;947.1879999999965;948.9483999999966;990.2144000000544;979.9131000000136;987.231200000071;979.9132000000136;971.6594000000018;971.6594000000018;971.6594000000018;970.4272000000019;922.9824999999948;971.0433000000019;945.4275999999963;979.9132000000136;
6839.769044558823;984.2304000000877;979.9132000000136;947.1879999999965;948.9483999999966;990.2144000000544;979.8251000000137;987.231200000071;979.9132000000136;971.6594000000018;971.6594000000018;971.6594000000018;970.4272000000019;922.9824999999948;971.0433000000019;945.4275999999963;979.9132000000136;
6839.770904938645;984.2304000000877;979.9132000000136;947.1879999999965;948.9483999999966;990.2144000000544;979.8251000000137;987.222400000071;979.9132000000136;971.6594000000018;971.6594000000018;971.6594000000018;970.4272000000019;922.9824999999948;971.0433000000019;945.4275999999963;979.9132000000136;
6840.765578791622;984.1952000000879;979.8251000000137;947.1879999999965;948.9483999999966;990.2144000000544;979.8251000000137;987.2136000000711;979.8251000000137;971.6594000000018;971.6594000000018;971.6594000000018;970.4272000000019;922.9824999999948;971.0433000000019;945.4275999999963;979.8251000000137;
6841.774370111497;984.1864000000879;979.8251000000137;947.1879999999965;948.9483999999966;990.2144000000544;979.8251000000137;987.2048000000711;979.8251000000137;971.6594000000018;971.6594000000018;971.6594000000018;970.4272000000019;922.9824999999948;971.0433000000019;945.4275999999963;979.8251000000137;
6841.999999999889;984.177600000088;979.8251000000137;947.1879999999965;948.9483999999966;990.2144000000544;979.8251000000137;987.1960000000712;979.8251000000137;971.6594000000018;971.6594000000018;971.6594000000018;970.4272000000019;922.9824999999948;971.0433000000019;945.4275999999963;979.8251000000137;
6842.774374887834;984.177600000088;979.8251000000137;947.1879999999965;948.9483999999966;990.2144000000544;979.8251000000137;987.1960000000712;979.8251000000137;971.6594000000018;971.6594000000018;971.6594000000018;970.4272000000019;922.9824999999948;971.0433000000019;945.4275999999963;979.8251000000137;
6843.999999999889;984.177600000088;979.8251000000137;947.1879999999965;948.9483999999966;990.2144000000544;979.8251000000137;987.1960000000712;979.8251000000137;971.6594000000018;971.6594000000018;971.6594000000018;970.4272000000019;922.9824999999948;971.0433000000019;945.4275999999963;979.8251000000137;
6844.999999999889;984.177600000088;979.8251000000137;947.1879999999965;948.9483999999966;990.2144000000544;979.8251000000137;987.1960000000712;979.8251000000137;971.6594000000018;971.6594000000018;971.6594000000018;970.4272000000019;922.9824999999948;971.0433000000019;945.4275999999963;979.8251000000137;
6845.999999999889;984.177600000088;979.8251000000137;947.1879999999965;948.9483999999966;990.2144000000544;979.8251000000137;987.1960000000712;979.8251000000137;971.6594000000018;971.6594000000018;971.6594000000018;970.4272000000019;922.9824999999948;971.0433000000019;945.4275999999963;979.8251000000137;
6846.999999999889;984.177600000088;979.8251000000137;947.1879999999965;948.9483999999966;990.2144000000544;979.8251000000137;987.1960000000712;979.8251000000137;971.6594000000018;971.6594000000018;971.6594000000018;970.4272000000019;922.9824999999948;971.0433000000019;945.4275999999963;979.8251000000137;
6847.999999999889;984.177600000088;979.8251000000137;947.1879999999965;948.9483999999966;990.2144000000544;979.8251000000137;987.1960000000712;979.8251000000137;971.6594000000018;971.6594000000018;971.6594000000018;970.4272000000019;922.9824999999948;971.0433000000019;945.4275999999963;979.8251000000137;
6848.999999999889;984.177600000088;979.8251000000137;947.1879999999965;948.9483999999966;990.2144000000544;979.8251000000137;987.1960000000712;979.8251000000137;971.6594000000018;971.6594000000018;971.6594000000018;970.4272000000019;922.9824999999948;971.0433000000019;945.4275999999963;979.8251000000137;
6849.999999999889;984.177600000088;979.8251000000137;947.1879999999965;948.9483999999966;990.2144000000544;979.8251000000137;987.1960000000712;979.8251000000137;971.6594000000018;971.6594000000018;971.6594000000018;970.4272000000019;922.9824999999948;971.0433000000019;945.4275999999963;979.8251000000137;
6850.999999999889;984.177600000088;979.8251000000137;947.1879999999965;948.9483999999966;990.2144000000544;979.8251000000137;987.1960000000712;979.8251000000137;971.6594000000018;971.6594000000018;971.6594000000018;970.4272000000019;922.9824999999948;971.0433000000019;945.4275999999963;979.8251000000137;
6851.999999999889;984.177600000088;979.8251000000137;947.1879999999965;948.9483999999966;990.2144000000544;979.8251000000137;987.1960000000712;979.8251000000137;971.6594000000018;971.6594000000018;971.6594000000018;970.4272000000019;922.9824999999948;971.0433000000019;945.4275999999963;979.8251000000137;
6852.999999999889;984.177600000088;979.8251000000137;947.1879999999965;948.9483999999966;990.2144000000544;979.8251000000137;987.1960000000712;979.8251000000137;971.6594000000018;971.6594000000018;971.6594000000018;970.4272000000019;922.9824999999948;971.0433000000019;945.4275999999963;979.8251000000137;
6853.999999999889;984.177600000088;979.8251000000137;947.1879999999965;948.9483999999966;990.2144000000544;979.8251000000137;987.1960000000712;979.8251000000137;971.6594000000018;971.6594000000018;971.6594000000018;970.4272000000019;922.9824999999948;971.0433000000019;945.4275999999963;979.8251000000137;
6854.999999999889;984.177600000088;979.8251000000137;947.1879999999965;948.9483999999966;990.2144000000544;979.8251000000137;987.1960000000712;979.8251000000137;971.6594000000018;971.6594000000018;971.6594000000018;970.4272000000019;922.9824999999948;971.0433000000019;945.4275999999963;979.8251000000137;
6855.999999999889;984.177600000088;979.8251000000137;947.1879999999965;948.9483999999966;990.2144000000544;979.8251000000137;987.1960000000712;979.8251000000137;971.6594000000018;971.6594000000018;971.6594000000018;970.4272000000019;922.9824999999948;971.0433000000019;945.4275999999963;979.8251000000137;
6856.999999999889;984.177600000088;979.8251000000137;947.1879999999965;948.9483999999966;990.2144000000544;979.8251000000137;987.1960000000712;979.8251000000137;971.6594000000018;971.6594000000018;971.6594000000018;970.4272000000019;922.9824999999948;971.0433000000019;945.4275999999963;979.8251000000137;
6857.999999999889;984.177600000088;979.8251000000137;947.1879999999965;948.9483999999966;990.2144000000544;979.8251000000137;987.1960000000712;979.8251000000137;971.6594000000018;971.6594000000018;971.6594000000018;970.4272000000019;922.9824999999948;971.0433000000019;945.4275999999963;979.8251000000137;
6858.999999999889;984.177600000088;979.8251000000137;947.1879999999965;948.9483999999966;990.2144000000544;979.8251000000137;987.1960000000712;979.8251000000137;971.6594000000018;971.6594000000018;971.6594000000018;970.4272000000019;922.9824999999948;971.0433000000019;945.4275999999963;979.8251000000137;
6859.999999999889;984.177600000088;979.8251000000137;947.1879999999965;948.9483999999966;990.2144000000544;979.8251000000137;987.1960000000712;979.8251000000137;971.6594000000018;971.6594000000018;971.6594000000018;970.4272000000019;922.9824999999948;971.0433000000019;945.4275999999963;979.8251000000137;
6860.999999999889;984.177600000088;979.8251000000137;947.1879999999965;948.9483999999966;990.2144000000544;979.8251000000137;987.1960000000712;979.8251000000137;971.6594000000018;971.6594000000018;971.6594000000018;970.4272000000019;922.9824999999948;971.0433000000019;945.4275999999963;979.8251000000137;
6861.999999999889;984.177600000088;979.8251000000137;947.1879999999965;948.9483999999966;990.2144000000544;979.8251000000137;987.1960000000712;979.8251000000137;971.6594000000018;971.6594000000018;971.6594000000018;970.4272000000019;922.9824999999948;971.0433000000019;945.4275999999963;979.8251000000137;
6862.999999999889;984.177600000088;979.8251000000137;947.1879999999965;948.9483999999966;990.2144000000544;979.8251000000137;987.1960000000712;979.8251000000137;971.6594000000018;971.6594000000018;971.6594000000018;970.4272000000019;922.9824999999948;971.0433000000019;945.4275999999963;979.8251000000137;
6863.999999999889;984.177600000088;979.8251000000137;947.1879999999965;948.9483999999966;990.2144000000544;979.8251000000137;987.1960000000712;979.8251000000137;971.6594000000018;971.6594000000018;971.6594000000018;970.4272000000019;922.9824999999948;971.0433000000019;945.4275999999963;979.8251000000137;
6864.999999999889;984.177600000088;979.8251000000137;947.1879999999965;948.9483999999966;990.2144000000544;979.8251000000137;987.1960000000712;979.8251000000137;971.6594000000018;971.6594000000018;971.6594000000018;970.4272000000019;922.9824999999948;971.0433000000019;945.4275999999963;979.8251000000137;
6865.999999999889;984.177600000088;979.8251000000137;947.1879999999965;948.9483999999966;990.2144000000544;979.8251000000137;987.1960000000712;979.8251000000137;971.6594000000018;971.6594000000018;971.6594000000018;970.4272000000019;922.9824999999948;971.0433000000019;945.4275999999963;979.8251000000137;
6866.999999999889;984.177600000088;979.8251000000137;947.1879999999965;948.9483999999966;990.2144000000544;979.8251000000137;987.1960000000712;979.8251000000137;971.6594000000018;971.6594000000018;971.6594000000018;970.4272000000019;922.9824999999948;971.0433000000019;945.4275999999963;979.8251000000137;
6867.999999999889;984.177600000088;979.8251000000137;947.1879999999965;948.9483999999966;990.2144000000544;979.8251000000137;987.1960000000712;979.8251000000137;971.6594000000018;971.6594000000018;971.6594000000018;970.4272000000019;922.9824999999948;971.0433000000019;945.4275999999963;979.8251000000137;
6868.999999999889;984.177600000088;979.8251000000137;947.1879999999965;948.9483999999966;990.2144000000544;979.8251000000137;987.1960000000712;979.8251000000137;971.6594000000018;971.6594000000018;971.6594000000018;970.4272000000019;922.9824999999948;971.0433000000019;945.4275999999963;979.8251000000137;
6869.758545328515;984.177600000088;979.8251000000137;947.1879999999965;948.9483999999966;990.2144000000544;979.8251000000137;987.1960000000712;979.8251000000137;971.6594000000018;971.6594000000018;971.6594000000018;970.4272000000019;922.9823999999949;971.0433000000019;945.4275999999963;979.8251000000137;
6869.758545328515;984.177600000088;979.8251000000137;947.1879999999965;948.9483999999966;990.2144000000544;979.8251000000137;987.1960000000712;979.8251000000137;971.6594000000018;971.6594000000018;971.6594000000018;970.4272000000019;922.5423999999948;971.0433000000019;945.4275999999963;979.8251000000137;
6869.763861328514;984.177600000088;979.8251000000137;947.1879999999965;948.9483999999966;990.2056000000545;979.8251000000137;987.1960000000712;979.8251000000137;971.6594000000018;971.6594000000018;971.6594000000018;970.4272000000019;922.5423999999948;971.0433000000019;945.4275999999963;979.8251000000137;
6869.763861328514;984.177600000088;979.8251000000137;947.1879999999965;948.9483999999966;990.1968000000545;979.8251000000137;987.1960000000712;979.8251000000137;971.6594000000018;971.6594000000018;971.6594000000018;970.4272000000019;922.5423999999948;971.0433000000019;945.4275999999963;979.8251000000137;
6869.769017296555;984.177600000088;979.8251000000137;947.1879999999965;948.9483999999966;990.1968000000545;979.8250000000137;987.1960000000712;979.8251000000137;971.6594000000018;971.6594000000018;971.6594000000018;970.4272000000019;922.5423999999948;971.0433000000019;945.4275999999963;979.8251000000137;
6869.769017296555;984.177600000088;979.8251000000137;947.1879999999965;948.9483999999966;990.1968000000545;979.7370000000137;987.1960000000712;979.8251000000137;971.6594000000018;971.6594000000018;971.6594000000018;970.4272000000019;922.5423999999948;971.0433000000019;945.4275999999963;979.8251000000137;
6869.769177328514;984.177600000088;979.8251000000137;947.1879999999965;948.9483999999966;990.1968000000545;979.7370000000137;987.1872000000712;979.8251000000137;971.6594000000018;971.6594000000018;971.6594000000018;970.4272000000019;922.5423999999948;971.0433000000019;945.4275999999963;979.8251000000137;
6869.774333296555;984.168800000088;979.8251000000137;947.1879999999965;948.9483999999966;990.1968000000545;979.7370000000137;987.1872000000712;979.8251000000137;971.6594000000018;971.6594000000018;971.6594000000018;970.4272000000019;922.5423999999948;971.0433000000019;945.4275999999963;979.8251000000137;
6869.774333296555;984.1600000000881;979.8251000000137;947.1879999999965;948.9483999999966;990.1968000000545;979.7370000000137;987.1872000000712;979.8251000000137;971.6594000000018;971.6594000000018;971.6594000000018;970.4272000000019;922.5423999999948;971.0433000000019;945.4275999999963;979.8251000000137;
6869.779649296554;984.1600000000881;979.8251000000137;947.1879999999965;948.9483999999966;990.1968000000545;979.7370000000137;987.1784000000713;979.8251000000137;971.6594000000018;971.6594000000018;971.6594000000018;970.4272000000019;922.5423999999948;971.0433000000019;945.4275999999963;979.8251000000137;
6869.804304466783;984.1600000000881;979.8251000000137;947.1878999999965;948.9483999999966;990.1968000000545;979.7370000000137;987.1784000000713;979.8251000000137;971.6594000000018;971.6594000000018;971.6594000000018;970.4272000000019;922.5423999999948;971.0433000000019;945.4275999999963;979.8251000000137;
6869.804304466783;984.1600000000881;979.8251000000137;946.7478999999964;948.9483999999966;990.1968000000545;979.7370000000137;987.1784000000713;979.8251000000137;971.6594000000018;971.6594000000018;971.6594000000018;970.4272000000019;922.5423999999948;971.0433000000019;945.4275999999963;979.8251000000137;
6869.809620466783;984.1512000000881;979.8251000000137;946.7478999999964;948.9483999999966;990.1968000000545;979.7370000000137;987.1784000000713;979.8251000000137;971.6594000000018;971.6594000000018;971.6594000000018;970.4272000000019;922.5423999999948;971.0433000000019;945.4275999999963;979.8251000000137;
6870.763851181491;984.1336000000882;979.7370000000137;946.7478999999964;948.5082999999966;990.1792000000546;979.7370000000137;987.1784000000713;979.7370000000137;971.6594000000018;971.6594000000018;971.6594000000018;970.4272000000019;922.5423999999948;971.0433000000019;944.9874999999963;979.7370000000137;
6871.76384103447;984.1248000000883;979.7370000000137;946.7478999999964;948.5082999999966;990.1704000000547;979.7370000000137;987.1608000000714;979.7370000000137;971.6594000000018;971.6594000000018;971.6594000000018;970.4272000000019;922.5423999999948;971.0433000000019;944.9874999999963;979.7370000000137;
6871.999999999888;984.1160000000883;979.7370000000137;946.7478999999964;948.5082999999966;990.1616000000547;979.7370000000137;987.1432000000715;979.7370000000137;971.6594000000018;971.6594000000018;971.6594000000018;970.4272000000019;922.5423999999948;971.0433000000019;944.9874999999963;979.7370000000137;
6872.7638308874475;984.1160000000883;979.7370000000137;946.7478999999964;948.5082999999966;990.1616000000547;979.7370000000137;987.1432000000715;979.7370000000137;971.6594000000018;971.6594000000018;971.6594000000018;970.4272000000019;922.5423999999948;971.0433000000019;944.9874999999963;979.7370000000137;
6873.774352401903;984.1072000000884;979.7370000000137;946.7478999999964;948.5082999999966;990.1616000000547;979.7370000000137;987.1344000000715;979.7370000000137;971.6594000000018;971.6594000000018;971.6594000000018;970.4272000000019;922.5423999999948;971.0433000000019;944.9874999999963;979.7370000000137;
6873.999999999888;984.1072000000884;979.7370000000137;946.7478999999964;948.5082999999966;990.1616000000547;979.7370000000137;987.1344000000715;979.7370000000137;971.6594000000018;971.6594000000018;971.6594000000018;970.4272000000019;922.5423999999948;971.0433000000019;944.9874999999963;979.7370000000137;
6874.999999999888;984.1072000000884;979.7370000000137;946.7478999999964;948.5082999999966;990.1616000000547;979.7370000000137;987.1344000000715;979.7370000000137;971.6594000000018;971.6594000000018;971.6594000000018;970.4272000000019;922.5423999999948;971.0433000000019;944.9874999999963;979.7370000000137;
6875.999999999888;984.1072000000884;979.7370000000137;946.7478999999964;948.5082999999966;990.1616000000547;979.7370000000137;987.1344000000715;979.7370000000137;971.6594000000018;971.6594000000018;971.6594000000018;970.4272000000019;922.5423999999948;971.0433000000019;944.9874999999963;979.7370000000137;
6876.999999999888;984.1072000000884;979.7370000000137;946.7478999999964;948.5082999999966;990.1616000000547;979.7370000000137;987.1344000000715;979.7370000000137;971.6594000000018;971.6594000000018;971.6594000000018;970.4272000000019;922.5423999999948;971.0433000000019;944.9874999999963;979.7370000000137;
6877.999999999888;984.1072000000884;979.7370000000137;946.7478999999964;948.5082999999966;990.1616000000547;979.7370000000137;987.1344000000715;979.7370000000137;971.6594000000018;971.6594000000018;971.6594000000018;970.4272000000019;922.5423999999948;971.0433000000019;944.9874999999963;979.7370000000137;
6878.999999999888;984.1072000000884;979.7370000000137;946.7478999999964;948.5082999999966;990.1616000000547;979.7370000000137;987.1344000000715;979.7370000000137;971.6594000000018;971.6594000000018;971.6594000000018;970.4272000000019;922.5423999999948;971.0433000000019;944.9874999999963;979.7370000000137;
6879.999999999888;984.1072000000884;979.7370000000137;946.7478999999964;948.5082999999966;990.1616000000547;979.7370000000137;987.1344000000715;979.7370000000137;971.6594000000018;971.6594000000018;971.6594000000018;970.4272000000019;922.5423999999948;971.0433000000019;944.9874999999963;979.7370000000137;
6880.999999999888;984.1072000000884;979.7370000000137;946.7478999999964;948.5082999999966;990.1616000000547;979.7370000000137;987.1344000000715;979.7370000000137;971.6594000000018;971.6594000000018;971.6594000000018;970.4272000000019;922.5423999999948;971.0433000000019;944.9874999999963;979.7370000000137;
6881.999999999888;984.1072000000884;979.7370000000137;946.7478999999964;948.5082999999966;990.1616000000547;979.7370000000137;987.1344000000715;979.7370000000137;971.6594000000018;971.6594000000018;971.6594000000018;970.4272000000019;922.5423999999948;971.0433000000019;944.9874999999963;979.7370000000137;
6882.999999999888;984.1072000000884;979.7370000000137;946.7478999999964;948.5082999999966;990.1616000000547;979.7370000000137;987.1344000000715;979.7370000000137;971.6594000000018;971.6594000000018;971.6594000000018;970.4272000000019;922.5423999999948;971.0433000000019;944.9874999999963;979.7370000000137;
6883.999999999888;984.1072000000884;979.7370000000137;946.7478999999964;948.5082999999966;990.1616000000547;979.7370000000137;987.1344000000715;979.7370000000137;971.6594000000018;971.6594000000018;971.6594000000018;970.4272000000019;922.5423999999948;971.0433000000019;944.9874999999963;979.7370000000137;
6884.999999999888;984.1072000000884;979.7370000000137;946.7478999999964;948.5082999999966;990.1616000000547;979.7370000000137;987.1344000000715;979.7370000000137;971.6594000000018;971.6594000000018;971.6594000000018;970.4272000000019;922.5423999999948;971.0433000000019;944.9874999999963;979.7370000000137;
6885.999999999888;984.1072000000884;979.7370000000137;946.7478999999964;948.5082999999966;990.1616000000547;979.7370000000137;987.1344000000715;979.7370000000137;971.6594000000018;971.6594000000018;971.6594000000018;970.4272000000019;922.5423999999948;971.0433000000019;944.9874999999963;979.7370000000137;
6886.999999999888;984.1072000000884;979.7370000000137;946.7478999999964;948.5082999999966;990.1616000000547;979.7370000000137;987.1344000000715;979.7370000000137;971.6594000000018;971.6594000000018;971.6594000000018;970.4272000000019;922.5423999999948;971.0433000000019;944.9874999999963;979.7370000000137;
6887.999999999888;984.1072000000884;979.7370000000137;946.7478999999964;948.5082999999966;990.1616000000547;979.7370000000137;987.1344000000715;979.7370000000137;971.6594000000018;971.6594000000018;971.6594000000018;970.4272000000019;922.5423999999948;971.0433000000019;944.9874999999963;979.7370000000137;
6888.999999999888;984.1072000000884;979.7370000000137;946.7478999999964;948.5082999999966;990.1616000000547;979.7370000000137;987.1344000000715;979.7370000000137;971.6594000000018;971.6594000000018;971.6594000000018;970.4272000000019;922.5423999999948;971.0433000000019;944.9874999999963;979.7370000000137;
6889.999999999888;984.1072000000884;979.7370000000137;946.7478999999964;948.5082999999966;990.1616000000547;979.7370000000137;987.1344000000715;979.7370000000137;971.6594000000018;971.6594000000018;971.6594000000018;970.4272000000019;922.5423999999948;971.0433000000019;944.9874999999963;979.7370000000137;
6890.999999999888;984.1072000000884;979.7370000000137;946.7478999999964;948.5082999999966;990.1616000000547;979.7370000000137;987.1344000000715;979.7370000000137;971.6594000000018;971.6594000000018;971.6594000000018;970.4272000000019;922.5423999999948;971.0433000000019;944.9874999999963;979.7370000000137;
6891.999999999888;984.1072000000884;979.7370000000137;946.7478999999964;948.5082999999966;990.1616000000547;979.7370000000137;987.1344000000715;979.7370000000137;971.6594000000018;971.6594000000018;971.6594000000018;970.4272000000019;922.5423999999948;971.0433000000019;944.9874999999963;979.7370000000137;
6892.999999999888;984.1072000000884;979.7370000000137;946.7478999999964;948.5082999999966;990.1616000000547;979.7370000000137;987.1344000000715;979.7370000000137;971.6594000000018;971.6594000000018;971.6594000000018;970.4272000000019;922.5423999999948;971.0433000000019;944.9874999999963;979.7370000000137;
6893.999999999888;984.1072000000884;979.7370000000137;946.7478999999964;948.5082999999966;990.1616000000547;979.7370000000137;987.1344000000715;979.7370000000137;971.6594000000018;971.6594000000018;971.6594000000018;970.4272000000019;922.5423999999948;971.0433000000019;944.9874999999963;979.7370000000137;
6894.999999999888;984.1072000000884;979.7370000000137;946.7478999999964;948.5082999999966;990.1616000000547;979.7370000000137;987.1344000000715;979.7370000000137;971.6594000000018;971.6594000000018;971.6594000000018;970.4272000000019;922.5423999999948;971.0433000000019;944.9874999999963;979.7370000000137;
6895.999999999888;984.1072000000884;979.7370000000137;946.7478999999964;948.5082999999966;990.1616000000547;979.7370000000137;987.1344000000715;979.7370000000137;971.6594000000018;971.6594000000018;971.6594000000018;970.4272000000019;922.5423999999948;971.0433000000019;944.9874999999963;979.7370000000137;
6896.999999999888;984.1072000000884;979.7370000000137;946.7478999999964;948.5082999999966;990.1616000000547;979.7370000000137;987.1344000000715;979.7370000000137;971.6594000000018;971.6594000000018;971.6594000000018;970.4272000000019;922.5423999999948;971.0433000000019;944.9874999999963;979.7370000000137;
6897.999999999888;984.1072000000884;979.7370000000137;946.7478999999964;948.5082999999966;990.1616000000547;979.7370000000137;987.1344000000715;979.7370000000137;971.6594000000018;971.6594000000018;971.6594000000018;970.4272000000019;922.5423999999948;971.0433000000019;944.9874999999963;979.7370000000137;
6898.999999999888;984.1072000000884;979.7370000000137;946.7478999999964;948.5082999999966;990.1616000000547;979.7370000000137;987.1344000000715;979.7370000000137;971.6594000000018;971.6594000000018;971.6594000000018;970.4272000000019;922.5423999999948;971.0433000000019;944.9874999999963;979.7370000000137;
6899.756817718385;984.1072000000884;979.7370000000137;946.7478999999964;948.5082999999966;990.1616000000547;979.7370000000137;987.1344000000715;979.7370000000137;971.6594000000018;971.6594000000018;971.6594000000018;970.4272000000019;922.5422999999948;971.0433000000019;944.9874999999963;979.7370000000137;
6899.756817718385;984.1072000000884;979.7370000000137;946.7478999999964;948.5082999999966;990.1616000000547;979.7370000000137;987.1344000000715;979.7370000000137;971.6594000000018;971.6594000000018;971.6594000000018;970.4272000000019;922.1022999999948;971.0433000000019;944.9874999999963;979.7370000000137;
6899.759835508026;984.1072000000884;979.7370000000137;946.7478999999964;948.5082999999966;990.1616000000547;979.7370000000137;987.1344000000715;979.7370000000137;971.6593000000018;971.6594000000018;971.6594000000018;970.4272000000019;922.1022999999948;971.0433000000019;944.9874999999963;979.7370000000137;
6899.759835508026;984.1072000000884;979.7370000000137;946.7478999999964;948.5082999999966;990.1616000000547;979.7370000000137;987.1344000000715;979.7370000000137;971.0433000000019;971.6594000000018;971.6594000000018;970.4272000000019;922.1022999999948;971.0433000000019;944.9874999999963;979.7370000000137;
6899.762133718385;984.1072000000884;979.7370000000137;946.7478999999964;948.5082999999966;990.1528000000548;979.7370000000137;987.1344000000715;979.7370000000137;971.0433000000019;971.6594000000018;971.6594000000018;970.4272000000019;922.1022999999948;971.0433000000019;944.9874999999963;979.7370000000137;
6899.762133718385;984.1072000000884;979.7370000000137;946.7478999999964;948.5082999999966;990.1440000000548;979.7370000000137;987.1344000000715;979.7370000000137;971.0433000000019;971.6594000000018;971.6594000000018;970.4272000000019;922.1022999999948;971.0433000000019;944.9874999999963;979.7370000000137;
6899.765151508026;984.0984000000884;979.7370000000137;946.7478999999964;948.5082999999966;990.1440000000548;979.7370000000137;987.1344000000715;979.7370000000137;971.0433000000019;971.6594000000018;971.6594000000018;970.4272000000019;922.1022999999948;971.0433000000019;944.9874999999963;979.7370000000137;
6899.765151508026;984.0896000000885;979.7370000000137;946.7478999999964;948.5082999999966;990.1440000000548;979.7370000000137;987.1344000000715;979.7370000000137;971.0433000000019;971.6594000000018;971.6594000000018;970.4272000000019;922.1022999999948;971.0433000000019;944.9874999999963;979.7370000000137;
6899.767449718384;984.0896000000885;979.7370000000137;946.7478999999964;948.5082999999966;990.1440000000548;979.7370000000137;987.1256000000716;979.7370000000137;971.0433000000019;971.6594000000018;971.6594000000018;970.4272000000019;922.1022999999948;971.0433000000019;944.9874999999963;979.7370000000137;
6899.7689900342875;984.0896000000885;979.7370000000137;946.7478999999964;948.5082999999966;990.1440000000548;979.7369000000137;987.1256000000716;979.7370000000137;971.0433000000019;971.6594000000018;971.6594000000018;970.4272000000019;922.1022999999948;971.0433000000019;944.9874999999963;979.7370000000137;
6899.7689900342875;984.0896000000885;979.7370000000137;946.7478999999964;948.5082999999966;990.1440000000548;979.6489000000138;987.1256000000716;979.7370000000137;971.0433000000019;971.6594000000018;971.6594000000018;970.4272000000019;922.1022999999948;971.0433000000019;944.9874999999963;979.7370000000137;
6899.910763819959;984.0808000000885;979.7369000000137;946.7478999999964;948.5082999999966;990.1440000000548;979.6489000000138;987.1168000000716;979.7370000000137;971.0433000000019;971.6594000000018;971.6594000000018;970.4272000000019;922.1022999999948;971.0433000000019;944.9874999999963;979.7370000000137;
6900.7621235713605;984.0544000000887;979.6489000000138;946.7478999999964;948.5082999999966;990.1352000000549;979.6489000000138;987.1168000000716;979.6489000000138;971.0433000000019;971.0433000000019;971.0433000000019;970.4272000000019;922.1022999999948;971.0433000000019;944.9874999999963;979.6489000000138;
6901.762113424337;984.0456000000887;979.6489000000138;946.7478999999964;948.5082999999966;990.1264000000549;979.6489000000138;987.0992000000717;979.6489000000138;971.0433000000019;971.0433000000019;971.0433000000019;970.4272000000019;922.1022999999948;971.0433000000019;944.9874999999963;979.6489000000138;
6901.9999999998845;984.0368000000888;979.6489000000138;946.7478999999964;948.5082999999966;990.1264000000549;979.6489000000138;987.0904000000718;979.6489000000138;971.0433000000019;971.0433000000019;971.0433000000019;970.4272000000019;922.1022999999948;971.0433000000019;944.9874999999963;979.6489000000138;
6902.765165837034;984.0368000000888;979.6489000000138;946.7478999999964;948.5082999999966;990.1264000000549;979.6489000000138;987.0904000000718;979.6489000000138;971.0433000000019;971.0433000000019;971.0433000000019;970.4272000000019;922.1022999999948;971.0433000000019;944.9874999999963;979.6489000000138;
6903.765170613371;984.0280000000888;979.6489000000138;946.7478999999964;948.5082999999966;990.1264000000549;979.6489000000138;987.0816000000718;979.6489000000138;971.0433000000019;971.0433000000019;971.0433000000019;970.4272000000019;922.1022999999948;971.0433000000019;944.9874999999963;979.6489000000138;
6904.765175389708;984.0192000000889;979.6489000000138;946.7478999999964;948.5082999999966;990.1264000000549;979.6489000000138;987.0728000000719;979.6489000000138;971.0433000000019;971.0433000000019;971.0433000000019;970.4272000000019;922.1022999999948;971.0433000000019;944.9874999999963;979.6489000000138;
6904.999999999884;984.0192000000889;979.6489000000138;946.7478999999964;948.5082999999966;990.1264000000549;979.6489000000138;987.0728000000719;979.6489000000138;971.0433000000019;971.0433000000019;971.0433000000019;970.4272000000019;922.1022999999948;971.0433000000019;944.9874999999963;979.6489000000138;
6905.999999999884;984.0192000000889;979.6489000000138;946.7478999999964;948.5082999999966;990.1264000000549;979.6489000000138;987.0728000000719;979.6489000000138;971.0433000000019;971.0433000000019;971.0433000000019;970.4272000000019;922.1022999999948;971.0433000000019;944.9874999999963;979.6489000000138;
6906.999999999884;984.0192000000889;979.6489000000138;946.7478999999964;948.5082999999966;990.1264000000549;979.6489000000138;987.0728000000719;979.6489000000138;971.0433000000019;971.0433000000019;971.0433000000019;970.4272000000019;922.1022999999948;971.0433000000019;944.9874999999963;979.6489000000138;
6907.999999999884;984.0192000000889;979.6489000000138;946.7478999999964;948.5082999999966;990.1264000000549;979.6489000000138;987.0728000000719;979.6489000000138;971.0433000000019;971.0433000000019;971.0433000000019;970.4272000000019;922.1022999999948;971.0433000000019;944.9874999999963;979.6489000000138;
6908.999999999884;984.0192000000889;979.6489000000138;946.7478999999964;948.5082999999966;990.1264000000549;979.6489000000138;987.0728000000719;979.6489000000138;971.0433000000019;971.0433000000019;971.0433000000019;970.4272000000019;922.1022999999948;971.0433000000019;944.9874999999963;979.6489000000138;
6909.999999999884;984.0192000000889;979.6489000000138;946.7478999999964;948.5082999999966;990.1264000000549;979.6489000000138;987.0728000000719;979.6489000000138;971.0433000000019;971.0433000000019;971.0433000000019;970.4272000000019;922.1022999999948;971.0433000000019;944.9874999999963;979.6489000000138;
6910.999999999884;984.0192000000889;979.6489000000138;946.7478999999964;948.5082999999966;990.1264000000549;979.6489000000138;987.0728000000719;979.6489000000138;971.0433000000019;971.0433000000019;971.0433000000019;970.4272000000019;922.1022999999948;971.0433000000019;944.9874999999963;979.6489000000138;
6911.999999999884;984.0192000000889;979.6489000000138;946.7478999999964;948.5082999999966;990.1264000000549;979.6489000000138;987.0728000000719;979.6489000000138;971.0433000000019;971.0433000000019;971.0433000000019;970.4272000000019;922.1022999999948;971.0433000000019;944.9874999999963;979.6489000000138;
6912.999999999884;984.0192000000889;979.6489000000138;946.7478999999964;948.5082999999966;990.1264000000549;979.6489000000138;987.0728000000719;979.6489000000138;971.0433000000019;971.0433000000019;971.0433000000019;970.4272000000019;922.1022999999948;971.0433000000019;944.9874999999963;979.6489000000138;
6913.999999999884;984.0192000000889;979.6489000000138;946.7478999999964;948.5082999999966;990.1264000000549;979.6489000000138;987.0728000000719;979.6489000000138;971.0433000000019;971.0433000000019;971.0433000000019;970.4272000000019;922.1022999999948;971.0433000000019;944.9874999999963;979.6489000000138;
6914.999999999884;984.0192000000889;979.6489000000138;946.7478999999964;948.5082999999966;990.1264000000549;979.6489000000138;987.0728000000719;979.6489000000138;971.0433000000019;971.0433000000019;971.0433000000019;970.4272000000019;922.1022999999948;971.0433000000019;944.9874999999963;979.6489000000138;
6915.999999999884;984.0192000000889;979.6489000000138;946.7478999999964;948.5082999999966;990.1264000000549;979.6489000000138;987.0728000000719;979.6489000000138;971.0433000000019;971.0433000000019;971.0433000000019;970.4272000000019;922.1022999999948;971.0433000000019;944.9874999999963;979.6489000000138;
6916.999999999884;984.0192000000889;979.6489000000138;946.7478999999964;948.5082999999966;990.1264000000549;979.6489000000138;987.0728000000719;979.6489000000138;971.0433000000019;971.0433000000019;971.0433000000019;970.4272000000019;922.1022999999948;971.0433000000019;944.9874999999963;979.6489000000138;
6917.999999999884;984.0192000000889;979.6489000000138;946.7478999999964;948.5082999999966;990.1264000000549;979.6489000000138;987.0728000000719;979.6489000000138;971.0433000000019;971.0433000000019;971.0433000000019;970.4272000000019;922.1022999999948;971.0433000000019;944.9874999999963;979.6489000000138;
6918.999999999884;984.0192000000889;979.6489000000138;946.7478999999964;948.5082999999966;990.1264000000549;979.6489000000138;987.0728000000719;979.6489000000138;971.0433000000019;971.0433000000019;971.0433000000019;970.4272000000019;922.1022999999948;971.0433000000019;944.9874999999963;979.6489000000138;
6919.999999999884;984.0192000000889;979.6489000000138;946.7478999999964;948.5082999999966;990.1264000000549;979.6489000000138;987.0728000000719;979.6489000000138;971.0433000000019;971.0433000000019;971.0433000000019;970.4272000000019;922.1022999999948;971.0433000000019;944.9874999999963;979.6489000000138;
6920.999999999884;984.0192000000889;979.6489000000138;946.7478999999964;948.5082999999966;990.1264000000549;979.6489000000138;987.0728000000719;979.6489000000138;971.0433000000019;971.0433000000019;971.0433000000019;970.4272000000019;922.1022999999948;971.0433000000019;944.9874999999963;979.6489000000138;
6921.999999999884;984.0192000000889;979.6489000000138;946.7478999999964;948.5082999999966;990.1264000000549;979.6489000000138;987.0728000000719;979.6489000000138;971.0433000000019;971.0433000000019;971.0433000000019;970.4272000000019;922.1022999999948;971.0433000000019;944.9874999999963;979.6489000000138;
6922.999999999884;984.0192000000889;979.6489000000138;946.7478999999964;948.5082999999966;990.1264000000549;979.6489000000138;987.0728000000719;979.6489000000138;971.0433000000019;971.0433000000019;971.0433000000019;970.4272000000019;922.1022999999948;971.0433000000019;944.9874999999963;979.6489000000138;
6923.999999999884;984.0192000000889;979.6489000000138;946.7478999999964;948.5082999999966;990.1264000000549;979.6489000000138;987.0728000000719;979.6489000000138;971.0433000000019;971.0433000000019;971.0433000000019;970.4272000000019;922.1022999999948;971.0433000000019;944.9874999999963;979.6489000000138;
6924.999999999884;984.0192000000889;979.6489000000138;946.7478999999964;948.5082999999966;990.1264000000549;979.6489000000138;987.0728000000719;979.6489000000138;971.0433000000019;971.0433000000019;971.0433000000019;970.4272000000019;922.1022999999948;971.0433000000019;944.9874999999963;979.6489000000138;
6925.999999999884;984.0192000000889;979.6489000000138;946.7478999999964;948.5082999999966;990.1264000000549;979.6489000000138;987.0728000000719;979.6489000000138;971.0433000000019;971.0433000000019;971.0433000000019;970.4272000000019;922.1022999999948;971.0433000000019;944.9874999999963;979.6489000000138;
6926.999999999884;984.0192000000889;979.6489000000138;946.7478999999964;948.5082999999966;990.1264000000549;979.6489000000138;987.0728000000719;979.6489000000138;971.0433000000019;971.0433000000019;971.0433000000019;970.4272000000019;922.1022999999948;971.0433000000019;944.9874999999963;979.6489000000138;
6927.999999999884;984.0192000000889;979.6489000000138;946.7478999999964;948.5082999999966;990.1264000000549;979.6489000000138;987.0728000000719;979.6489000000138;971.0433000000019;971.0433000000019;971.0433000000019;970.4272000000019;922.1022999999948;971.0433000000019;944.9874999999963;979.6489000000138;
6928.999999999884;984.0192000000889;979.6489000000138;946.7478999999964;948.5082999999966;990.1264000000549;979.6489000000138;987.0728000000719;979.6489000000138;971.0433000000019;971.0433000000019;971.0433000000019;970.4272000000019;922.1022999999948;971.0433000000019;944.9874999999963;979.6489000000138;
6929.75509010825;984.0192000000889;979.6489000000138;946.7478999999964;948.5082999999966;990.1264000000549;979.6489000000138;987.0728000000719;979.6489000000138;971.0433000000019;971.0433000000019;971.0433000000019;970.4272000000019;922.1021999999948;971.0433000000019;944.9874999999963;979.6489000000138;
6929.75509010825;984.0192000000889;979.6489000000138;946.7478999999964;948.5082999999966;990.1264000000549;979.6489000000138;987.0728000000719;979.6489000000138;971.0433000000019;971.0433000000019;971.0433000000019;970.4272000000019;921.6621999999948;971.0433000000019;944.9874999999963;979.6489000000138;
6929.76040610825;984.0192000000889;979.6489000000138;946.7478999999964;948.5082999999966;990.117600000055;979.6489000000138;987.0728000000719;979.6489000000138;971.0433000000019;971.0433000000019;971.0433000000019;970.4272000000019;921.6621999999948;971.0433000000019;944.9874999999963;979.6489000000138;
6929.76040610825;984.0192000000889;979.6489000000138;946.7478999999964;948.5082999999966;990.108800000055;979.6489000000138;987.0728000000719;979.6489000000138;971.0433000000019;971.0433000000019;971.0433000000019;970.4272000000019;921.6621999999948;971.0433000000019;944.9874999999963;979.6489000000138;
6929.76572210825;984.0192000000889;979.6489000000138;946.7478999999964;948.5082999999966;990.108800000055;979.6489000000138;987.0640000000719;979.6489000000138;971.0433000000019;971.0433000000019;971.0433000000019;970.4272000000019;921.6621999999948;971.0433000000019;944.9874999999963;979.6489000000138;
6929.7689627720165;984.0192000000889;979.6489000000138;946.7478999999964;948.5082999999966;990.108800000055;979.6488000000138;987.0640000000719;979.6489000000138;971.0433000000019;971.0433000000019;971.0433000000019;970.4272000000019;921.6621999999948;971.0433000000019;944.9874999999963;979.6489000000138;
6929.7689627720165;984.0192000000889;979.6489000000138;946.7478999999964;948.5082999999966;990.108800000055;979.5608000000138;987.0640000000719;979.6489000000138;971.0433000000019;971.0433000000019;971.0433000000019;970.4272000000019;921.6621999999948;971.0433000000019;944.9874999999963;979.6489000000138;
6929.774278772016;984.0104000000889;979.6489000000138;946.7478999999964;948.5082999999966;990.108800000055;979.5608000000138;987.0640000000719;979.6489000000138;971.0433000000019;971.0433000000019;971.0433000000019;970.4272000000019;921.6621999999948;971.0433000000019;944.9874999999963;979.6489000000138;
6929.774278772016;984.001600000089;979.6489000000138;946.7478999999964;948.5082999999966;990.108800000055;979.5608000000138;987.0640000000719;979.6489000000138;971.0433000000019;971.0433000000019;971.0433000000019;970.4272000000019;921.6621999999948;971.0433000000019;944.9874999999963;979.6489000000138;
6929.779594772016;984.001600000089;979.6489000000138;946.7478999999964;948.5082999999966;990.108800000055;979.5608000000138;987.055200000072;979.6489000000138;971.0433000000019;971.0433000000019;971.0433000000019;970.4272000000019;921.6621999999948;971.0433000000019;944.9874999999963;979.6489000000138;
6929.804311900923;984.001600000089;979.6489000000138;946.7477999999965;948.5082999999966;990.108800000055;979.5608000000138;987.055200000072;979.6489000000138;971.0433000000019;971.0433000000019;971.0433000000019;970.4272000000019;921.6621999999948;971.0433000000019;944.9874999999963;979.6489000000138;
6929.999999999881;983.9752000000891;979.5608000000138;946.3077999999964;948.0681999999965;990.100000000055;979.5608000000138;987.055200000072;979.5608000000138;971.0433000000019;971.0433000000019;971.0433000000019;970.4272000000019;921.6621999999948;971.0433000000019;944.9874999999963;979.6489000000138;
6930.760395961225;983.9752000000891;979.5608000000138;946.3077999999964;948.0681999999965;990.0912000000551;979.5608000000138;987.055200000072;979.5608000000138;971.0433000000019;971.0433000000019;971.0433000000019;970.4272000000019;921.6621999999948;971.0433000000019;944.5473999999963;979.5608000000138;
6931.760385814202;983.9664000000892;979.5608000000138;946.3077999999964;948.0681999999965;990.0824000000551;979.5608000000138;987.0376000000721;979.5608000000138;971.0433000000019;971.0433000000019;971.0433000000019;970.4272000000019;921.6621999999948;971.0433000000019;944.5473999999963;979.5608000000138;
6932.76037566718;983.9576000000892;979.5608000000138;946.3077999999964;948.0681999999965;990.0736000000552;979.5608000000138;987.0200000000722;979.5608000000138;971.0433000000019;971.0433000000019;971.0433000000019;970.4272000000019;921.6621999999948;971.0433000000019;944.5473999999963;979.5608000000138;
6932.999999999878;983.9488000000892;979.5608000000138;946.3077999999964;948.0681999999965;990.0736000000552;979.5608000000138;987.0112000000722;979.5608000000138;971.0433000000019;971.0433000000019;971.0433000000019;970.4272000000019;921.6621999999948;971.0433000000019;944.5473999999963;979.5608000000138;
6933.77429787736;983.9488000000892;979.5608000000138;946.3077999999964;948.0681999999965;990.0736000000552;979.5608000000138;987.0112000000722;979.5608000000138;971.0433000000019;971.0433000000019;971.0433000000019;970.4272000000019;921.6621999999948;971.0433000000019;944.5473999999963;979.5608000000138;
6934.999999999878;983.9488000000892;979.5608000000138;946.3077999999964;948.0681999999965;990.0736000000552;979.5608000000138;987.0112000000722;979.5608000000138;971.0433000000019;971.0433000000019;971.0433000000019;970.4272000000019;921.6621999999948;971.0433000000019;944.5473999999963;979.5608000000138;
6935.999999999878;983.9488000000892;979.5608000000138;946.3077999999964;948.0681999999965;990.0736000000552;979.5608000000138;987.0112000000722;979.5608000000138;971.0433000000019;971.0433000000019;971.0433000000019;970.4272000000019;921.6621999999948;971.0433000000019;944.5473999999963;979.5608000000138;
6936.999999999878;983.9488000000892;979.5608000000138;946.3077999999964;948.0681999999965;990.0736000000552;979.5608000000138;987.0112000000722;979.5608000000138;971.0433000000019;971.0433000000019;971.0433000000019;970.4272000000019;921.6621999999948;971.0433000000019;944.5473999999963;979.5608000000138;
6937.999999999878;983.9488000000892;979.5608000000138;946.3077999999964;948.0681999999965;990.0736000000552;979.5608000000138;987.0112000000722;979.5608000000138;971.0433000000019;971.0433000000019;971.0433000000019;970.4272000000019;921.6621999999948;971.0433000000019;944.5473999999963;979.5608000000138;
6938.999999999878;983.9488000000892;979.5608000000138;946.3077999999964;948.0681999999965;990.0736000000552;979.5608000000138;987.0112000000722;979.5608000000138;971.0433000000019;971.0433000000019;971.0433000000019;970.4272000000019;921.6621999999948;971.0433000000019;944.5473999999963;979.5608000000138;
6939.999999999878;983.9488000000892;979.5608000000138;946.3077999999964;948.0681999999965;990.0736000000552;979.5608000000138;987.0112000000722;979.5608000000138;971.0433000000019;971.0433000000019;971.0433000000019;970.4272000000019;921.6621999999948;971.0433000000019;944.5473999999963;979.5608000000138;
6940.999999999878;983.9488000000892;979.5608000000138;946.3077999999964;948.0681999999965;990.0736000000552;979.5608000000138;987.0112000000722;979.5608000000138;971.0433000000019;971.0433000000019;971.0433000000019;970.4272000000019;921.6621999999948;971.0433000000019;944.5473999999963;979.5608000000138;
6941.999999999878;983.9488000000892;979.5608000000138;946.3077999999964;948.0681999999965;990.0736000000552;979.5608000000138;987.0112000000722;979.5608000000138;971.0433000000019;971.0433000000019;971.0433000000019;970.4272000000019;921.6621999999948;971.0433000000019;944.5473999999963;979.5608000000138;
6942.999999999878;983.9488000000892;979.5608000000138;946.3077999999964;948.0681999999965;990.0736000000552;979.5608000000138;987.0112000000722;979.5608000000138;971.0433000000019;971.0433000000019;971.0433000000019;970.4272000000019;921.6621999999948;971.0433000000019;944.5473999999963;979.5608000000138;
6943.999999999878;983.9488000000892;979.5608000000138;946.3077999999964;948.0681999999965;990.0736000000552;979.5608000000138;987.0112000000722;979.5608000000138;971.0433000000019;971.0433000000019;971.0433000000019;970.4272000000019;921.6621999999948;971.0433000000019;944.5473999999963;979.5608000000138;
6944.999999999878;983.9488000000892;979.5608000000138;946.3077999999964;948.0681999999965;990.0736000000552;979.5608000000138;987.0112000000722;979.5608000000138;971.0433000000019;971.0433000000019;971.0433000000019;970.4272000000019;921.6621999999948;971.0433000000019;944.5473999999963;979.5608000000138;
6945.999999999878;983.9488000000892;979.5608000000138;946.3077999999964;948.0681999999965;990.0736000000552;979.5608000000138;987.0112000000722;979.5608000000138;971.0433000000019;971.0433000000019;971.0433000000019;970.4272000000019;921.6621999999948;971.0433000000019;944.5473999999963;979.5608000000138;
6946.999999999878;983.9488000000892;979.5608000000138;946.3077999999964;948.0681999999965;990.0736000000552;979.5608000000138;987.0112000000722;979.5608000000138;971.0433000000019;971.0433000000019;971.0433000000019;970.4272000000019;921.6621999999948;971.0433000000019;944.5473999999963;979.5608000000138;
6947.999999999878;983.9488000000892;979.5608000000138;946.3077999999964;948.0681999999965;990.0736000000552;979.5608000000138;987.0112000000722;979.5608000000138;971.0433000000019;971.0433000000019;971.0433000000019;970.4272000000019;921.6621999999948;971.0433000000019;944.5473999999963;979.5608000000138;
6948.999999999878;983.9488000000892;979.5608000000138;946.3077999999964;948.0681999999965;990.0736000000552;979.5608000000138;987.0112000000722;979.5608000000138;971.0433000000019;971.0433000000019;971.0433000000019;970.4272000000019;921.6621999999948;971.0433000000019;944.5473999999963;979.5608000000138;
6949.999999999878;983.9488000000892;979.5608000000138;946.3077999999964;948.0681999999965;990.0736000000552;979.5608000000138;987.0112000000722;979.5608000000138;971.0433000000019;971.0433000000019;971.0433000000019;970.4272000000019;921.6621999999948;971.0433000000019;944.5473999999963;979.5608000000138;
6950.999999999878;983.9488000000892;979.5608000000138;946.3077999999964;948.0681999999965;990.0736000000552;979.5608000000138;987.0112000000722;979.5608000000138;971.0433000000019;971.0433000000019;971.0433000000019;970.4272000000019;921.6621999999948;971.0433000000019;944.5473999999963;979.5608000000138;
6951.999999999878;983.9488000000892;979.5608000000138;946.3077999999964;948.0681999999965;990.0736000000552;979.5608000000138;987.0112000000722;979.5608000000138;971.0433000000019;971.0433000000019;971.0433000000019;970.4272000000019;921.6621999999948;971.0433000000019;944.5473999999963;979.5608000000138;
6952.999999999878;983.9488000000892;979.5608000000138;946.3077999999964;948.0681999999965;990.0736000000552;979.5608000000138;987.0112000000722;979.5608000000138;971.0433000000019;971.0433000000019;971.0433000000019;970.4272000000019;921.6621999999948;971.0433000000019;944.5473999999963;979.5608000000138;
6953.999999999878;983.9488000000892;979.5608000000138;946.3077999999964;948.0681999999965;990.0736000000552;979.5608000000138;987.0112000000722;979.5608000000138;971.0433000000019;971.0433000000019;971.0433000000019;970.4272000000019;921.6621999999948;971.0433000000019;944.5473999999963;979.5608000000138;
6954.999999999878;983.9488000000892;979.5608000000138;946.3077999999964;948.0681999999965;990.0736000000552;979.5608000000138;987.0112000000722;979.5608000000138;971.0433000000019;971.0433000000019;971.0433000000019;970.4272000000019;921.6621999999948;971.0433000000019;944.5473999999963;979.5608000000138;
6955.999999999878;983.9488000000892;979.5608000000138;946.3077999999964;948.0681999999965;990.0736000000552;979.5608000000138;987.0112000000722;979.5608000000138;971.0433000000019;971.0433000000019;971.0433000000019;970.4272000000019;921.6621999999948;971.0433000000019;944.5473999999963;979.5608000000138;
6956.999999999878;983.9488000000892;979.5608000000138;946.3077999999964;948.0681999999965;990.0736000000552;979.5608000000138;987.0112000000722;979.5608000000138;971.0433000000019;971.0433000000019;971.0433000000019;970.4272000000019;921.6621999999948;971.0433000000019;944.5473999999963;979.5608000000138;
6957.999999999878;983.9488000000892;979.5608000000138;946.3077999999964;948.0681999999965;990.0736000000552;979.5608000000138;987.0112000000722;979.5608000000138;971.0433000000019;971.0433000000019;971.0433000000019;970.4272000000019;921.6621999999948;971.0433000000019;944.5473999999963;979.5608000000138;
6958.999999999878;983.9488000000892;979.5608000000138;946.3077999999964;948.0681999999965;990.0736000000552;979.5608000000138;987.0112000000722;979.5608000000138;971.0433000000019;971.0433000000019;971.0433000000019;970.4272000000019;921.6621999999948;971.0433000000019;944.5473999999963;979.5608000000138;
6959.753362498116;983.9488000000892;979.5608000000138;946.3077999999964;948.0681999999965;990.0736000000552;979.5608000000138;987.0112000000722;979.5608000000138;971.0433000000019;971.0433000000019;971.0433000000019;970.4272000000019;921.6620999999948;971.0433000000019;944.5473999999963;979.5608000000138;
6959.753362498116;983.9488000000892;979.5608000000138;946.3077999999964;948.0681999999965;990.0736000000552;979.5608000000138;987.0112000000722;979.5608000000138;971.0433000000019;971.0433000000019;971.0433000000019;970.4272000000019;921.2220999999947;971.0433000000019;944.5473999999963;979.5608000000138;
6959.758678498116;983.9488000000892;979.5608000000138;946.3077999999964;948.0681999999965;990.0648000000552;979.5608000000138;987.0112000000722;979.5608000000138;971.0433000000019;971.0433000000019;971.0433000000019;970.4272000000019;921.2220999999947;971.0433000000019;944.5473999999963;979.5608000000138;
6959.758678498116;983.9488000000892;979.5608000000138;946.3077999999964;948.0681999999965;990.0560000000553;979.5608000000138;987.0112000000722;979.5608000000138;971.0433000000019;971.0433000000019;971.0433000000019;970.4272000000019;921.2220999999947;971.0433000000019;944.5473999999963;979.5608000000138;
6959.763994498116;983.9488000000892;979.5608000000138;946.3077999999964;948.0681999999965;990.0560000000553;979.5608000000138;987.0024000000723;979.5608000000138;971.0433000000019;971.0433000000019;971.0433000000019;970.4272000000019;921.2220999999947;971.0433000000019;944.5473999999963;979.5608000000138;
6959.768935509745;983.9488000000892;979.5608000000138;946.3077999999964;948.0681999999965;990.0560000000553;979.5607000000139;987.0024000000723;979.5608000000138;971.0433000000019;971.0433000000019;971.0433000000019;970.4272000000019;921.2220999999947;971.0433000000019;944.5473999999963;979.5608000000138;
6959.768935509745;983.9488000000892;979.5608000000138;946.3077999999964;948.0681999999965;990.0560000000553;979.4727000000139;987.0024000000723;979.5608000000138;971.0433000000019;971.0433000000019;971.0433000000019;970.4272000000019;921.2220999999947;971.0433000000019;944.5473999999963;979.5608000000138;
6959.774251509744;983.9400000000893;979.5608000000138;946.3077999999964;948.0681999999965;990.0560000000553;979.4727000000139;987.0024000000723;979.5608000000138;971.0433000000019;971.0433000000019;971.0433000000019;970.4272000000019;921.2220999999947;971.0433000000019;944.5473999999963;979.5608000000138;
6959.774251509744;983.9312000000893;979.5608000000138;946.3077999999964;948.0681999999965;990.0560000000553;979.4727000000139;987.0024000000723;979.5608000000138;971.0433000000019;971.0433000000019;971.0433000000019;970.4272000000019;921.2220999999947;971.0433000000019;944.5473999999963;979.5608000000138;
6959.779567509744;983.9312000000893;979.5608000000138;946.3077999999964;948.0681999999965;990.0560000000553;979.4727000000139;986.9936000000723;979.5608000000138;971.0433000000019;971.0433000000019;971.0433000000019;970.4272000000019;921.2220999999947;971.0433000000019;944.5473999999963;979.5608000000138;
6959.907730612412;983.9312000000893;979.5607000000139;946.3077999999964;948.0681999999965;990.0560000000553;979.4727000000139;986.9936000000723;979.5608000000138;971.0433000000019;971.0433000000019;971.0433000000019;970.4272000000019;921.2220999999947;971.0433000000019;944.5473999999963;979.5608000000138;
6959.907730612412;983.9312000000893;979.4727000000139;946.3077999999964;948.0681999999965;990.0560000000553;979.4727000000139;986.9936000000723;979.5608000000138;971.0433000000019;971.0433000000019;971.0433000000019;970.4272000000019;921.2220999999947;971.0433000000019;944.5473999999963;979.5608000000138;
6960.758668351093;983.9136000000894;979.4727000000139;946.3077999999964;948.0681999999965;990.0560000000553;979.4727000000139;986.9936000000723;979.4727000000139;971.0433000000019;971.0433000000019;971.0433000000019;970.4272000000019;921.2220999999947;971.0433000000019;944.5473999999963;979.4727000000139;
6960.999999999876;983.9048000000895;979.4727000000139;946.3077999999964;948.0681999999965;990.0560000000553;979.4727000000139;986.9848000000724;979.4727000000139;971.0433000000019;971.0433000000019;971.0433000000019;970.4272000000019;921.2220999999947;971.0433000000019;944.5473999999963;979.4727000000139;
6961.774261062418;983.9048000000895;979.4727000000139;946.3077999999964;948.0681999999965;990.0560000000553;979.4727000000139;986.9848000000724;979.4727000000139;971.0433000000019;971.0433000000019;971.0433000000019;970.4272000000019;921.2220999999947;971.0433000000019;944.5473999999963;979.4727000000139;
6962.774265838755;983.8960000000895;979.4727000000139;946.3077999999964;948.0681999999965;990.0560000000553;979.4727000000139;986.9760000000724;979.4727000000139;971.0433000000019;971.0433000000019;971.0433000000019;970.4272000000019;921.2220999999947;971.0433000000019;944.5473999999963;979.4727000000139;
6962.999999999876;983.8960000000895;979.4727000000139;946.3077999999964;948.0681999999965;990.0560000000553;979.4727000000139;986.9760000000724;979.4727000000139;971.0433000000019;971.0433000000019;971.0433000000019;970.4272000000019;921.2220999999947;971.0433000000019;944.5473999999963;979.4727000000139;
6963.999999999876;983.8960000000895;979.4727000000139;946.3077999999964;948.0681999999965;990.0560000000553;979.4727000000139;986.9760000000724;979.4727000000139;971.0433000000019;971.0433000000019;971.0433000000019;970.4272000000019;921.2220999999947;971.0433000000019;944.5473999999963;979.4727000000139;
6964.999999999876;983.8960000000895;979.4727000000139;946.3077999999964;948.0681999999965;990.0560000000553;979.4727000000139;986.9760000000724;979.4727000000139;971.0433000000019;971.0433000000019;971.0433000000019;970.4272000000019;921.2220999999947;971.0433000000019;944.5473999999963;979.4727000000139;
6965.999999999876;983.8960000000895;979.4727000000139;946.3077999999964;948.0681999999965;990.0560000000553;979.4727000000139;986.9760000000724;979.4727000000139;971.0433000000019;971.0433000000019;971.0433000000019;970.4272000000019;921.2220999999947;971.0433000000019;944.5473999999963;979.4727000000139;
6966.999999999876;983.8960000000895;979.4727000000139;946.3077999999964;948.0681999999965;990.0560000000553;979.4727000000139;986.9760000000724;979.4727000000139;971.0433000000019;971.0433000000019;971.0433000000019;970.4272000000019;921.2220999999947;971.0433000000019;944.5473999999963;979.4727000000139;
6967.999999999876;983.8960000000895;979.4727000000139;946.3077999999964;948.0681999999965;990.0560000000553;979.4727000000139;986.9760000000724;979.4727000000139;971.0433000000019;971.0433000000019;971.0433000000019;970.4272000000019;921.2220999999947;971.0433000000019;944.5473999999963;979.4727000000139;
6968.999999999876;983.8960000000895;979.4727000000139;946.3077999999964;948.0681999999965;990.0560000000553;979.4727000000139;986.9760000000724;979.4727000000139;971.0433000000019;971.0433000000019;971.0433000000019;970.4272000000019;921.2220999999947;971.0433000000019;944.5473999999963;979.4727000000139;
6969.999999999876;983.8960000000895;979.4727000000139;946.3077999999964;948.0681999999965;990.0560000000553;979.4727000000139;986.9760000000724;979.4727000000139;971.0433000000019;971.0433000000019;971.0433000000019;970.4272000000019;921.2220999999947;971.0433000000019;944.5473999999963;979.4727000000139;
6970.999999999876;983.8960000000895;979.4727000000139;946.3077999999964;948.0681999999965;990.0560000000553;979.4727000000139;986.9760000000724;979.4727000000139;971.0433000000019;971.0433000000019;971.0433000000019;970.4272000000019;921.2220999999947;971.0433000000019;944.5473999999963;979.4727000000139;
6971.999999999876;983.8960000000895;979.4727000000139;946.3077999999964;948.0681999999965;990.0560000000553;979.4727000000139;986.9760000000724;979.4727000000139;971.0433000000019;971.0433000000019;971.0433000000019;970.4272000000019;921.2220999999947;971.0433000000019;944.5473999999963;979.4727000000139;
6972.999999999876;983.8960000000895;979.4727000000139;946.3077999999964;948.0681999999965;990.0560000000553;979.4727000000139;986.9760000000724;979.4727000000139;971.0433000000019;971.0433000000019;971.0433000000019;970.4272000000019;921.2220999999947;971.0433000000019;944.5473999999963;979.4727000000139;
6973.999999999876;983.8960000000895;979.4727000000139;946.3077999999964;948.0681999999965;990.0560000000553;979.4727000000139;986.9760000000724;979.4727000000139;971.0433000000019;971.0433000000019;971.0433000000019;970.4272000000019;921.2220999999947;971.0433000000019;944.5473999999963;979.4727000000139;
6974.989464429756;983.8960000000895;979.4727000000139;946.3077999999964;948.0681999999965;990.0560000000553;979.4727000000139;986.9760000000724;979.4727000000139;971.0433000000019;971.0433000000019;971.0433000000019;970.4272000000019;921.2220999999947;971.0432000000019;944.5473999999963;979.4727000000139;
6974.989464429756;983.8960000000895;979.4727000000139;946.3077999999964;948.0681999999965;990.0560000000553;979.4727000000139;986.9760000000724;979.4727000000139;971.0433000000019;971.0433000000019;971.0433000000019;970.4272000000019;921.2220999999947;970.4272000000019;944.5473999999963;979.4727000000139;
6974.994780429755;983.8960000000895;979.4727000000139;946.3077999999964;948.0681999999965;990.0472000000553;979.4727000000139;986.9760000000724;979.4727000000139;971.0433000000019;971.0433000000019;971.0433000000019;970.4272000000019;921.2220999999947;970.4272000000019;944.5473999999963;979.4727000000139;
6974.994780429755;983.8960000000895;979.4727000000139;946.3077999999964;948.0681999999965;990.0384000000554;979.4727000000139;986.9760000000724;979.4727000000139;971.0433000000019;971.0433000000019;971.0433000000019;970.4272000000019;921.2220999999947;970.4272000000019;944.5473999999963;979.4727000000139;
6974.999999999875;983.8960000000895;979.4727000000139;946.3077999999964;948.0681999999965;990.0384000000554;979.4727000000139;986.9760000000724;979.4727000000139;971.0433000000019;971.0433000000019;971.0433000000019;970.4272000000019;921.2220999999947;970.4272000000019;944.5473999999963;979.4727000000139;
6975.000096429755;983.8960000000895;979.4727000000139;946.3077999999964;948.0681999999965;990.0384000000554;979.4727000000139;986.9672000000725;979.4727000000139;971.0433000000019;971.0433000000019;971.0433000000019;970.4272000000019;921.2220999999947;970.4272000000019;944.5473999999963;979.4727000000139;
6975.994770282733;983.8960000000895;979.4727000000139;946.3077999999964;948.0681999999965;990.0296000000554;979.4727000000139;986.9672000000725;979.4727000000139;971.0433000000019;971.0433000000019;971.0433000000019;969.8111000000019;921.2220999999947;970.4272000000019;944.5473999999963;979.4727000000139;
6976.994760135711;983.8960000000895;979.4727000000139;946.3077999999964;948.0681999999965;990.0208000000555;979.4727000000139;986.9584000000725;979.4727000000139;971.0433000000019;971.0433000000019;971.0433000000019;969.8111000000019;921.2220999999947;970.4272000000019;944.5473999999963;979.4727000000139;
6976.999999999875;983.8960000000895;979.4727000000139;946.3077999999964;948.0681999999965;990.0208000000555;979.4727000000139;986.9584000000725;979.4727000000139;971.0433000000019;971.0433000000019;971.0433000000019;969.8111000000019;921.2220999999947;970.4272000000019;944.5473999999963;979.4727000000139;
6977.999999999875;983.8960000000895;979.4727000000139;946.3077999999964;948.0681999999965;990.0208000000555;979.4727000000139;986.9584000000725;979.4727000000139;971.0433000000019;971.0433000000019;971.0433000000019;969.8111000000019;921.2220999999947;970.4272000000019;944.5473999999963;979.4727000000139;
6978.999999999875;983.8960000000895;979.4727000000139;946.3077999999964;948.0681999999965;990.0208000000555;979.4727000000139;986.9584000000725;979.4727000000139;971.0433000000019;971.0433000000019;971.0433000000019;969.8111000000019;921.2220999999947;970.4272000000019;944.5473999999963;979.4727000000139;
6979.999999999875;983.8960000000895;979.4727000000139;946.3077999999964;948.0681999999965;990.0208000000555;979.4727000000139;986.9584000000725;979.4727000000139;971.0433000000019;971.0433000000019;971.0433000000019;969.8111000000019;921.2220999999947;970.4272000000019;944.5473999999963;979.4727000000139;
6980.999999999875;983.8960000000895;979.4727000000139;946.3077999999964;948.0681999999965;990.0208000000555;979.4727000000139;986.9584000000725;979.4727000000139;971.0433000000019;971.0433000000019;971.0433000000019;969.8111000000019;921.2220999999947;970.4272000000019;944.5473999999963;979.4727000000139;
6981.999999999875;983.8960000000895;979.4727000000139;946.3077999999964;948.0681999999965;990.0208000000555;979.4727000000139;986.9584000000725;979.4727000000139;971.0433000000019;971.0433000000019;971.0433000000019;969.8111000000019;921.2220999999947;970.4272000000019;944.5473999999963;979.4727000000139;
6982.999999999875;983.8960000000895;979.4727000000139;946.3077999999964;948.0681999999965;990.0208000000555;979.4727000000139;986.9584000000725;979.4727000000139;971.0433000000019;971.0433000000019;971.0433000000019;969.8111000000019;921.2220999999947;970.4272000000019;944.5473999999963;979.4727000000139;
6983.999999999875;983.8960000000895;979.4727000000139;946.3077999999964;948.0681999999965;990.0208000000555;979.4727000000139;986.9584000000725;979.4727000000139;971.0433000000019;971.0433000000019;971.0433000000019;969.8111000000019;921.2220999999947;970.4272000000019;944.5473999999963;979.4727000000139;
6984.999999999875;983.8960000000895;979.4727000000139;946.3077999999964;948.0681999999965;990.0208000000555;979.4727000000139;986.9584000000725;979.4727000000139;971.0433000000019;971.0433000000019;971.0433000000019;969.8111000000019;921.2220999999947;970.4272000000019;944.5473999999963;979.4727000000139;
6985.999999999875;983.8960000000895;979.4727000000139;946.3077999999964;948.0681999999965;990.0208000000555;979.4727000000139;986.9584000000725;979.4727000000139;971.0433000000019;971.0433000000019;971.0433000000019;969.8111000000019;921.2220999999947;970.4272000000019;944.5473999999963;979.4727000000139;
6986.999999999875;983.8960000000895;979.4727000000139;946.3077999999964;948.0681999999965;990.0208000000555;979.4727000000139;986.9584000000725;979.4727000000139;971.0433000000019;971.0433000000019;971.0433000000019;969.8111000000019;921.2220999999947;970.4272000000019;944.5473999999963;979.4727000000139;
6987.999999999875;983.8960000000895;979.4727000000139;946.3077999999964;948.0681999999965;990.0208000000555;979.4727000000139;986.9584000000725;979.4727000000139;971.0433000000019;971.0433000000019;971.0433000000019;969.8111000000019;921.2220999999947;970.4272000000019;944.5473999999963;979.4727000000139;
6988.999999999875;983.8960000000895;979.4727000000139;946.3077999999964;948.0681999999965;990.0208000000555;979.4727000000139;986.9584000000725;979.4727000000139;971.0433000000019;971.0433000000019;971.0433000000019;969.8111000000019;921.2220999999947;970.4272000000019;944.5473999999963;979.4727000000139;
6989.768908247476;983.8960000000895;979.4727000000139;946.3077999999964;948.0681999999965;990.0208000000555;979.4726000000139;986.9584000000725;979.4727000000139;971.0433000000019;971.0433000000019;971.0433000000019;969.8111000000019;921.2220999999947;970.4272000000019;944.5473999999963;979.4727000000139;
6989.768908247476;983.8960000000895;979.4727000000139;946.3077999999964;948.0681999999965;990.0208000000555;979.384600000014;986.9584000000725;979.4727000000139;971.0433000000019;971.0433000000019;971.0433000000019;969.8111000000019;921.2220999999947;970.4272000000019;944.5473999999963;979.4727000000139;
6989.774224247476;983.8872000000896;979.4727000000139;946.3077999999964;948.0681999999965;990.0208000000555;979.384600000014;986.9584000000725;979.4727000000139;971.0433000000019;971.0433000000019;971.0433000000019;969.8111000000019;921.2220999999947;970.4272000000019;944.5473999999963;979.4727000000139;
6989.774224247476;983.8784000000896;979.4727000000139;946.3077999999964;948.0681999999965;990.0208000000555;979.384600000014;986.9584000000725;979.4727000000139;971.0433000000019;971.0433000000019;971.0433000000019;969.8111000000019;921.2220999999947;970.4272000000019;944.5473999999963;979.4727000000139;
6989.779540247476;983.8784000000896;979.4727000000139;946.3077999999964;948.0681999999965;990.0208000000555;979.384600000014;986.9496000000726;979.4727000000139;971.0433000000019;971.0433000000019;971.0433000000019;969.8111000000019;921.2220999999947;970.4272000000019;944.5473999999963;979.4727000000139;
6989.804319335061;983.8784000000896;979.4727000000139;946.3076999999964;948.0681999999965;990.0208000000555;979.384600000014;986.9496000000726;979.4727000000139;971.0433000000019;971.0433000000019;971.0433000000019;969.8111000000019;921.2220999999947;970.4272000000019;944.5473999999963;979.4727000000139;
6990.24481705505;983.8520000000898;979.384600000014;945.8676999999964;947.6280999999965;990.0032000000556;979.384600000014;986.9408000000726;979.384600000014;971.0433000000019;971.0433000000019;971.0433000000019;969.8111000000019;921.2220999999947;970.4272000000019;944.5472999999963;979.384600000014;
6990.9644539227265;983.8432000000898;979.384600000014;945.8676999999964;947.6280999999965;989.9944000000556;979.384600000014;986.9320000000727;979.384600000014;971.0433000000019;971.0433000000019;971.0433000000019;969.8111000000019;921.2220999999947;970.4272000000019;944.1072999999963;979.384600000014;
6991.774233800149;983.8432000000898;979.384600000014;945.8676999999964;947.6280999999965;989.9856000000557;979.384600000014;986.9232000000727;979.384600000014;971.0433000000019;971.0433000000019;971.0433000000019;969.8111000000019;921.2220999999947;970.4272000000019;944.1072999999963;979.384600000014;
6992.774238576486;983.8344000000899;979.384600000014;945.8676999999964;947.6280999999965;989.9856000000557;979.384600000014;986.9144000000728;979.384600000014;971.0433000000019;971.0433000000019;971.0433000000019;969.8111000000019;921.2220999999947;970.4272000000019;944.1072999999963;979.384600000014;
6992.999999999874;983.8256000000899;979.384600000014;945.8676999999964;947.6280999999965;989.9856000000557;979.384600000014;986.9056000000728;979.384600000014;971.0433000000019;971.0433000000019;971.0433000000019;969.8111000000019;921.2220999999947;970.4272000000019;944.1072999999963;979.384600000014;
6993.774243352824;983.8256000000899;979.384600000014;945.8676999999964;947.6280999999965;989.9856000000557;979.384600000014;986.9056000000728;979.384600000014;971.0433000000019;971.0433000000019;971.0433000000019;969.8111000000019;921.2220999999947;970.4272000000019;944.1072999999963;979.384600000014;
6994.999999999874;983.8256000000899;979.384600000014;945.8676999999964;947.6280999999965;989.9856000000557;979.384600000014;986.9056000000728;979.384600000014;971.0433000000019;971.0433000000019;971.0433000000019;969.8111000000019;921.2220999999947;970.4272000000019;944.1072999999963;979.384600000014;
6995.999999999874;983.8256000000899;979.384600000014;945.8676999999964;947.6280999999965;989.9856000000557;979.384600000014;986.9056000000728;979.384600000014;971.0433000000019;971.0433000000019;971.0433000000019;969.8111000000019;921.2220999999947;970.4272000000019;944.1072999999963;979.384600000014;
6996.999999999874;983.8256000000899;979.384600000014;945.8676999999964;947.6280999999965;989.9856000000557;979.384600000014;986.9056000000728;979.384600000014;971.0433000000019;971.0433000000019;971.0433000000019;969.8111000000019;921.2220999999947;970.4272000000019;944.1072999999963;979.384600000014;
6997.999999999874;983.8256000000899;979.384600000014;945.8676999999964;947.6280999999965;989.9856000000557;979.384600000014;986.9056000000728;979.384600000014;971.0433000000019;971.0433000000019;971.0433000000019;969.8111000000019;921.2220999999947;970.4272000000019;944.1072999999963;979.384600000014;
6998.999999999874;983.8256000000899;979.384600000014;945.8676999999964;947.6280999999965;989.9856000000557;979.384600000014;986.9056000000728;979.384600000014;971.0433000000019;971.0433000000019;971.0433000000019;969.8111000000019;921.2220999999947;970.4272000000019;944.1072999999963;979.384600000014;
6999.999999999874;983.8256000000899;979.384600000014;945.8676999999964;947.6280999999965;989.9856000000557;979.384600000014;986.9056000000728;979.384600000014;971.0433000000019;971.0433000000019;971.0433000000019;969.8111000000019;921.2220999999947;970.4272000000019;944.1072999999963;979.384600000014;
7000.999999999874;983.8256000000899;979.384600000014;945.8676999999964;947.6280999999965;989.9856000000557;979.384600000014;986.9056000000728;979.384600000014;971.0433000000019;971.0433000000019;971.0433000000019;969.8111000000019;921.2220999999947;970.4272000000019;944.1072999999963;979.384600000014;
7001.999999999874;983.8256000000899;979.384600000014;945.8676999999964;947.6280999999965;989.9856000000557;979.384600000014;986.9056000000728;979.384600000014;971.0433000000019;971.0433000000019;971.0433000000019;969.8111000000019;921.2220999999947;970.4272000000019;944.1072999999963;979.384600000014;
7002.999999999874;983.8256000000899;979.384600000014;945.8676999999964;947.6280999999965;989.9856000000557;979.384600000014;986.9056000000728;979.384600000014;971.0433000000019;971.0433000000019;971.0433000000019;969.8111000000019;921.2220999999947;970.4272000000019;944.1072999999963;979.384600000014;
7003.999999999874;983.8256000000899;979.384600000014;945.8676999999964;947.6280999999965;989.9856000000557;979.384600000014;986.9056000000728;979.384600000014;971.0433000000019;971.0433000000019;971.0433000000019;969.8111000000019;921.2220999999947;970.4272000000019;944.1072999999963;979.384600000014;
7004.999999999874;983.8256000000899;979.384600000014;945.8676999999964;947.6280999999965;989.9856000000557;979.384600000014;986.9056000000728;979.384600000014;971.0433000000019;971.0433000000019;971.0433000000019;969.8111000000019;921.2220999999947;970.4272000000019;944.1072999999963;979.384600000014;
7005.999999999874;983.8256000000899;979.384600000014;945.8676999999964;947.6280999999965;989.9856000000557;979.384600000014;986.9056000000728;979.384600000014;971.0433000000019;971.0433000000019;971.0433000000019;969.8111000000019;921.2220999999947;970.4272000000019;944.1072999999963;979.384600000014;
7006.999999999874;983.8256000000899;979.384600000014;945.8676999999964;947.6280999999965;989.9856000000557;979.384600000014;986.9056000000728;979.384600000014;971.0433000000019;971.0433000000019;971.0433000000019;969.8111000000019;921.2220999999947;970.4272000000019;944.1072999999963;979.384600000014;
7007.999999999874;983.8256000000899;979.384600000014;945.8676999999964;947.6280999999965;989.9856000000557;979.384600000014;986.9056000000728;979.384600000014;971.0433000000019;971.0433000000019;971.0433000000019;969.8111000000019;921.2220999999947;970.4272000000019;944.1072999999963;979.384600000014;
7008.999999999874;983.8256000000899;979.384600000014;945.8676999999964;947.6280999999965;989.9856000000557;979.384600000014;986.9056000000728;979.384600000014;971.0433000000019;971.0433000000019;971.0433000000019;969.8111000000019;921.2220999999947;970.4272000000019;944.1072999999963;979.384600000014;
7009.999999999874;983.8256000000899;979.384600000014;945.8676999999964;947.6280999999965;989.9856000000557;979.384600000014;986.9056000000728;979.384600000014;971.0433000000019;971.0433000000019;971.0433000000019;969.8111000000019;921.2220999999947;970.4272000000019;944.1072999999963;979.384600000014;
7010.999999999874;983.8256000000899;979.384600000014;945.8676999999964;947.6280999999965;989.9856000000557;979.384600000014;986.9056000000728;979.384600000014;971.0433000000019;971.0433000000019;971.0433000000019;969.8111000000019;921.2220999999947;970.4272000000019;944.1072999999963;979.384600000014;
7011.999999999874;983.8256000000899;979.384600000014;945.8676999999964;947.6280999999965;989.9856000000557;979.384600000014;986.9056000000728;979.384600000014;971.0433000000019;971.0433000000019;971.0433000000019;969.8111000000019;921.2220999999947;970.4272000000019;944.1072999999963;979.384600000014;
7012.999999999874;983.8256000000899;979.384600000014;945.8676999999964;947.6280999999965;989.9856000000557;979.384600000014;986.9056000000728;979.384600000014;971.0433000000019;971.0433000000019;971.0433000000019;969.8111000000019;921.2220999999947;970.4272000000019;944.1072999999963;979.384600000014;
7013.999999999874;983.8256000000899;979.384600000014;945.8676999999964;947.6280999999965;989.9856000000557;979.384600000014;986.9056000000728;979.384600000014;971.0433000000019;971.0433000000019;971.0433000000019;969.8111000000019;921.2220999999947;970.4272000000019;944.1072999999963;979.384600000014;
7014.999999999874;983.8256000000899;979.384600000014;945.8676999999964;947.6280999999965;989.9856000000557;979.384600000014;986.9056000000728;979.384600000014;971.0433000000019;971.0433000000019;971.0433000000019;969.8111000000019;921.2220999999947;970.4272000000019;944.1072999999963;979.384600000014;
7015.999999999874;983.8256000000899;979.384600000014;945.8676999999964;947.6280999999965;989.9856000000557;979.384600000014;986.9056000000728;979.384600000014;971.0433000000019;971.0433000000019;971.0433000000019;969.8111000000019;921.2220999999947;970.4272000000019;944.1072999999963;979.384600000014;
7016.999999999874;983.8256000000899;979.384600000014;945.8676999999964;947.6280999999965;989.9856000000557;979.384600000014;986.9056000000728;979.384600000014;971.0433000000019;971.0433000000019;971.0433000000019;969.8111000000019;921.2220999999947;970.4272000000019;944.1072999999963;979.384600000014;
7017.999999999874;983.8256000000899;979.384600000014;945.8676999999964;947.6280999999965;989.9856000000557;979.384600000014;986.9056000000728;979.384600000014;971.0433000000019;971.0433000000019;971.0433000000019;969.8111000000019;921.2220999999947;970.4272000000019;944.1072999999963;979.384600000014;
7018.999999999874;983.8256000000899;979.384600000014;945.8676999999964;947.6280999999965;989.9856000000557;979.384600000014;986.9056000000728;979.384600000014;971.0433000000019;971.0433000000019;971.0433000000019;969.8111000000019;921.2220999999947;970.4272000000019;944.1072999999963;979.384600000014;
7019.749907277854;983.8256000000899;979.384600000014;945.8676999999964;947.6280999999965;989.9856000000557;979.384600000014;986.9056000000728;979.384600000014;971.0433000000019;971.0433000000019;971.0433000000019;969.8111000000019;921.2219999999948;970.4272000000019;944.1072999999963;979.384600000014;
7019.749907277854;983.8256000000899;979.384600000014;945.8676999999964;947.6280999999965;989.9856000000557;979.384600000014;986.9056000000728;979.384600000014;971.0433000000019;971.0433000000019;971.0433000000019;969.8111000000019;920.7819999999947;970.4272000000019;944.1072999999963;979.384600000014;
7019.7552232778535;983.8256000000899;979.384600000014;945.8676999999964;947.6280999999965;989.9768000000557;979.384600000014;986.9056000000728;979.384600000014;971.0433000000019;971.0433000000019;971.0433000000019;969.8111000000019;920.7819999999947;970.4272000000019;944.1072999999963;979.384600000014;
7019.7552232778535;983.8256000000899;979.384600000014;945.8676999999964;947.6280999999965;989.9680000000558;979.384600000014;986.9056000000728;979.384600000014;971.0433000000019;971.0433000000019;971.0433000000019;969.8111000000019;920.7819999999947;970.4272000000019;944.1072999999963;979.384600000014;
7019.760539277853;983.8256000000899;979.384600000014;945.8676999999964;947.6280999999965;989.9680000000558;979.384600000014;986.8968000000729;979.384600000014;971.0433000000019;971.0433000000019;971.0433000000019;969.8111000000019;920.7819999999947;970.4272000000019;944.1072999999963;979.384600000014;
7019.768880985207;983.8256000000899;979.384600000014;945.8676999999964;947.6280999999965;989.9680000000558;979.384500000014;986.8968000000729;979.384600000014;971.0433000000019;971.0433000000019;971.0433000000019;969.8111000000019;920.7819999999947;970.4272000000019;944.1072999999963;979.384600000014;
7019.768880985207;983.8256000000899;979.384600000014;945.8676999999964;947.6280999999965;989.9680000000558;979.296500000014;986.8968000000729;979.384600000014;971.0433000000019;971.0433000000019;971.0433000000019;969.8111000000019;920.7819999999947;970.4272000000019;944.1072999999963;979.384600000014;
7019.774196985207;983.81680000009;979.384600000014;945.8676999999964;947.6280999999965;989.9680000000558;979.296500000014;986.8968000000729;979.384600000014;971.0433000000019;971.0433000000019;971.0433000000019;969.8111000000019;920.7819999999947;970.4272000000019;944.1072999999963;979.384600000014;
7019.774196985207;983.80800000009;979.384600000014;945.8676999999964;947.6280999999965;989.9680000000558;979.296500000014;986.8968000000729;979.384600000014;971.0433000000019;971.0433000000019;971.0433000000019;969.8111000000019;920.7819999999947;970.4272000000019;944.1072999999963;979.384600000014;
7019.779512985207;983.80800000009;979.384600000014;945.8676999999964;947.6280999999965;989.9680000000558;979.296500000014;986.8880000000729;979.384600000014;971.0433000000019;971.0433000000019;971.0433000000019;969.8111000000019;920.7819999999947;970.4272000000019;944.1072999999963;979.384600000014;
7019.90469740487;983.80800000009;979.384500000014;945.8676999999964;947.6280999999965;989.9680000000558;979.296500000014;986.8880000000729;979.384600000014;971.0433000000019;971.0433000000019;971.0433000000019;969.8111000000019;920.7819999999947;970.4272000000019;944.1072999999963;979.384600000014;
7019.90469740487;983.80800000009;979.296500000014;945.8676999999964;947.6280999999965;989.9680000000558;979.296500000014;986.8880000000729;979.384600000014;971.0433000000019;971.0433000000019;971.0433000000019;969.8111000000019;920.7819999999947;970.4272000000019;944.1072999999963;979.384600000014;
7020.75521313083;983.7904000000901;979.296500000014;945.8676999999964;947.6280999999965;989.9680000000558;979.296500000014;986.8880000000729;979.296500000014;971.0433000000019;971.0433000000019;971.0433000000019;969.8111000000019;920.7819999999947;970.4272000000019;944.1072999999963;979.296500000014;
7020.999999999872;983.7816000000902;979.296500000014;945.8676999999964;947.6280999999965;989.9680000000558;979.296500000014;986.879200000073;979.296500000014;971.0433000000019;971.0433000000019;971.0433000000019;969.8111000000019;920.7819999999947;970.4272000000019;944.1072999999963;979.296500000014;
7021.774206537881;983.7816000000902;979.296500000014;945.8676999999964;947.6280999999965;989.9680000000558;979.296500000014;986.879200000073;979.296500000014;971.0433000000019;971.0433000000019;971.0433000000019;969.8111000000019;920.7819999999947;970.4272000000019;944.1072999999963;979.296500000014;
7022.774211314218;983.7728000000902;979.296500000014;945.8676999999964;947.6280999999965;989.9680000000558;979.296500000014;986.870400000073;979.296500000014;971.0433000000019;971.0433000000019;971.0433000000019;969.8111000000019;920.7819999999947;970.4272000000019;944.1072999999963;979.296500000014;
7023.999999999872;983.7728000000902;979.296500000014;945.8676999999964;947.6280999999965;989.9680000000558;979.296500000014;986.870400000073;979.296500000014;971.0433000000019;971.0433000000019;971.0433000000019;969.8111000000019;920.7819999999947;970.4272000000019;944.1072999999963;979.296500000014;
7024.999999999872;983.7728000000902;979.296500000014;945.8676999999964;947.6280999999965;989.9680000000558;979.296500000014;986.870400000073;979.296500000014;971.0433000000019;971.0433000000019;971.0433000000019;969.8111000000019;920.7819999999947;970.4272000000019;944.1072999999963;979.296500000014;
7025.999999999872;983.7728000000902;979.296500000014;945.8676999999964;947.6280999999965;989.9680000000558;979.296500000014;986.870400000073;979.296500000014;971.0433000000019;971.0433000000019;971.0433000000019;969.8111000000019;920.7819999999947;970.4272000000019;944.1072999999963;979.296500000014;
7026.999999999872;983.7728000000902;979.296500000014;945.8676999999964;947.6280999999965;989.9680000000558;979.296500000014;986.870400000073;979.296500000014;971.0433000000019;971.0433000000019;971.0433000000019;969.8111000000019;920.7819999999947;970.4272000000019;944.1072999999963;979.296500000014;
7027.999999999872;983.7728000000902;979.296500000014;945.8676999999964;947.6280999999965;989.9680000000558;979.296500000014;986.870400000073;979.296500000014;971.0433000000019;971.0433000000019;971.0433000000019;969.8111000000019;920.7819999999947;970.4272000000019;944.1072999999963;979.296500000014;
7028.999999999872;983.7728000000902;979.296500000014;945.8676999999964;947.6280999999965;989.9680000000558;979.296500000014;986.870400000073;979.296500000014;971.0433000000019;971.0433000000019;971.0433000000019;969.8111000000019;920.7819999999947;970.4272000000019;944.1072999999963;979.296500000014;
7029.999999999872;983.7728000000902;979.296500000014;945.8676999999964;947.6280999999965;989.9680000000558;979.296500000014;986.870400000073;979.296500000014;971.0433000000019;971.0433000000019;971.0433000000019;969.8111000000019;920.7819999999947;970.4272000000019;944.1072999999963;979.296500000014;
7030.999999999872;983.7728000000902;979.296500000014;945.8676999999964;947.6280999999965;989.9680000000558;979.296500000014;986.870400000073;979.296500000014;971.0433000000019;971.0433000000019;971.0433000000019;969.8111000000019;920.7819999999947;970.4272000000019;944.1072999999963;979.296500000014;
7031.999999999872;983.7728000000902;979.296500000014;945.8676999999964;947.6280999999965;989.9680000000558;979.296500000014;986.870400000073;979.296500000014;971.0433000000019;971.0433000000019;971.0433000000019;969.8111000000019;920.7819999999947;970.4272000000019;944.1072999999963;979.296500000014;
7032.999999999872;983.7728000000902;979.296500000014;945.8676999999964;947.6280999999965;989.9680000000558;979.296500000014;986.870400000073;979.296500000014;971.0433000000019;971.0433000000019;971.0433000000019;969.8111000000019;920.7819999999947;970.4272000000019;944.1072999999963;979.296500000014;
7033.999999999872;983.7728000000902;979.296500000014;945.8676999999964;947.6280999999965;989.9680000000558;979.296500000014;986.870400000073;979.296500000014;971.0433000000019;971.0433000000019;971.0433000000019;969.8111000000019;920.7819999999947;970.4272000000019;944.1072999999963;979.296500000014;
7034.999999999872;983.7728000000902;979.296500000014;945.8676999999964;947.6280999999965;989.9680000000558;979.296500000014;986.870400000073;979.296500000014;971.0433000000019;971.0433000000019;971.0433000000019;969.8111000000019;920.7819999999947;970.4272000000019;944.1072999999963;979.296500000014;
7035.999999999872;983.7728000000902;979.296500000014;945.8676999999964;947.6280999999965;989.9680000000558;979.296500000014;986.870400000073;979.296500000014;971.0433000000019;971.0433000000019;971.0433000000019;969.8111000000019;920.7819999999947;970.4272000000019;944.1072999999963;979.296500000014;
7036.999999999872;983.7728000000902;979.296500000014;945.8676999999964;947.6280999999965;989.9680000000558;979.296500000014;986.870400000073;979.296500000014;971.0433000000019;971.0433000000019;971.0433000000019;969.8111000000019;920.7819999999947;970.4272000000019;944.1072999999963;979.296500000014;
7037.999999999872;983.7728000000902;979.296500000014;945.8676999999964;947.6280999999965;989.9680000000558;979.296500000014;986.870400000073;979.296500000014;971.0433000000019;971.0433000000019;971.0433000000019;969.8111000000019;920.7819999999947;970.4272000000019;944.1072999999963;979.296500000014;
7038.999999999872;983.7728000000902;979.296500000014;945.8676999999964;947.6280999999965;989.9680000000558;979.296500000014;986.870400000073;979.296500000014;971.0433000000019;971.0433000000019;971.0433000000019;969.8111000000019;920.7819999999947;970.4272000000019;944.1072999999963;979.296500000014;
7039.999999999872;983.7728000000902;979.296500000014;945.8676999999964;947.6280999999965;989.9680000000558;979.296500000014;986.870400000073;979.296500000014;971.0433000000019;971.0433000000019;971.0433000000019;969.8111000000019;920.7819999999947;970.4272000000019;944.1072999999963;979.296500000014;
7040.999999999872;983.7728000000902;979.296500000014;945.8676999999964;947.6280999999965;989.9680000000558;979.296500000014;986.870400000073;979.296500000014;971.0433000000019;971.0433000000019;971.0433000000019;969.8111000000019;920.7819999999947;970.4272000000019;944.1072999999963;979.296500000014;
7041.999999999872;983.7728000000902;979.296500000014;945.8676999999964;947.6280999999965;989.9680000000558;979.296500000014;986.870400000073;979.296500000014;971.0433000000019;971.0433000000019;971.0433000000019;969.8111000000019;920.7819999999947;970.4272000000019;944.1072999999963;979.296500000014;
7042.999999999872;983.7728000000902;979.296500000014;945.8676999999964;947.6280999999965;989.9680000000558;979.296500000014;986.870400000073;979.296500000014;971.0433000000019;971.0433000000019;971.0433000000019;969.8111000000019;920.7819999999947;970.4272000000019;944.1072999999963;979.296500000014;
7043.999999999872;983.7728000000902;979.296500000014;945.8676999999964;947.6280999999965;989.9680000000558;979.296500000014;986.870400000073;979.296500000014;971.0433000000019;971.0433000000019;971.0433000000019;969.8111000000019;920.7819999999947;970.4272000000019;944.1072999999963;979.296500000014;
7044.999999999872;983.7728000000902;979.296500000014;945.8676999999964;947.6280999999965;989.9680000000558;979.296500000014;986.870400000073;979.296500000014;971.0433000000019;971.0433000000019;971.0433000000019;969.8111000000019;920.7819999999947;970.4272000000019;944.1072999999963;979.296500000014;
7045.999999999872;983.7728000000902;979.296500000014;945.8676999999964;947.6280999999965;989.9680000000558;979.296500000014;986.870400000073;979.296500000014;971.0433000000019;971.0433000000019;971.0433000000019;969.8111000000019;920.7819999999947;970.4272000000019;944.1072999999963;979.296500000014;
7046.999999999872;983.7728000000902;979.296500000014;945.8676999999964;947.6280999999965;989.9680000000558;979.296500000014;986.870400000073;979.296500000014;971.0433000000019;971.0433000000019;971.0433000000019;969.8111000000019;920.7819999999947;970.4272000000019;944.1072999999963;979.296500000014;
7047.999999999872;983.7728000000902;979.296500000014;945.8676999999964;947.6280999999965;989.9680000000558;979.296500000014;986.870400000073;979.296500000014;971.0433000000019;971.0433000000019;971.0433000000019;969.8111000000019;920.7819999999947;970.4272000000019;944.1072999999963;979.296500000014;
7048.999999999872;983.7728000000902;979.296500000014;945.8676999999964;947.6280999999965;989.9680000000558;979.296500000014;986.870400000073;979.296500000014;971.0433000000019;971.0433000000019;971.0433000000019;969.8111000000019;920.7819999999947;970.4272000000019;944.1072999999963;979.296500000014;
7049.748179667723;983.7728000000902;979.296500000014;945.8676999999964;947.6280999999965;989.9680000000558;979.296500000014;986.870400000073;979.296500000014;971.0433000000019;971.0433000000019;971.0433000000019;969.8111000000019;920.7818999999947;970.4272000000019;944.1072999999963;979.296500000014;
7049.748179667723;983.7728000000902;979.296500000014;945.8676999999964;947.6280999999965;989.9680000000558;979.296500000014;986.870400000073;979.296500000014;971.0433000000019;971.0433000000019;971.0433000000019;969.8111000000019;920.3418999999947;970.4272000000019;944.1072999999963;979.296500000014;
7049.751938418487;983.7728000000902;979.296500000014;945.8676999999964;947.6280999999965;989.9680000000558;979.296500000014;986.870400000073;979.296500000014;971.0432000000019;971.0433000000019;971.0433000000019;969.8111000000019;920.3418999999947;970.4272000000019;944.1072999999963;979.296500000014;
7049.751938418487;983.7728000000902;979.296500000014;945.8676999999964;947.6280999999965;989.9680000000558;979.296500000014;986.870400000073;979.296500000014;970.4272000000019;971.0433000000019;971.0433000000019;969.8111000000019;920.3418999999947;970.4272000000019;944.1072999999963;979.296500000014;
7049.753495667723;983.7728000000902;979.296500000014;945.8676999999964;947.6280999999965;989.9592000000558;979.296500000014;986.870400000073;979.296500000014;970.4272000000019;971.0433000000019;971.0433000000019;969.8111000000019;920.3418999999947;970.4272000000019;944.1072999999963;979.296500000014;
7049.753495667723;983.7728000000902;979.296500000014;945.8676999999964;947.6280999999965;989.9504000000559;979.296500000014;986.870400000073;979.296500000014;970.4272000000019;971.0433000000019;971.0433000000019;969.8111000000019;920.3418999999947;970.4272000000019;944.1072999999963;979.296500000014;
7049.757254418487;983.7640000000903;979.296500000014;945.8676999999964;947.6280999999965;989.9504000000559;979.296500000014;986.870400000073;979.296500000014;970.4272000000019;971.0433000000019;971.0433000000019;969.8111000000019;920.3418999999947;970.4272000000019;944.1072999999963;979.296500000014;
7049.757254418487;983.7552000000903;979.296500000014;945.8676999999964;947.6280999999965;989.9504000000559;979.296500000014;986.870400000073;979.296500000014;970.4272000000019;971.0433000000019;971.0433000000019;969.8111000000019;920.3418999999947;970.4272000000019;944.1072999999963;979.296500000014;
7049.7588116677225;983.7552000000903;979.296500000014;945.8676999999964;947.6280999999965;989.9504000000559;979.296500000014;986.861600000073;979.296500000014;970.4272000000019;971.0433000000019;971.0433000000019;969.8111000000019;920.3418999999947;970.4272000000019;944.1072999999963;979.296500000014;
7049.762570418487;983.7552000000903;979.296500000014;945.8676999999964;947.6280999999965;989.9504000000559;979.296500000014;986.8528000000731;979.296500000014;970.4272000000019;971.0433000000019;971.0433000000019;969.8111000000019;920.3418999999947;970.4272000000019;944.1072999999963;979.296500000014;
7049.76885372294;983.7552000000903;979.296500000014;945.8676999999964;947.6280999999965;989.9504000000559;979.296400000014;986.8528000000731;979.296500000014;970.4272000000019;971.0433000000019;971.0433000000019;969.8111000000019;920.3418999999947;970.4272000000019;944.1072999999963;979.296500000014;
7049.76885372294;983.7552000000903;979.296500000014;945.8676999999964;947.6280999999965;989.9504000000559;979.2084000000141;986.8528000000731;979.296500000014;970.4272000000019;971.0433000000019;971.0433000000019;969.8111000000019;920.3418999999947;970.4272000000019;944.1072999999963;979.296500000014;
7049.774169722939;983.7464000000904;979.296500000014;945.8676999999964;947.6280999999965;989.9504000000559;979.2084000000141;986.8528000000731;979.296500000014;970.4272000000019;971.0433000000019;971.0433000000019;969.8111000000019;920.3418999999947;970.4272000000019;944.1072999999963;979.296500000014;
7050.753485520698;983.7112000000906;979.2084000000141;945.4275999999963;947.1879999999965;989.924000000056;979.2084000000141;986.8528000000731;979.2084000000141;970.4272000000019;970.4272000000019;970.4272000000019;969.8111000000019;920.3418999999947;970.4272000000019;943.6671999999962;979.2084000000141;
7051.753475373675;983.7024000000906;979.2084000000141;945.4275999999963;947.1879999999965;989.9152000000561;979.2084000000141;986.8352000000732;979.2084000000141;970.4272000000019;970.4272000000019;970.4272000000019;969.8111000000019;920.3418999999947;970.4272000000019;943.6671999999962;979.2084000000141;
7051.999999999868;983.6936000000907;979.2084000000141;945.4275999999963;947.1879999999965;989.9064000000561;979.2084000000141;986.8176000000733;979.2084000000141;970.4272000000019;970.4272000000019;970.4272000000019;969.8111000000019;920.3418999999947;970.4272000000019;943.6671999999962;979.2084000000141;
7052.753465226653;983.6936000000907;979.2084000000141;945.4275999999963;947.1879999999965;989.9064000000561;979.2084000000141;986.8176000000733;979.2084000000141;970.4272000000019;970.4272000000019;970.4272000000019;969.8111000000019;920.3418999999947;970.4272000000019;943.6671999999962;979.2084000000141;
7053.753455079631;983.6848000000907;979.2084000000141;945.4275999999963;947.1879999999965;989.8976000000562;979.2084000000141;986.8000000000734;979.2084000000141;970.4272000000019;970.4272000000019;970.4272000000019;969.8111000000019;920.3418999999947;970.4272000000019;943.6671999999962;979.2084000000141;
7053.999999999867;983.6760000000908;979.2084000000141;945.4275999999963;947.1879999999965;989.8976000000562;979.2084000000141;986.7912000000734;979.2084000000141;970.4272000000019;970.4272000000019;970.4272000000019;969.8111000000019;920.3418999999947;970.4272000000019;943.6671999999962;979.2084000000141;
7054.757278300169;983.6760000000908;979.2084000000141;945.4275999999963;947.1879999999965;989.8976000000562;979.2084000000141;986.7912000000734;979.2084000000141;970.4272000000019;970.4272000000019;970.4272000000019;969.8111000000019;920.3418999999947;970.4272000000019;943.6671999999962;979.2084000000141;
7055.757283076506;983.6672000000908;979.2084000000141;945.4275999999963;947.1879999999965;989.8976000000562;979.2084000000141;986.7824000000735;979.2084000000141;970.4272000000019;970.4272000000019;970.4272000000019;969.8111000000019;920.3418999999947;970.4272000000019;943.6671999999962;979.2084000000141;
7055.999999999867;983.6672000000908;979.2084000000141;945.4275999999963;947.1879999999965;989.8976000000562;979.2084000000141;986.7824000000735;979.2084000000141;970.4272000000019;970.4272000000019;970.4272000000019;969.8111000000019;920.3418999999947;970.4272000000019;943.6671999999962;979.2084000000141;
7056.999999999867;983.6672000000908;979.2084000000141;945.4275999999963;947.1879999999965;989.8976000000562;979.2084000000141;986.7824000000735;979.2084000000141;970.4272000000019;970.4272000000019;970.4272000000019;969.8111000000019;920.3418999999947;970.4272000000019;943.6671999999962;979.2084000000141;
7057.999999999867;983.6672000000908;979.2084000000141;945.4275999999963;947.1879999999965;989.8976000000562;979.2084000000141;986.7824000000735;979.2084000000141;970.4272000000019;970.4272000000019;970.4272000000019;969.8111000000019;920.3418999999947;970.4272000000019;943.6671999999962;979.2084000000141;
7058.999999999867;983.6672000000908;979.2084000000141;945.4275999999963;947.1879999999965;989.8976000000562;979.2084000000141;986.7824000000735;979.2084000000141;970.4272000000019;970.4272000000019;970.4272000000019;969.8111000000019;920.3418999999947;970.4272000000019;943.6671999999962;979.2084000000141;
7059.999999999867;983.6672000000908;979.2084000000141;945.4275999999963;947.1879999999965;989.8976000000562;979.2084000000141;986.7824000000735;979.2084000000141;970.4272000000019;970.4272000000019;970.4272000000019;969.8111000000019;920.3418999999947;970.4272000000019;943.6671999999962;979.2084000000141;
7060.999999999867;983.6672000000908;979.2084000000141;945.4275999999963;947.1879999999965;989.8976000000562;979.2084000000141;986.7824000000735;979.2084000000141;970.4272000000019;970.4272000000019;970.4272000000019;969.8111000000019;920.3418999999947;970.4272000000019;943.6671999999962;979.2084000000141;
7061.999999999867;983.6672000000908;979.2084000000141;945.4275999999963;947.1879999999965;989.8976000000562;979.2084000000141;986.7824000000735;979.2084000000141;970.4272000000019;970.4272000000019;970.4272000000019;969.8111000000019;920.3418999999947;970.4272000000019;943.6671999999962;979.2084000000141;
7062.999999999867;983.6672000000908;979.2084000000141;945.4275999999963;947.1879999999965;989.8976000000562;979.2084000000141;986.7824000000735;979.2084000000141;970.4272000000019;970.4272000000019;970.4272000000019;969.8111000000019;920.3418999999947;970.4272000000019;943.6671999999962;979.2084000000141;
7063.999999999867;983.6672000000908;979.2084000000141;945.4275999999963;947.1879999999965;989.8976000000562;979.2084000000141;986.7824000000735;979.2084000000141;970.4272000000019;970.4272000000019;970.4272000000019;969.8111000000019;920.3418999999947;970.4272000000019;943.6671999999962;979.2084000000141;
7064.999999999867;983.6672000000908;979.2084000000141;945.4275999999963;947.1879999999965;989.8976000000562;979.2084000000141;986.7824000000735;979.2084000000141;970.4272000000019;970.4272000000019;970.4272000000019;969.8111000000019;920.3418999999947;970.4272000000019;943.6671999999962;979.2084000000141;
7065.999999999867;983.6672000000908;979.2084000000141;945.4275999999963;947.1879999999965;989.8976000000562;979.2084000000141;986.7824000000735;979.2084000000141;970.4272000000019;970.4272000000019;970.4272000000019;969.8111000000019;920.3418999999947;970.4272000000019;943.6671999999962;979.2084000000141;
7066.999999999867;983.6672000000908;979.2084000000141;945.4275999999963;947.1879999999965;989.8976000000562;979.2084000000141;986.7824000000735;979.2084000000141;970.4272000000019;970.4272000000019;970.4272000000019;969.8111000000019;920.3418999999947;970.4272000000019;943.6671999999962;979.2084000000141;
7067.999999999867;983.6672000000908;979.2084000000141;945.4275999999963;947.1879999999965;989.8976000000562;979.2084000000141;986.7824000000735;979.2084000000141;970.4272000000019;970.4272000000019;970.4272000000019;969.8111000000019;920.3418999999947;970.4272000000019;943.6671999999962;979.2084000000141;
7068.999999999867;983.6672000000908;979.2084000000141;945.4275999999963;947.1879999999965;989.8976000000562;979.2084000000141;986.7824000000735;979.2084000000141;970.4272000000019;970.4272000000019;970.4272000000019;969.8111000000019;920.3418999999947;970.4272000000019;943.6671999999962;979.2084000000141;
7069.999999999867;983.6672000000908;979.2084000000141;945.4275999999963;947.1879999999965;989.8976000000562;979.2084000000141;986.7824000000735;979.2084000000141;970.4272000000019;970.4272000000019;970.4272000000019;969.8111000000019;920.3418999999947;970.4272000000019;943.6671999999962;979.2084000000141;
7070.999999999867;983.6672000000908;979.2084000000141;945.4275999999963;947.1879999999965;989.8976000000562;979.2084000000141;986.7824000000735;979.2084000000141;970.4272000000019;970.4272000000019;970.4272000000019;969.8111000000019;920.3418999999947;970.4272000000019;943.6671999999962;979.2084000000141;
7071.999999999867;983.6672000000908;979.2084000000141;945.4275999999963;947.1879999999965;989.8976000000562;979.2084000000141;986.7824000000735;979.2084000000141;970.4272000000019;970.4272000000019;970.4272000000019;969.8111000000019;920.3418999999947;970.4272000000019;943.6671999999962;979.2084000000141;
7072.999999999867;983.6672000000908;979.2084000000141;945.4275999999963;947.1879999999965;989.8976000000562;979.2084000000141;986.7824000000735;979.2084000000141;970.4272000000019;970.4272000000019;970.4272000000019;969.8111000000019;920.3418999999947;970.4272000000019;943.6671999999962;979.2084000000141;
7073.999999999867;983.6672000000908;979.2084000000141;945.4275999999963;947.1879999999965;989.8976000000562;979.2084000000141;986.7824000000735;979.2084000000141;970.4272000000019;970.4272000000019;970.4272000000019;969.8111000000019;920.3418999999947;970.4272000000019;943.6671999999962;979.2084000000141;
7074.999999999867;983.6672000000908;979.2084000000141;945.4275999999963;947.1879999999965;989.8976000000562;979.2084000000141;986.7824000000735;979.2084000000141;970.4272000000019;970.4272000000019;970.4272000000019;969.8111000000019;920.3418999999947;970.4272000000019;943.6671999999962;979.2084000000141;
7075.999999999867;983.6672000000908;979.2084000000141;945.4275999999963;947.1879999999965;989.8976000000562;979.2084000000141;986.7824000000735;979.2084000000141;970.4272000000019;970.4272000000019;970.4272000000019;969.8111000000019;920.3418999999947;970.4272000000019;943.6671999999962;979.2084000000141;
7076.999999999867;983.6672000000908;979.2084000000141;945.4275999999963;947.1879999999965;989.8976000000562;979.2084000000141;986.7824000000735;979.2084000000141;970.4272000000019;970.4272000000019;970.4272000000019;969.8111000000019;920.3418999999947;970.4272000000019;943.6671999999962;979.2084000000141;
7077.999999999867;983.6672000000908;979.2084000000141;945.4275999999963;947.1879999999965;989.8976000000562;979.2084000000141;986.7824000000735;979.2084000000141;970.4272000000019;970.4272000000019;970.4272000000019;969.8111000000019;920.3418999999947;970.4272000000019;943.6671999999962;979.2084000000141;
7078.999999999867;983.6672000000908;979.2084000000141;945.4275999999963;947.1879999999965;989.8976000000562;979.2084000000141;986.7824000000735;979.2084000000141;970.4272000000019;970.4272000000019;970.4272000000019;969.8111000000019;920.3418999999947;970.4272000000019;943.6671999999962;979.2084000000141;
7079.768826460669;983.6672000000908;979.2084000000141;945.4275999999963;947.1879999999965;989.8976000000562;979.2083000000141;986.7824000000735;979.2084000000141;970.4272000000019;970.4272000000019;970.4272000000019;969.8111000000019;920.3418999999947;970.4272000000019;943.6671999999962;979.2084000000141;
7079.768826460669;983.6672000000908;979.2084000000141;945.4275999999963;947.1879999999965;989.8976000000562;979.1203000000141;986.7824000000735;979.2084000000141;970.4272000000019;970.4272000000019;970.4272000000019;969.8111000000019;920.3418999999947;970.4272000000019;943.6671999999962;979.2084000000141;
7079.774142460668;983.6584000000909;979.2084000000141;945.4275999999963;947.1879999999965;989.8976000000562;979.1203000000141;986.7824000000735;979.2084000000141;970.4272000000019;970.4272000000019;970.4272000000019;969.8111000000019;920.3418999999947;970.4272000000019;943.6671999999962;979.2084000000141;
7079.774142460668;983.6496000000909;979.2084000000141;945.4275999999963;947.1879999999965;989.8976000000562;979.1203000000141;986.7824000000735;979.2084000000141;970.4272000000019;970.4272000000019;970.4272000000019;969.8111000000019;920.3418999999947;970.4272000000019;943.6671999999962;979.2084000000141;
7079.779458460668;983.6496000000909;979.2084000000141;945.4275999999963;947.1879999999965;989.8976000000562;979.1203000000141;986.7736000000735;979.2084000000141;970.4272000000019;970.4272000000019;970.4272000000019;969.8111000000019;920.3418999999947;970.4272000000019;943.6671999999962;979.2084000000141;
7079.901664197327;983.6496000000909;979.2083000000141;945.4275999999963;947.1879999999965;989.8976000000562;979.1203000000141;986.7736000000735;979.2084000000141;970.4272000000019;970.4272000000019;970.4272000000019;969.8111000000019;920.3418999999947;970.4272000000019;943.6671999999962;979.2084000000141;
7079.901664197327;983.6496000000909;979.1203000000141;945.4275999999963;947.1879999999965;989.8976000000562;979.1203000000141;986.7736000000735;979.2084000000141;970.4272000000019;970.4272000000019;970.4272000000019;969.8111000000019;920.3418999999947;970.4272000000019;943.6671999999962;979.2084000000141;
7079.906980197326;983.640800000091;979.1203000000141;945.4275999999963;947.1879999999965;989.8976000000562;979.1203000000141;986.7736000000735;979.2084000000141;970.4272000000019;970.4272000000019;970.4272000000019;969.8111000000019;920.3418999999947;970.4272000000019;943.6671999999962;979.2084000000141;
7079.943292071028;983.640800000091;979.1203000000141;945.4275999999963;947.1879999999965;989.8976000000562;979.1203000000141;986.7736000000735;979.2083000000141;970.4272000000019;970.4272000000019;970.4272000000019;969.8111000000019;920.3418999999947;970.4272000000019;943.6671999999962;979.2084000000141;
7079.943292071028;983.640800000091;979.1203000000141;945.4275999999963;947.1879999999965;989.8976000000562;979.1203000000141;986.7736000000735;979.1203000000141;970.4272000000019;970.4272000000019;970.4272000000019;969.8111000000019;920.3418999999947;970.4272000000019;943.6671999999962;979.2084000000141;
7079.948608071028;983.632000000091;979.1203000000141;945.4275999999963;947.1879999999965;989.8976000000562;979.1203000000141;986.7736000000735;979.1203000000141;970.4272000000019;970.4272000000019;970.4272000000019;969.8111000000019;920.3418999999947;970.4272000000019;943.6671999999962;979.2084000000141;
7080.774147237005;983.632000000091;979.1203000000141;945.4275999999963;947.1879999999965;989.8976000000562;979.1203000000141;986.7736000000735;979.1203000000141;970.4272000000019;970.4272000000019;970.4272000000019;969.8111000000019;920.3418999999947;970.4272000000019;943.6671999999962;979.1203000000141;
7081.774152013342;983.6232000000911;979.1203000000141;945.4275999999963;947.1879999999965;989.8976000000562;979.1203000000141;986.7648000000736;979.1203000000141;970.4272000000019;970.4272000000019;970.4272000000019;969.8111000000019;920.3418999999947;970.4272000000019;943.6671999999962;979.1203000000141;
7081.999999999866;983.6144000000911;979.1203000000141;945.4275999999963;947.1879999999965;989.8976000000562;979.1203000000141;986.7560000000736;979.1203000000141;970.4272000000019;970.4272000000019;970.4272000000019;969.8111000000019;920.3418999999947;970.4272000000019;943.6671999999962;979.1203000000141;
7082.774156789679;983.6144000000911;979.1203000000141;945.4275999999963;947.1879999999965;989.8976000000562;979.1203000000141;986.7560000000736;979.1203000000141;970.4272000000019;970.4272000000019;970.4272000000019;969.8111000000019;920.3418999999947;970.4272000000019;943.6671999999962;979.1203000000141;
7083.999999999866;983.6144000000911;979.1203000000141;945.4275999999963;947.1879999999965;989.8976000000562;979.1203000000141;986.7560000000736;979.1203000000141;970.4272000000019;970.4272000000019;970.4272000000019;969.8111000000019;920.3418999999947;970.4272000000019;943.6671999999962;979.1203000000141;
7084.999999999866;983.6144000000911;979.1203000000141;945.4275999999963;947.1879999999965;989.8976000000562;979.1203000000141;986.7560000000736;979.1203000000141;970.4272000000019;970.4272000000019;970.4272000000019;969.8111000000019;920.3418999999947;970.4272000000019;943.6671999999962;979.1203000000141;
7085.999999999866;983.6144000000911;979.1203000000141;945.4275999999963;947.1879999999965;989.8976000000562;979.1203000000141;986.7560000000736;979.1203000000141;970.4272000000019;970.4272000000019;970.4272000000019;969.8111000000019;920.3418999999947;970.4272000000019;943.6671999999962;979.1203000000141;
7086.999999999866;983.6144000000911;979.1203000000141;945.4275999999963;947.1879999999965;989.8976000000562;979.1203000000141;986.7560000000736;979.1203000000141;970.4272000000019;970.4272000000019;970.4272000000019;969.8111000000019;920.3418999999947;970.4272000000019;943.6671999999962;979.1203000000141;
7087.999999999866;983.6144000000911;979.1203000000141;945.4275999999963;947.1879999999965;989.8976000000562;979.1203000000141;986.7560000000736;979.1203000000141;970.4272000000019;970.4272000000019;970.4272000000019;969.8111000000019;920.3418999999947;970.4272000000019;943.6671999999962;979.1203000000141;
7088.999999999866;983.6144000000911;979.1203000000141;945.4275999999963;947.1879999999965;989.8976000000562;979.1203000000141;986.7560000000736;979.1203000000141;970.4272000000019;970.4272000000019;970.4272000000019;969.8111000000019;920.3418999999947;970.4272000000019;943.6671999999962;979.1203000000141;
7089.999999999866;983.6144000000911;979.1203000000141;945.4275999999963;947.1879999999965;989.8976000000562;979.1203000000141;986.7560000000736;979.1203000000141;970.4272000000019;970.4272000000019;970.4272000000019;969.8111000000019;920.3418999999947;970.4272000000019;943.6671999999962;979.1203000000141;
7090.999999999866;983.6144000000911;979.1203000000141;945.4275999999963;947.1879999999965;989.8976000000562;979.1203000000141;986.7560000000736;979.1203000000141;970.4272000000019;970.4272000000019;970.4272000000019;969.8111000000019;920.3418999999947;970.4272000000019;943.6671999999962;979.1203000000141;
7091.999999999866;983.6144000000911;979.1203000000141;945.4275999999963;947.1879999999965;989.8976000000562;979.1203000000141;986.7560000000736;979.1203000000141;970.4272000000019;970.4272000000019;970.4272000000019;969.8111000000019;920.3418999999947;970.4272000000019;943.6671999999962;979.1203000000141;
7092.999999999866;983.6144000000911;979.1203000000141;945.4275999999963;947.1879999999965;989.8976000000562;979.1203000000141;986.7560000000736;979.1203000000141;970.4272000000019;970.4272000000019;970.4272000000019;969.8111000000019;920.3418999999947;970.4272000000019;943.6671999999962;979.1203000000141;
7093.999999999866;983.6144000000911;979.1203000000141;945.4275999999963;947.1879999999965;989.8976000000562;979.1203000000141;986.7560000000736;979.1203000000141;970.4272000000019;970.4272000000019;970.4272000000019;969.8111000000019;920.3418999999947;970.4272000000019;943.6671999999962;979.1203000000141;
7094.999999999866;983.6144000000911;979.1203000000141;945.4275999999963;947.1879999999965;989.8976000000562;979.1203000000141;986.7560000000736;979.1203000000141;970.4272000000019;970.4272000000019;970.4272000000019;969.8111000000019;920.3418999999947;970.4272000000019;943.6671999999962;979.1203000000141;
7095.999999999866;983.6144000000911;979.1203000000141;945.4275999999963;947.1879999999965;989.8976000000562;979.1203000000141;986.7560000000736;979.1203000000141;970.4272000000019;970.4272000000019;970.4272000000019;969.8111000000019;920.3418999999947;970.4272000000019;943.6671999999962;979.1203000000141;
7096.999999999866;983.6144000000911;979.1203000000141;945.4275999999963;947.1879999999965;989.8976000000562;979.1203000000141;986.7560000000736;979.1203000000141;970.4272000000019;970.4272000000019;970.4272000000019;969.8111000000019;920.3418999999947;970.4272000000019;943.6671999999962;979.1203000000141;
7097.999999999866;983.6144000000911;979.1203000000141;945.4275999999963;947.1879999999965;989.8976000000562;979.1203000000141;986.7560000000736;979.1203000000141;970.4272000000019;970.4272000000019;970.4272000000019;969.8111000000019;920.3418999999947;970.4272000000019;943.6671999999962;979.1203000000141;
7098.999999999866;983.6144000000911;979.1203000000141;945.4275999999963;947.1879999999965;989.8976000000562;979.1203000000141;986.7560000000736;979.1203000000141;970.4272000000019;970.4272000000019;970.4272000000019;969.8111000000019;920.3418999999947;970.4272000000019;943.6671999999962;979.1203000000141;
7099.999999999866;983.6144000000911;979.1203000000141;945.4275999999963;947.1879999999965;989.8976000000562;979.1203000000141;986.7560000000736;979.1203000000141;970.4272000000019;970.4272000000019;970.4272000000019;969.8111000000019;920.3418999999947;970.4272000000019;943.6671999999962;979.1203000000141;
7100.999999999866;983.6144000000911;979.1203000000141;945.4275999999963;947.1879999999965;989.8976000000562;979.1203000000141;986.7560000000736;979.1203000000141;970.4272000000019;970.4272000000019;970.4272000000019;969.8111000000019;920.3418999999947;970.4272000000019;943.6671999999962;979.1203000000141;
7101.999999999866;983.6144000000911;979.1203000000141;945.4275999999963;947.1879999999965;989.8976000000562;979.1203000000141;986.7560000000736;979.1203000000141;970.4272000000019;970.4272000000019;970.4272000000019;969.8111000000019;920.3418999999947;970.4272000000019;943.6671999999962;979.1203000000141;
7102.999999999866;983.6144000000911;979.1203000000141;945.4275999999963;947.1879999999965;989.8976000000562;979.1203000000141;986.7560000000736;979.1203000000141;970.4272000000019;970.4272000000019;970.4272000000019;969.8111000000019;920.3418999999947;970.4272000000019;943.6671999999962;979.1203000000141;
7103.999999999866;983.6144000000911;979.1203000000141;945.4275999999963;947.1879999999965;989.8976000000562;979.1203000000141;986.7560000000736;979.1203000000141;970.4272000000019;970.4272000000019;970.4272000000019;969.8111000000019;920.3418999999947;970.4272000000019;943.6671999999962;979.1203000000141;
7104.999999999866;983.6144000000911;979.1203000000141;945.4275999999963;947.1879999999965;989.8976000000562;979.1203000000141;986.7560000000736;979.1203000000141;970.4272000000019;970.4272000000019;970.4272000000019;969.8111000000019;920.3418999999947;970.4272000000019;943.6671999999962;979.1203000000141;
7105.999999999866;983.6144000000911;979.1203000000141;945.4275999999963;947.1879999999965;989.8976000000562;979.1203000000141;986.7560000000736;979.1203000000141;970.4272000000019;970.4272000000019;970.4272000000019;969.8111000000019;920.3418999999947;970.4272000000019;943.6671999999962;979.1203000000141;
7106.999999999866;983.6144000000911;979.1203000000141;945.4275999999963;947.1879999999965;989.8976000000562;979.1203000000141;986.7560000000736;979.1203000000141;970.4272000000019;970.4272000000019;970.4272000000019;969.8111000000019;920.3418999999947;970.4272000000019;943.6671999999962;979.1203000000141;
7107.999999999866;983.6144000000911;979.1203000000141;945.4275999999963;947.1879999999965;989.8976000000562;979.1203000000141;986.7560000000736;979.1203000000141;970.4272000000019;970.4272000000019;970.4272000000019;969.8111000000019;920.3418999999947;970.4272000000019;943.6671999999962;979.1203000000141;
7108.999999999866;983.6144000000911;979.1203000000141;945.4275999999963;947.1879999999965;989.8976000000562;979.1203000000141;986.7560000000736;979.1203000000141;970.4272000000019;970.4272000000019;970.4272000000019;969.8111000000019;920.3418999999947;970.4272000000019;943.6671999999962;979.1203000000141;
7109.744724447459;983.6144000000911;979.1203000000141;945.4275999999963;947.1879999999965;989.8976000000562;979.1203000000141;986.7560000000736;979.1203000000141;970.4272000000019;970.4272000000019;970.4272000000019;969.8111000000019;920.3417999999947;970.4272000000019;943.6671999999962;979.1203000000141;
7109.744724447459;983.6144000000911;979.1203000000141;945.4275999999963;947.1879999999965;989.8976000000562;979.1203000000141;986.7560000000736;979.1203000000141;970.4272000000019;970.4272000000019;970.4272000000019;969.8111000000019;919.9017999999946;970.4272000000019;943.6671999999962;979.1203000000141;
7109.750040447459;983.6144000000911;979.1203000000141;945.4275999999963;947.1879999999965;989.8888000000562;979.1203000000141;986.7560000000736;979.1203000000141;970.4272000000019;970.4272000000019;970.4272000000019;969.8111000000019;919.9017999999946;970.4272000000019;943.6671999999962;979.1203000000141;
7109.750040447459;983.6144000000911;979.1203000000141;945.4275999999963;947.1879999999965;989.8800000000563;979.1203000000141;986.7560000000736;979.1203000000141;970.4272000000019;970.4272000000019;970.4272000000019;969.8111000000019;919.9017999999946;970.4272000000019;943.6671999999962;979.1203000000141;
7109.755356447458;983.6144000000911;979.1203000000141;945.4275999999963;947.1879999999965;989.8800000000563;979.1203000000141;986.7472000000737;979.1203000000141;970.4272000000019;970.4272000000019;970.4272000000019;969.8111000000019;919.9017999999946;970.4272000000019;943.6671999999962;979.1203000000141;
7109.7687991984;983.6144000000911;979.1203000000141;945.4275999999963;947.1879999999965;989.8800000000563;979.1202000000142;986.7472000000737;979.1203000000141;970.4272000000019;970.4272000000019;970.4272000000019;969.8111000000019;919.9017999999946;970.4272000000019;943.6671999999962;979.1203000000141;
7109.7687991984;983.6144000000911;979.1203000000141;945.4275999999963;947.1879999999965;989.8800000000563;979.0322000000142;986.7472000000737;979.1203000000141;970.4272000000019;970.4272000000019;970.4272000000019;969.8111000000019;919.9017999999946;970.4272000000019;943.6671999999962;979.1203000000141;
7109.7741151984;983.6056000000912;979.1203000000141;945.4275999999963;947.1879999999965;989.8800000000563;979.0322000000142;986.7472000000737;979.1203000000141;970.4272000000019;970.4272000000019;970.4272000000019;969.8111000000019;919.9017999999946;970.4272000000019;943.6671999999962;979.1203000000141;
7109.7741151984;983.5968000000912;979.1203000000141;945.4275999999963;947.1879999999965;989.8800000000563;979.0322000000142;986.7472000000737;979.1203000000141;970.4272000000019;970.4272000000019;970.4272000000019;969.8111000000019;919.9017999999946;970.4272000000019;943.6671999999962;979.1203000000141;
7109.7794311984;983.5968000000912;979.1203000000141;945.4275999999963;947.1879999999965;989.8800000000563;979.0322000000142;986.7384000000737;979.1203000000141;970.4272000000019;970.4272000000019;970.4272000000019;969.8111000000019;919.9017999999946;970.4272000000019;943.6671999999962;979.1203000000141;
7109.8043342033425;983.5968000000912;979.1203000000141;945.4274999999964;947.1879999999965;989.8800000000563;979.0322000000142;986.7384000000737;979.1203000000141;970.4272000000019;970.4272000000019;970.4272000000019;969.8111000000019;919.9017999999946;970.4272000000019;943.6671999999962;979.1203000000141;
7109.8043342033425;983.5968000000912;979.1203000000141;944.9874999999963;947.1879999999965;989.8800000000563;979.0322000000142;986.7384000000737;979.1203000000141;970.4272000000019;970.4272000000019;970.4272000000019;969.8111000000019;919.9017999999946;970.4272000000019;943.6671999999962;979.1203000000141;
7109.900147593556;983.5880000000913;979.1202000000142;944.9874999999963;947.1879999999965;989.8800000000563;979.0322000000142;986.7384000000737;979.1203000000141;970.4272000000019;970.4272000000019;970.4272000000019;969.8111000000019;919.9017999999946;970.4272000000019;943.6671999999962;979.1203000000141;
7110.750030300435;983.5704000000914;979.0322000000142;944.9874999999963;946.7478999999964;989.8624000000564;979.0322000000142;986.7384000000737;979.0322000000142;970.4272000000019;970.4272000000019;970.4272000000019;969.8111000000019;919.9017999999946;970.4272000000019;943.2270999999962;979.0322000000142;
7111.750020153413;983.5616000000914;979.0322000000142;944.9874999999963;946.7478999999964;989.8536000000564;979.0322000000142;986.7208000000738;979.0322000000142;970.4272000000019;970.4272000000019;970.4272000000019;969.8111000000019;919.9017999999946;970.4272000000019;943.2270999999962;979.0322000000142;
7111.9999999998645;983.5528000000915;979.0322000000142;944.9874999999963;946.7478999999964;989.8448000000565;979.0322000000142;986.7032000000739;979.0322000000142;970.4272000000019;970.4272000000019;970.4272000000019;969.8111000000019;919.9017999999946;970.4272000000019;943.2270999999962;979.0322000000142;
7112.750010006391;983.5528000000915;979.0322000000142;944.9874999999963;946.7478999999964;989.8448000000565;979.0322000000142;986.7032000000739;979.0322000000142;970.4272000000019;970.4272000000019;970.4272000000019;969.8111000000019;919.9017999999946;970.4272000000019;943.2270999999962;979.0322000000142;
7113.774134303748;983.5440000000915;979.0322000000142;944.9874999999963;946.7478999999964;989.8448000000565;979.0322000000142;986.694400000074;979.0322000000142;970.4272000000019;970.4272000000019;970.4272000000019;969.8111000000019;919.9017999999946;970.4272000000019;943.2270999999962;979.0322000000142;
7114.999999999864;983.5440000000915;979.0322000000142;944.9874999999963;946.7478999999964;989.8448000000565;979.0322000000142;986.694400000074;979.0322000000142;970.4272000000019;970.4272000000019;970.4272000000019;969.8111000000019;919.9017999999946;970.4272000000019;943.2270999999962;979.0322000000142;
7115.999999999864;983.5440000000915;979.0322000000142;944.9874999999963;946.7478999999964;989.8448000000565;979.0322000000142;986.694400000074;979.0322000000142;970.4272000000019;970.4272000000019;970.4272000000019;969.8111000000019;919.9017999999946;970.4272000000019;943.2270999999962;979.0322000000142;
7116.999999999864;983.5440000000915;979.0322000000142;944.9874999999963;946.7478999999964;989.8448000000565;979.0322000000142;986.694400000074;979.0322000000142;970.4272000000019;970.4272000000019;970.4272000000019;969.8111000000019;919.9017999999946;970.4272000000019;943.2270999999962;979.0322000000142;
7117.999999999864;983.5440000000915;979.0322000000142;944.9874999999963;946.7478999999964;989.8448000000565;979.0322000000142;986.694400000074;979.0322000000142;970.4272000000019;970.4272000000019;970.4272000000019;969.8111000000019;919.9017999999946;970.4272000000019;943.2270999999962;979.0322000000142;
7118.999999999864;983.5440000000915;979.0322000000142;944.9874999999963;946.7478999999964;989.8448000000565;979.0322000000142;986.694400000074;979.0322000000142;970.4272000000019;970.4272000000019;970.4272000000019;969.8111000000019;919.9017999999946;970.4272000000019;943.2270999999962;979.0322000000142;
7119.999999999864;983.5440000000915;979.0322000000142;944.9874999999963;946.7478999999964;989.8448000000565;979.0322000000142;986.694400000074;979.0322000000142;970.4272000000019;970.4272000000019;970.4272000000019;969.8111000000019;919.9017999999946;970.4272000000019;943.2270999999962;979.0322000000142;
7120.999999999864;983.5440000000915;979.0322000000142;944.9874999999963;946.7478999999964;989.8448000000565;979.0322000000142;986.694400000074;979.0322000000142;970.4272000000019;970.4272000000019;970.4272000000019;969.8111000000019;919.9017999999946;970.4272000000019;943.2270999999962;979.0322000000142;
7121.999999999864;983.5440000000915;979.0322000000142;944.9874999999963;946.7478999999964;989.8448000000565;979.0322000000142;986.694400000074;979.0322000000142;970.4272000000019;970.4272000000019;970.4272000000019;969.8111000000019;919.9017999999946;970.4272000000019;943.2270999999962;979.0322000000142;
7122.999999999864;983.5440000000915;979.0322000000142;944.9874999999963;946.7478999999964;989.8448000000565;979.0322000000142;986.694400000074;979.0322000000142;970.4272000000019;970.4272000000019;970.4272000000019;969.8111000000019;919.9017999999946;970.4272000000019;943.2270999999962;979.0322000000142;
7123.999999999864;983.5440000000915;979.0322000000142;944.9874999999963;946.7478999999964;989.8448000000565;979.0322000000142;986.694400000074;979.0322000000142;970.4272000000019;970.4272000000019;970.4272000000019;969.8111000000019;919.9017999999946;970.4272000000019;943.2270999999962;979.0322000000142;
7124.9911352933495;983.5440000000915;979.0322000000142;944.9874999999963;946.7478999999964;989.8448000000565;979.0322000000142;986.694400000074;979.0322000000142;970.4272000000019;970.4272000000019;970.4272000000019;969.8111000000019;919.9017999999946;970.4271000000019;943.2270999999962;979.0322000000142;
7124.9911352933495;983.5440000000915;979.0322000000142;944.9874999999963;946.7478999999964;989.8448000000565;979.0322000000142;986.694400000074;979.0322000000142;970.4272000000019;970.4272000000019;970.4272000000019;969.8111000000019;919.9017999999946;969.8111000000019;943.2270999999962;979.0322000000142;
7124.996451293349;983.5440000000915;979.0322000000142;944.9874999999963;946.7478999999964;989.8360000000565;979.0322000000142;986.694400000074;979.0322000000142;970.4272000000019;970.4272000000019;970.4272000000019;969.8111000000019;919.9017999999946;969.8111000000019;943.2270999999962;979.0322000000142;
7124.996451293349;983.5440000000915;979.0322000000142;944.9874999999963;946.7478999999964;989.8272000000566;979.0322000000142;986.694400000074;979.0322000000142;970.4272000000019;970.4272000000019;970.4272000000019;969.8111000000019;919.9017999999946;969.8111000000019;943.2270999999962;979.0322000000142;
7124.999999999864;983.5440000000915;979.0322000000142;944.9874999999963;946.7478999999964;989.8272000000566;979.0322000000142;986.694400000074;979.0322000000142;970.4272000000019;970.4272000000019;970.4272000000019;969.8111000000019;919.9017999999946;969.8111000000019;943.2270999999962;979.0322000000142;
7125.001767293349;983.5440000000915;979.0322000000142;944.9874999999963;946.7478999999964;989.8272000000566;979.0322000000142;986.685600000074;979.0322000000142;970.4272000000019;970.4272000000019;970.4272000000019;969.8111000000019;919.9017999999946;969.8111000000019;943.2270999999962;979.0322000000142;
7125.996441146327;983.5440000000915;979.0322000000142;944.9874999999963;946.7478999999964;989.8184000000566;979.0322000000142;986.685600000074;979.0322000000142;970.4272000000019;970.4272000000019;970.4272000000019;969.195000000002;919.9017999999946;969.8111000000019;943.2270999999962;979.0322000000142;
7125.999999999863;983.5440000000915;979.0322000000142;944.9874999999963;946.7478999999964;989.8096000000567;979.0322000000142;986.685600000074;979.0322000000142;970.4272000000019;970.4272000000019;970.4272000000019;969.195000000002;919.9017999999946;969.8111000000019;943.2270999999962;979.0322000000142;
7126.996430999305;983.5440000000915;979.0322000000142;944.9874999999963;946.7478999999964;989.8096000000567;979.0322000000142;986.6768000000741;979.0322000000142;970.4272000000019;970.4272000000019;970.4272000000019;969.195000000002;919.9017999999946;969.8111000000019;943.2270999999962;979.0322000000142;
7127.999999999863;983.5440000000915;979.0322000000142;944.9874999999963;946.7478999999964;989.8096000000567;979.0322000000142;986.6768000000741;979.0322000000142;970.4272000000019;970.4272000000019;970.4272000000019;969.195000000002;919.9017999999946;969.8111000000019;943.2270999999962;979.0322000000142;
7128.999999999863;983.5440000000915;979.0322000000142;944.9874999999963;946.7478999999964;989.8096000000567;979.0322000000142;986.6768000000741;979.0322000000142;970.4272000000019;970.4272000000019;970.4272000000019;969.195000000002;919.9017999999946;969.8111000000019;943.2270999999962;979.0322000000142;
7129.999999999863;983.5440000000915;979.0322000000142;944.9874999999963;946.7478999999964;989.8096000000567;979.0322000000142;986.6768000000741;979.0322000000142;970.4272000000019;970.4272000000019;970.4272000000019;969.195000000002;919.9017999999946;969.8111000000019;943.2270999999962;979.0322000000142;
7130.999999999863;983.5440000000915;979.0322000000142;944.9874999999963;946.7478999999964;989.8096000000567;979.0322000000142;986.6768000000741;979.0322000000142;970.4272000000019;970.4272000000019;970.4272000000019;969.195000000002;919.9017999999946;969.8111000000019;943.2270999999962;979.0322000000142;
7131.999999999863;983.5440000000915;979.0322000000142;944.9874999999963;946.7478999999964;989.8096000000567;979.0322000000142;986.6768000000741;979.0322000000142;970.4272000000019;970.4272000000019;970.4272000000019;969.195000000002;919.9017999999946;969.8111000000019;943.2270999999962;979.0322000000142;
7132.999999999863;983.5440000000915;979.0322000000142;944.9874999999963;946.7478999999964;989.8096000000567;979.0322000000142;986.6768000000741;979.0322000000142;970.4272000000019;970.4272000000019;970.4272000000019;969.195000000002;919.9017999999946;969.8111000000019;943.2270999999962;979.0322000000142;
7133.999999999863;983.5440000000915;979.0322000000142;944.9874999999963;946.7478999999964;989.8096000000567;979.0322000000142;986.6768000000741;979.0322000000142;970.4272000000019;970.4272000000019;970.4272000000019;969.195000000002;919.9017999999946;969.8111000000019;943.2270999999962;979.0322000000142;
7134.999999999863;983.5440000000915;979.0322000000142;944.9874999999963;946.7478999999964;989.8096000000567;979.0322000000142;986.6768000000741;979.0322000000142;970.4272000000019;970.4272000000019;970.4272000000019;969.195000000002;919.9017999999946;969.8111000000019;943.2270999999962;979.0322000000142;
7135.999999999863;983.5440000000915;979.0322000000142;944.9874999999963;946.7478999999964;989.8096000000567;979.0322000000142;986.6768000000741;979.0322000000142;970.4272000000019;970.4272000000019;970.4272000000019;969.195000000002;919.9017999999946;969.8111000000019;943.2270999999962;979.0322000000142;
7136.999999999863;983.5440000000915;979.0322000000142;944.9874999999963;946.7478999999964;989.8096000000567;979.0322000000142;986.6768000000741;979.0322000000142;970.4272000000019;970.4272000000019;970.4272000000019;969.195000000002;919.9017999999946;969.8111000000019;943.2270999999962;979.0322000000142;
7137.999999999863;983.5440000000915;979.0322000000142;944.9874999999963;946.7478999999964;989.8096000000567;979.0322000000142;986.6768000000741;979.0322000000142;970.4272000000019;970.4272000000019;970.4272000000019;969.195000000002;919.9017999999946;969.8111000000019;943.2270999999962;979.0322000000142;
7138.999999999863;983.5440000000915;979.0322000000142;944.9874999999963;946.7478999999964;989.8096000000567;979.0322000000142;986.6768000000741;979.0322000000142;970.4272000000019;970.4272000000019;970.4272000000019;969.195000000002;919.9017999999946;969.8111000000019;943.2270999999962;979.0322000000142;
7139.742996837326;983.5440000000915;979.0322000000142;944.9874999999963;946.7478999999964;989.8096000000567;979.0322000000142;986.6768000000741;979.0322000000142;970.4272000000019;970.4272000000019;970.4272000000019;969.195000000002;919.9016999999947;969.8111000000019;943.2270999999962;979.0322000000142;
7139.742996837326;983.5440000000915;979.0322000000142;944.9874999999963;946.7478999999964;989.8096000000567;979.0322000000142;986.6768000000741;979.0322000000142;970.4272000000019;970.4272000000019;970.4272000000019;969.195000000002;919.4616999999946;969.8111000000019;943.2270999999962;979.0322000000142;
7139.748312837326;983.5440000000915;979.0322000000142;944.9874999999963;946.7478999999964;989.8008000000567;979.0322000000142;986.6768000000741;979.0322000000142;970.4272000000019;970.4272000000019;970.4272000000019;969.195000000002;919.4616999999946;969.8111000000019;943.2270999999962;979.0322000000142;
7139.748312837326;983.5440000000915;979.0322000000142;944.9874999999963;946.7478999999964;989.7920000000568;979.0322000000142;986.6768000000741;979.0322000000142;970.4272000000019;970.4272000000019;970.4272000000019;969.195000000002;919.4616999999946;969.8111000000019;943.2270999999962;979.0322000000142;
7139.753628837326;983.5440000000915;979.0322000000142;944.9874999999963;946.7478999999964;989.7920000000568;979.0322000000142;986.6680000000741;979.0322000000142;970.4272000000019;970.4272000000019;970.4272000000019;969.195000000002;919.4616999999946;969.8111000000019;943.2270999999962;979.0322000000142;
7139.76877193613;983.5440000000915;979.0322000000142;944.9874999999963;946.7478999999964;989.7920000000568;979.0321000000142;986.6680000000741;979.0322000000142;970.4272000000019;970.4272000000019;970.4272000000019;969.195000000002;919.4616999999946;969.8111000000019;943.2270999999962;979.0322000000142;
7139.99999999986;983.5088000000917;978.9441000000143;944.9874999999963;946.3077999999964;989.7832000000568;978.9441000000143;986.6592000000742;978.9441000000143;970.4272000000019;970.4272000000019;970.4272000000019;969.195000000002;919.4616999999946;969.8111000000019;943.2270999999962;979.0322000000142;
7140.748302690302;983.5088000000917;978.9441000000143;944.9874999999963;946.3077999999964;989.7832000000568;978.9441000000143;986.6592000000742;978.9441000000143;970.4272000000019;970.4272000000019;970.4272000000019;969.195000000002;919.4616999999946;969.8111000000019;943.2270999999962;978.9441000000143;
7141.74829254328;983.5000000000917;978.9441000000143;944.9874999999963;946.3077999999964;989.7744000000569;978.9441000000143;986.6416000000743;978.9441000000143;970.4272000000019;970.4272000000019;970.4272000000019;969.195000000002;919.4616999999946;969.8111000000019;943.2270999999962;978.9441000000143;
7142.77410226514;983.4912000000918;978.9441000000143;944.9874999999963;946.3077999999964;989.7744000000569;978.9441000000143;986.6328000000743;978.9441000000143;970.4272000000019;970.4272000000019;970.4272000000019;969.195000000002;919.4616999999946;969.8111000000019;943.2270999999962;978.9441000000143;
7142.99999999986;983.4912000000918;978.9441000000143;944.9874999999963;946.3077999999964;989.7744000000569;978.9441000000143;986.6328000000743;978.9441000000143;970.4272000000019;970.4272000000019;970.4272000000019;969.195000000002;919.4616999999946;969.8111000000019;943.2270999999962;978.9441000000143;
7143.99999999986;983.4912000000918;978.9441000000143;944.9874999999963;946.3077999999964;989.7744000000569;978.9441000000143;986.6328000000743;978.9441000000143;970.4272000000019;970.4272000000019;970.4272000000019;969.195000000002;919.4616999999946;969.8111000000019;943.2270999999962;978.9441000000143;
7144.99999999986;983.4912000000918;978.9441000000143;944.9874999999963;946.3077999999964;989.7744000000569;978.9441000000143;986.6328000000743;978.9441000000143;970.4272000000019;970.4272000000019;970.4272000000019;969.195000000002;919.4616999999946;969.8111000000019;943.2270999999962;978.9441000000143;
7145.99999999986;983.4912000000918;978.9441000000143;944.9874999999963;946.3077999999964;989.7744000000569;978.9441000000143;986.6328000000743;978.9441000000143;970.4272000000019;970.4272000000019;970.4272000000019;969.195000000002;919.4616999999946;969.8111000000019;943.2270999999962;978.9441000000143;
7146.99999999986;983.4912000000918;978.9441000000143;944.9874999999963;946.3077999999964;989.7744000000569;978.9441000000143;986.6328000000743;978.9441000000143;970.4272000000019;970.4272000000019;970.4272000000019;969.195000000002;919.4616999999946;969.8111000000019;943.2270999999962;978.9441000000143;
7147.99999999986;983.4912000000918;978.9441000000143;944.9874999999963;946.3077999999964;989.7744000000569;978.9441000000143;986.6328000000743;978.9441000000143;970.4272000000019;970.4272000000019;970.4272000000019;969.195000000002;919.4616999999946;969.8111000000019;943.2270999999962;978.9441000000143;
7148.99999999986;983.4912000000918;978.9441000000143;944.9874999999963;946.3077999999964;989.7744000000569;978.9441000000143;986.6328000000743;978.9441000000143;970.4272000000019;970.4272000000019;970.4272000000019;969.195000000002;919.4616999999946;969.8111000000019;943.2270999999962;978.9441000000143;
7149.99999999986;983.4912000000918;978.9441000000143;944.9874999999963;946.3077999999964;989.7744000000569;978.9441000000143;986.6328000000743;978.9441000000143;970.4272000000019;970.4272000000019;970.4272000000019;969.195000000002;919.4616999999946;969.8111000000019;943.2270999999962;978.9441000000143;
7150.99999999986;983.4912000000918;978.9441000000143;944.9874999999963;946.3077999999964;989.7744000000569;978.9441000000143;986.6328000000743;978.9441000000143;970.4272000000019;970.4272000000019;970.4272000000019;969.195000000002;919.4616999999946;969.8111000000019;943.2270999999962;978.9441000000143;
7151.99999999986;983.4912000000918;978.9441000000143;944.9874999999963;946.3077999999964;989.7744000000569;978.9441000000143;986.6328000000743;978.9441000000143;970.4272000000019;970.4272000000019;970.4272000000019;969.195000000002;919.4616999999946;969.8111000000019;943.2270999999962;978.9441000000143;
7152.99999999986;983.4912000000918;978.9441000000143;944.9874999999963;946.3077999999964;989.7744000000569;978.9441000000143;986.6328000000743;978.9441000000143;970.4272000000019;970.4272000000019;970.4272000000019;969.195000000002;919.4616999999946;969.8111000000019;943.2270999999962;978.9441000000143;
7153.99999999986;983.4912000000918;978.9441000000143;944.9874999999963;946.3077999999964;989.7744000000569;978.9441000000143;986.6328000000743;978.9441000000143;970.4272000000019;970.4272000000019;970.4272000000019;969.195000000002;919.4616999999946;969.8111000000019;943.2270999999962;978.9441000000143;
7154.99999999986;983.4912000000918;978.9441000000143;944.9874999999963;946.3077999999964;989.7744000000569;978.9441000000143;986.6328000000743;978.9441000000143;970.4272000000019;970.4272000000019;970.4272000000019;969.195000000002;919.4616999999946;969.8111000000019;943.2270999999962;978.9441000000143;
7155.99999999986;983.4912000000918;978.9441000000143;944.9874999999963;946.3077999999964;989.7744000000569;978.9441000000143;986.6328000000743;978.9441000000143;970.4272000000019;970.4272000000019;970.4272000000019;969.195000000002;919.4616999999946;969.8111000000019;943.2270999999962;978.9441000000143;
7156.99999999986;983.4912000000918;978.9441000000143;944.9874999999963;946.3077999999964;989.7744000000569;978.9441000000143;986.6328000000743;978.9441000000143;970.4272000000019;970.4272000000019;970.4272000000019;969.195000000002;919.4616999999946;969.8111000000019;943.2270999999962;978.9441000000143;
7157.99999999986;983.4912000000918;978.9441000000143;944.9874999999963;946.3077999999964;989.7744000000569;978.9441000000143;986.6328000000743;978.9441000000143;970.4272000000019;970.4272000000019;970.4272000000019;969.195000000002;919.4616999999946;969.8111000000019;943.2270999999962;978.9441000000143;
7158.99999999986;983.4912000000918;978.9441000000143;944.9874999999963;946.3077999999964;989.7744000000569;978.9441000000143;986.6328000000743;978.9441000000143;970.4272000000019;970.4272000000019;970.4272000000019;969.195000000002;919.4616999999946;969.8111000000019;943.2270999999962;978.9441000000143;
7159.99999999986;983.4912000000918;978.9441000000143;944.9874999999963;946.3077999999964;989.7744000000569;978.9441000000143;986.6328000000743;978.9441000000143;970.4272000000019;970.4272000000019;970.4272000000019;969.195000000002;919.4616999999946;969.8111000000019;943.2270999999962;978.9441000000143;
7160.99999999986;983.4912000000918;978.9441000000143;944.9874999999963;946.3077999999964;989.7744000000569;978.9441000000143;986.6328000000743;978.9441000000143;970.4272000000019;970.4272000000019;970.4272000000019;969.195000000002;919.4616999999946;969.8111000000019;943.2270999999962;978.9441000000143;
7161.99999999986;983.4912000000918;978.9441000000143;944.9874999999963;946.3077999999964;989.7744000000569;978.9441000000143;986.6328000000743;978.9441000000143;970.4272000000019;970.4272000000019;970.4272000000019;969.195000000002;919.4616999999946;969.8111000000019;943.2270999999962;978.9441000000143;
7162.99999999986;983.4912000000918;978.9441000000143;944.9874999999963;946.3077999999964;989.7744000000569;978.9441000000143;986.6328000000743;978.9441000000143;970.4272000000019;970.4272000000019;970.4272000000019;969.195000000002;919.4616999999946;969.8111000000019;943.2270999999962;978.9441000000143;
7163.99999999986;983.4912000000918;978.9441000000143;944.9874999999963;946.3077999999964;989.7744000000569;978.9441000000143;986.6328000000743;978.9441000000143;970.4272000000019;970.4272000000019;970.4272000000019;969.195000000002;919.4616999999946;969.8111000000019;943.2270999999962;978.9441000000143;
7164.99999999986;983.4912000000918;978.9441000000143;944.9874999999963;946.3077999999964;989.7744000000569;978.9441000000143;986.6328000000743;978.9441000000143;970.4272000000019;970.4272000000019;970.4272000000019;969.195000000002;919.4616999999946;969.8111000000019;943.2270999999962;978.9441000000143;
7165.99999999986;983.4912000000918;978.9441000000143;944.9874999999963;946.3077999999964;989.7744000000569;978.9441000000143;986.6328000000743;978.9441000000143;970.4272000000019;970.4272000000019;970.4272000000019;969.195000000002;919.4616999999946;969.8111000000019;943.2270999999962;978.9441000000143;
7166.99999999986;983.4912000000918;978.9441000000143;944.9874999999963;946.3077999999964;989.7744000000569;978.9441000000143;986.6328000000743;978.9441000000143;970.4272000000019;970.4272000000019;970.4272000000019;969.195000000002;919.4616999999946;969.8111000000019;943.2270999999962;978.9441000000143;
7167.99999999986;983.4912000000918;978.9441000000143;944.9874999999963;946.3077999999964;989.7744000000569;978.9441000000143;986.6328000000743;978.9441000000143;970.4272000000019;970.4272000000019;970.4272000000019;969.195000000002;919.4616999999946;969.8111000000019;943.2270999999962;978.9441000000143;
7168.99999999986;983.4912000000918;978.9441000000143;944.9874999999963;946.3077999999964;989.7744000000569;978.9441000000143;986.6328000000743;978.9441000000143;970.4272000000019;970.4272000000019;970.4272000000019;969.195000000002;919.4616999999946;969.8111000000019;943.2270999999962;978.9441000000143;
7169.741269227195;983.4912000000918;978.9441000000143;944.9874999999963;946.3077999999964;989.7744000000569;978.9441000000143;986.6328000000743;978.9441000000143;970.4272000000019;970.4272000000019;970.4272000000019;969.195000000002;919.4615999999946;969.8111000000019;943.2270999999962;978.9441000000143;
7169.741269227195;983.4912000000918;978.9441000000143;944.9874999999963;946.3077999999964;989.7744000000569;978.9441000000143;986.6328000000743;978.9441000000143;970.4272000000019;970.4272000000019;970.4272000000019;969.195000000002;919.0215999999946;969.8111000000019;943.2270999999962;978.9441000000143;
7169.746585227194;983.4912000000918;978.9441000000143;944.9874999999963;946.3077999999964;989.7656000000569;978.9441000000143;986.6328000000743;978.9441000000143;970.4272000000019;970.4272000000019;970.4272000000019;969.195000000002;919.0215999999946;969.8111000000019;943.2270999999962;978.9441000000143;
7169.746585227194;983.4912000000918;978.9441000000143;944.9874999999963;946.3077999999964;989.756800000057;978.9441000000143;986.6328000000743;978.9441000000143;970.4272000000019;970.4272000000019;970.4272000000019;969.195000000002;919.0215999999946;969.8111000000019;943.2270999999962;978.9441000000143;
7169.751901227194;983.4912000000918;978.9441000000143;944.9874999999963;946.3077999999964;989.756800000057;978.9441000000143;986.6240000000744;978.9441000000143;970.4272000000019;970.4272000000019;970.4272000000019;969.195000000002;919.0215999999946;969.8111000000019;943.2270999999962;978.9441000000143;
7169.768744673862;983.4912000000918;978.9441000000143;944.9874999999963;946.3077999999964;989.756800000057;978.9440000000143;986.6240000000744;978.9441000000143;970.4272000000019;970.4272000000019;970.4272000000019;969.195000000002;919.0215999999946;969.8111000000019;943.2270999999962;978.9441000000143;
7169.768744673862;983.4912000000918;978.9441000000143;944.9874999999963;946.3077999999964;989.756800000057;978.8560000000143;986.6240000000744;978.9441000000143;970.4272000000019;970.4272000000019;970.4272000000019;969.195000000002;919.0215999999946;969.8111000000019;943.2270999999962;978.9441000000143;
7169.774060673862;983.4824000000918;978.9441000000143;944.9874999999963;946.3077999999964;989.756800000057;978.8560000000143;986.6240000000744;978.9441000000143;970.4272000000019;970.4272000000019;970.4272000000019;969.195000000002;919.0215999999946;969.8111000000019;943.2270999999962;978.9441000000143;
7169.774060673862;983.4736000000919;978.9441000000143;944.9874999999963;946.3077999999964;989.756800000057;978.8560000000143;986.6240000000744;978.9441000000143;970.4272000000019;970.4272000000019;970.4272000000019;969.195000000002;919.0215999999946;969.8111000000019;943.2270999999962;978.9441000000143;
7169.779376673861;983.4736000000919;978.9441000000143;944.9874999999963;946.3077999999964;989.756800000057;978.8560000000143;986.6152000000744;978.9441000000143;970.4272000000019;970.4272000000019;970.4272000000019;969.195000000002;919.0215999999946;969.8111000000019;943.2270999999962;978.9441000000143;
7169.804341637483;983.4736000000919;978.9441000000143;944.9873999999963;946.3077999999964;989.756800000057;978.8560000000143;986.6152000000744;978.9441000000143;970.4272000000019;970.4272000000019;970.4272000000019;969.195000000002;919.0215999999946;969.8111000000019;943.2270999999962;978.9441000000143;
7169.804341637483;983.4736000000919;978.9441000000143;944.5473999999963;946.3077999999964;989.756800000057;978.8560000000143;986.6152000000744;978.9441000000143;970.4272000000019;970.4272000000019;970.4272000000019;969.195000000002;919.0215999999946;969.8111000000019;943.2270999999962;978.9441000000143;
7170.246851264959;983.447200000092;978.8560000000143;944.5473999999963;946.3077999999964;989.756800000057;978.8560000000143;986.6152000000744;978.8560000000143;970.4272000000019;970.4272000000019;970.4272000000019;969.195000000002;919.0215999999946;969.8111000000019;943.2269999999962;978.8560000000143;
7170.999999999858;983.4384000000921;978.8560000000143;944.5473999999963;946.3077999999964;989.739200000057;978.8560000000143;986.5976000000745;978.8560000000143;970.4272000000019;970.4272000000019;970.4272000000019;969.195000000002;919.0215999999946;969.8111000000019;942.7869999999962;978.8560000000143;
7171.746564933149;983.4384000000921;978.8560000000143;944.5473999999963;946.3077999999964;989.739200000057;978.8560000000143;986.5976000000745;978.8560000000143;970.4272000000019;970.4272000000019;970.4272000000019;969.195000000002;919.0215999999946;969.8111000000019;942.7869999999962;978.8560000000143;
7172.774075002872;983.4296000000921;978.8560000000143;944.5473999999963;946.3077999999964;989.739200000057;978.8560000000143;986.5888000000746;978.8560000000143;970.4272000000019;970.4272000000019;970.4272000000019;969.195000000002;919.0215999999946;969.8111000000019;942.7869999999962;978.8560000000143;
7172.999999999858;983.4208000000922;978.8560000000143;944.5473999999963;946.3077999999964;989.739200000057;978.8560000000143;986.5800000000746;978.8560000000143;970.4272000000019;970.4272000000019;970.4272000000019;969.195000000002;919.0215999999946;969.8111000000019;942.7869999999962;978.8560000000143;
7173.774079779209;983.4208000000922;978.8560000000143;944.5473999999963;946.3077999999964;989.739200000057;978.8560000000143;986.5800000000746;978.8560000000143;970.4272000000019;970.4272000000019;970.4272000000019;969.195000000002;919.0215999999946;969.8111000000019;942.7869999999962;978.8560000000143;
7174.999999999858;983.4208000000922;978.8560000000143;944.5473999999963;946.3077999999964;989.739200000057;978.8560000000143;986.5800000000746;978.8560000000143;970.4272000000019;970.4272000000019;970.4272000000019;969.195000000002;919.0215999999946;969.8111000000019;942.7869999999962;978.8560000000143;
7175.999999999858;983.4208000000922;978.8560000000143;944.5473999999963;946.3077999999964;989.739200000057;978.8560000000143;986.5800000000746;978.8560000000143;970.4272000000019;970.4272000000019;970.4272000000019;969.195000000002;919.0215999999946;969.8111000000019;942.7869999999962;978.8560000000143;
7176.999999999858;983.4208000000922;978.8560000000143;944.5473999999963;946.3077999999964;989.739200000057;978.8560000000143;986.5800000000746;978.8560000000143;970.4272000000019;970.4272000000019;970.4272000000019;969.195000000002;919.0215999999946;969.8111000000019;942.7869999999962;978.8560000000143;
7177.999999999858;983.4208000000922;978.8560000000143;944.5473999999963;946.3077999999964;989.739200000057;978.8560000000143;986.5800000000746;978.8560000000143;970.4272000000019;970.4272000000019;970.4272000000019;969.195000000002;919.0215999999946;969.8111000000019;942.7869999999962;978.8560000000143;
7178.999999999858;983.4208000000922;978.8560000000143;944.5473999999963;946.3077999999964;989.739200000057;978.8560000000143;986.5800000000746;978.8560000000143;970.4272000000019;970.4272000000019;970.4272000000019;969.195000000002;919.0215999999946;969.8111000000019;942.7869999999962;978.8560000000143;
7179.999999999858;983.4208000000922;978.8560000000143;944.5473999999963;946.3077999999964;989.739200000057;978.8560000000143;986.5800000000746;978.8560000000143;970.4272000000019;970.4272000000019;970.4272000000019;969.195000000002;919.0215999999946;969.8111000000019;942.7869999999962;978.8560000000143;
7180.999999999858;983.4208000000922;978.8560000000143;944.5473999999963;946.3077999999964;989.739200000057;978.8560000000143;986.5800000000746;978.8560000000143;970.4272000000019;970.4272000000019;970.4272000000019;969.195000000002;919.0215999999946;969.8111000000019;942.7869999999962;978.8560000000143;
7181.999999999858;983.4208000000922;978.8560000000143;944.5473999999963;946.3077999999964;989.739200000057;978.8560000000143;986.5800000000746;978.8560000000143;970.4272000000019;970.4272000000019;970.4272000000019;969.195000000002;919.0215999999946;969.8111000000019;942.7869999999962;978.8560000000143;
7182.999999999858;983.4208000000922;978.8560000000143;944.5473999999963;946.3077999999964;989.739200000057;978.8560000000143;986.5800000000746;978.8560000000143;970.4272000000019;970.4272000000019;970.4272000000019;969.195000000002;919.0215999999946;969.8111000000019;942.7869999999962;978.8560000000143;
7183.999999999858;983.4208000000922;978.8560000000143;944.5473999999963;946.3077999999964;989.739200000057;978.8560000000143;986.5800000000746;978.8560000000143;970.4272000000019;970.4272000000019;970.4272000000019;969.195000000002;919.0215999999946;969.8111000000019;942.7869999999962;978.8560000000143;
7184.999999999858;983.4208000000922;978.8560000000143;944.5473999999963;946.3077999999964;989.739200000057;978.8560000000143;986.5800000000746;978.8560000000143;970.4272000000019;970.4272000000019;970.4272000000019;969.195000000002;919.0215999999946;969.8111000000019;942.7869999999962;978.8560000000143;
7185.999999999858;983.4208000000922;978.8560000000143;944.5473999999963;946.3077999999964;989.739200000057;978.8560000000143;986.5800000000746;978.8560000000143;970.4272000000019;970.4272000000019;970.4272000000019;969.195000000002;919.0215999999946;969.8111000000019;942.7869999999962;978.8560000000143;
7186.999999999858;983.4208000000922;978.8560000000143;944.5473999999963;946.3077999999964;989.739200000057;978.8560000000143;986.5800000000746;978.8560000000143;970.4272000000019;970.4272000000019;970.4272000000019;969.195000000002;919.0215999999946;969.8111000000019;942.7869999999962;978.8560000000143;
7187.999999999858;983.4208000000922;978.8560000000143;944.5473999999963;946.3077999999964;989.739200000057;978.8560000000143;986.5800000000746;978.8560000000143;970.4272000000019;970.4272000000019;970.4272000000019;969.195000000002;919.0215999999946;969.8111000000019;942.7869999999962;978.8560000000143;
7188.999999999858;983.4208000000922;978.8560000000143;944.5473999999963;946.3077999999964;989.739200000057;978.8560000000143;986.5800000000746;978.8560000000143;970.4272000000019;970.4272000000019;970.4272000000019;969.195000000002;919.0215999999946;969.8111000000019;942.7869999999962;978.8560000000143;
7189.999999999858;983.4208000000922;978.8560000000143;944.5473999999963;946.3077999999964;989.739200000057;978.8560000000143;986.5800000000746;978.8560000000143;970.4272000000019;970.4272000000019;970.4272000000019;969.195000000002;919.0215999999946;969.8111000000019;942.7869999999962;978.8560000000143;
7190.999999999858;983.4208000000922;978.8560000000143;944.5473999999963;946.3077999999964;989.739200000057;978.8560000000143;986.5800000000746;978.8560000000143;970.4272000000019;970.4272000000019;970.4272000000019;969.195000000002;919.0215999999946;969.8111000000019;942.7869999999962;978.8560000000143;
7191.999999999858;983.4208000000922;978.8560000000143;944.5473999999963;946.3077999999964;989.739200000057;978.8560000000143;986.5800000000746;978.8560000000143;970.4272000000019;970.4272000000019;970.4272000000019;969.195000000002;919.0215999999946;969.8111000000019;942.7869999999962;978.8560000000143;
7192.999999999858;983.4208000000922;978.8560000000143;944.5473999999963;946.3077999999964;989.739200000057;978.8560000000143;986.5800000000746;978.8560000000143;970.4272000000019;970.4272000000019;970.4272000000019;969.195000000002;919.0215999999946;969.8111000000019;942.7869999999962;978.8560000000143;
7193.999999999858;983.4208000000922;978.8560000000143;944.5473999999963;946.3077999999964;989.739200000057;978.8560000000143;986.5800000000746;978.8560000000143;970.4272000000019;970.4272000000019;970.4272000000019;969.195000000002;919.0215999999946;969.8111000000019;942.7869999999962;978.8560000000143;
7194.999999999858;983.4208000000922;978.8560000000143;944.5473999999963;946.3077999999964;989.739200000057;978.8560000000143;986.5800000000746;978.8560000000143;970.4272000000019;970.4272000000019;970.4272000000019;969.195000000002;919.0215999999946;969.8111000000019;942.7869999999962;978.8560000000143;
7195.999999999858;983.4208000000922;978.8560000000143;944.5473999999963;946.3077999999964;989.739200000057;978.8560000000143;986.5800000000746;978.8560000000143;970.4272000000019;970.4272000000019;970.4272000000019;969.195000000002;919.0215999999946;969.8111000000019;942.7869999999962;978.8560000000143;
7196.999999999858;983.4208000000922;978.8560000000143;944.5473999999963;946.3077999999964;989.739200000057;978.8560000000143;986.5800000000746;978.8560000000143;970.4272000000019;970.4272000000019;970.4272000000019;969.195000000002;919.0215999999946;969.8111000000019;942.7869999999962;978.8560000000143;
7197.999999999858;983.4208000000922;978.8560000000143;944.5473999999963;946.3077999999964;989.739200000057;978.8560000000143;986.5800000000746;978.8560000000143;970.4272000000019;970.4272000000019;970.4272000000019;969.195000000002;919.0215999999946;969.8111000000019;942.7869999999962;978.8560000000143;
7198.999999999858;983.4208000000922;978.8560000000143;944.5473999999963;946.3077999999964;989.739200000057;978.8560000000143;986.5800000000746;978.8560000000143;970.4272000000019;970.4272000000019;970.4272000000019;969.195000000002;919.0215999999946;969.8111000000019;942.7869999999962;978.8560000000143;
7199.739541617064;983.4208000000922;978.8560000000143;944.5473999999963;946.3077999999964;989.739200000057;978.8560000000143;986.5800000000746;978.8560000000143;970.4272000000019;970.4272000000019;970.4272000000019;969.195000000002;919.0214999999946;969.8111000000019;942.7869999999962;978.8560000000143;
7199.739541617064;983.4208000000922;978.8560000000143;944.5473999999963;946.3077999999964;989.739200000057;978.8560000000143;986.5800000000746;978.8560000000143;970.4272000000019;970.4272000000019;970.4272000000019;969.195000000002;918.5814999999945;969.8111000000019;942.7869999999962;978.8560000000143;
7199.7440413289505;983.4208000000922;978.8560000000143;944.5473999999963;946.3077999999964;989.739200000057;978.8560000000143;986.5800000000746;978.8560000000143;970.4271000000019;970.4272000000019;970.4272000000019;969.195000000002;918.5814999999945;969.8111000000019;942.7869999999962;978.8560000000143;
7199.7440413289505;983.4208000000922;978.8560000000143;944.5473999999963;946.3077999999964;989.739200000057;978.8560000000143;986.5800000000746;978.8560000000143;969.8111000000019;970.4272000000019;970.4272000000019;969.195000000002;918.5814999999945;969.8111000000019;942.7869999999962;978.8560000000143;
7199.744857617065;983.4208000000922;978.8560000000143;944.5473999999963;946.3077999999964;989.7304000000571;978.8560000000143;986.5800000000746;978.8560000000143;969.8111000000019;970.4272000000019;970.4272000000019;969.195000000002;918.5814999999945;969.8111000000019;942.7869999999962;978.8560000000143;
7199.744857617065;983.4208000000922;978.8560000000143;944.5473999999963;946.3077999999964;989.7216000000572;978.8560000000143;986.5800000000746;978.8560000000143;969.8111000000019;970.4272000000019;970.4272000000019;969.195000000002;918.5814999999945;969.8111000000019;942.7869999999962;978.8560000000143;
7199.749357328951;983.4120000000922;978.8560000000143;944.5473999999963;946.3077999999964;989.7216000000572;978.8560000000143;986.5800000000746;978.8560000000143;969.8111000000019;970.4272000000019;970.4272000000019;969.195000000002;918.5814999999945;969.8111000000019;942.7869999999962;978.8560000000143;
7199.749357328951;983.4032000000923;978.8560000000143;944.5473999999963;946.3077999999964;989.7216000000572;978.8560000000143;986.5800000000746;978.8560000000143;969.8111000000019;970.4272000000019;970.4272000000019;969.195000000002;918.5814999999945;969.8111000000019;942.7869999999962;978.8560000000143;
7199.750173617065;983.4032000000923;978.8560000000143;944.5473999999963;946.3077999999964;989.7216000000572;978.8560000000143;986.5712000000747;978.8560000000143;969.8111000000019;970.4272000000019;970.4272000000019;969.195000000002;918.5814999999945;969.8111000000019;942.7869999999962;978.8560000000143;
7199.754673328952;983.4032000000923;978.8560000000143;944.5473999999963;946.3077999999964;989.7216000000572;978.8560000000143;986.5624000000747;978.8560000000143;969.8111000000019;970.4272000000019;970.4272000000019;969.195000000002;918.5814999999945;969.8111000000019;942.7869999999962;978.8560000000143;
7199.768717411595;983.4032000000923;978.8560000000143;944.5473999999963;946.3077999999964;989.7216000000572;978.8559000000143;986.5624000000747;978.8560000000143;969.8111000000019;970.4272000000019;970.4272000000019;969.195000000002;918.5814999999945;969.8111000000019;942.7869999999962;978.8560000000143;
7199.768717411595;983.4032000000923;978.8560000000143;944.5473999999963;946.3077999999964;989.7216000000572;978.7679000000144;986.5624000000747;978.8560000000143;969.8111000000019;970.4272000000019;970.4272000000019;969.195000000002;918.5814999999945;969.8111000000019;942.7869999999962;978.8560000000143;
